[ER, ET, CPRT, GRT]  O.F.1  IT_1 IT_Force Force_Exp Force_FEMU 
    1297.657       548.382      1.02550      211.200      6.120490e-03       7.823351e-02       2.950434e-01      326.355      230.066
    6540.652       851.854      1.02550      211.200      4.979023e-03       7.055804e-02       2.421933e+00      326.355     1116.765
  -22156.987     -9363.413      4.98137      211.200      4.979023e-03       7.055804e-02       2.421933e+00      326.355     1116.765
    2124.846      4420.879      0.20829      211.200      3.163434e-03       5.624440e-02       1.003895e-01      326.355      359.117
    1297.657       548.382      1.02550     2730.272      1.422251e-02       1.192581e-01       2.676889e-01      326.355      238.993
    1951.020      1088.356      1.01605      551.126      7.206364e-03       8.489030e-02       8.192205e-02      326.355      353.091
    1787.279       947.968      1.01767       21.127      1.001131e-02       1.000565e-01       6.099992e-02      326.355      306.447
    4200.973      2343.469      0.39444      211.200      2.237624e-04       1.495405e-02       1.177980e+00      326.355      710.794
    -313.530      -344.472      1.01605      211.200      2.237624e-04       1.495405e-02       1.177980e+00      326.355      710.794
    1936.423      2127.528      0.39444      211.200      2.025312e-04       1.423134e-02       8.192606e-03      326.355      329.029
    1936.423      2127.528      0.39444     1118.606      4.987531e-04       2.233278e-02       1.365066e-02      326.355      330.810
     383.376       112.081      1.74130      575.813      4.987531e-04       2.233278e-02       1.365066e-02      326.355      330.810
    1719.154       935.163      0.90468      467.893      2.163927e-03       4.651803e-02       6.446290e-02      326.355      305.317
    2976.965      2262.723      0.39444      211.200      2.064493e-04       1.436731e-02       5.459088e-01      326.355      504.515
    1184.531      1301.432      0.66976      211.200      2.476624e-05       4.975217e-03       3.669204e-01      326.355      206.609
    1936.423      2127.528      0.39444      575.813      2.920191e-04       1.708857e-02       1.181710e-02      326.355      330.211
    2053.081      3186.840      0.27919      211.200      1.355313e-03       3.681457e-02       6.493160e-02      326.355      347.546
    1763.457      1049.328      0.79647      371.137      4.174329e-04       2.043117e-02       5.429704e-02      326.355      308.635
    1954.524      1520.284      0.59698      326.952      1.175315e-06       1.084076e-03       3.054614e-02      326.355      336.324
    2092.930      1608.221      0.63468       47.080      6.367252e-05       7.979455e-03       9.120563e-02      326.355      356.120
     539.374       624.714      0.78732      155.335      6.590573e-04       2.567115e-02       7.035569e-01      326.355       96.746
    2413.303      2010.126      0.47528      196.428      2.387348e-05       4.885367e-03       2.581778e-01      326.355      410.612
    1632.394      1106.352      0.85097      148.956      8.991570e-04       2.998592e-02       1.269770e-01      326.355      284.915
    1958.168      1899.722      0.48613      194.619      1.552433e-05       3.940086e-03       2.331574e-02      326.355      333.964
    1691.899      1847.207      0.48068      549.735      7.325512e-05       8.558851e-03       1.097855e-01      326.355      290.526
    1996.635      1668.618      0.59330      120.925      1.235292e-06       1.111343e-03       4.573257e-02      326.355      341.280
    2866.832      1909.133      0.40437      195.668      1.666495e-04       1.290836e-02       4.884797e-01      326.355      485.773
    1652.946      1596.761      0.60197      207.261      3.360703e-07       5.783060e-04       1.277691e-01      326.355      284.657
    1342.003      1265.812      0.67452      215.979      2.127073e-05       4.611138e-03       2.853773e-01      326.355      233.221
    1624.958      1482.653      0.61928      211.004      9.728639e-07       9.853213e-04       1.416324e-01      326.355      280.132
    1567.949      1221.689      0.74203      226.462      1.221394e-04       1.105155e-02       1.631463e-01      326.355      273.111
    1891.928      1738.709      0.54191      202.353      7.826858e-07       8.846918e-04       7.865884e-03      326.355      323.788
    1580.734      1509.444      0.58550      384.973      8.378879e-06       2.894172e-03       1.626894e-01      326.355      273.260
    1888.856      1629.601      0.59139      172.953      8.460186e-08       2.908536e-04       7.767617e-03      326.355      323.820
    1578.784      1687.463      0.58040      101.436      1.709841e-06       1.306481e-03       1.717176e-01      326.355      270.314
    1860.767      1570.337      0.59243      258.504      2.676522e-07       5.173137e-04       1.966708e-02      326.355      319.936
    2021.905      1783.403      0.54625      207.339      5.292141e-07       7.272240e-04       5.994803e-02      326.355      345.919
    1812.231      1554.055      0.62536      218.663      1.059849e-06       1.029397e-03       4.358845e-02      326.355      312.130
    1875.860      1694.174      0.56208      206.371      1.578237e-07       3.972424e-04       1.490451e-02      326.355      321.491
    1612.052      1457.860      0.63032      213.051      1.961817e-06       1.399871e-03       1.475915e-01      326.355      278.188
    1921.947      1705.552      0.56623      208.759      1.040316e-07       3.225257e-04       9.335715e-03      326.355      329.402
    2115.354      1672.553      0.55281      213.888      2.468144e-07       4.956224e-04       1.082990e-01      326.355      361.699
    2040.419      1787.110      0.54527      149.274      1.239871e-06       1.113291e-03       6.737026e-02      326.355      348.342
    1906.217      1624.057      0.58009      228.394      6.598284e-08       2.568702e-04       2.348885e-03      326.355      327.121
    1676.151      1625.955      0.59596      193.600      1.825694e-07       4.256896e-04       1.165247e-01      326.355      288.326
    1788.020      1648.519      0.58550      198.577      7.392610e-08       2.712491e-04       5.916446e-02      326.355      307.046
    1875.410      1610.769      0.59988      197.018      1.045671e-07       3.233411e-04       1.328489e-02      326.355      322.019
    1876.182      1631.734      0.59025      199.336      5.415720e-08       2.326786e-04       1.335972e-02      326.355      321.995
    1805.746      1562.144      0.60816      190.124      2.320266e-07       4.814395e-04       4.926024e-02      326.355      310.279
    1893.683      1669.905      0.57643      204.019      5.262609e-08       2.293985e-04       4.907989e-03      326.355      324.753
    1843.396      1658.826      0.57486      244.998      1.948285e-07       4.412933e-04       2.978186e-02      326.355      316.635
    1877.514      1636.907      0.58721      189.788      4.895749e-08       2.212240e-04       1.320834e-02      326.355      322.044
    1989.233      1628.179      0.58141      211.815      2.568680e-08       1.596431e-04       4.481992e-02      326.355      340.982
    2090.076      1611.158      0.57927      218.594      1.633934e-08       1.240999e-04       9.687983e-02      326.355      357.972
    1962.869      1654.753      0.58649      178.734      5.829162e-08       2.412438e-04       3.050412e-02      326.355      336.310
    1948.648      1647.059      0.58490      190.577      3.791907e-08       1.945868e-04       2.346163e-02      326.355      334.012
    2028.061      1650.830      0.57357      201.816      3.565870e-08       1.877435e-04       6.411662e-02      326.355      347.280
    2079.561      1603.336      0.58635      196.075      1.946998e-08       1.365274e-04       9.111752e-02      326.355      356.092
    2195.895      1610.285      0.57454      213.834      1.711307e-08       1.217852e-04       1.510440e-01      326.355      375.649
    2246.795      1581.277      0.57156      225.105      1.951101e-08       1.279333e-04       1.773156e-01      326.355      384.223
    2279.442      1549.609      0.58267      225.027      6.433916e-09       5.138787e-05       1.947615e-01      326.355      389.916
    2406.560      1492.641      0.58768      237.107      7.407757e-09       2.463240e-05       2.607873e-01      326.355      411.464
    2074.257      1604.018      0.58961      201.704      2.029387e-08       1.396604e-04       8.881746e-02      326.355      355.341
    2204.170      1588.510      0.57616      219.135      1.251807e-08       1.005031e-04       1.554735e-01      326.355      377.094
    2303.989      1572.214      0.56965      243.468      2.794104e-08       1.537752e-04       2.072254e-01      326.355      393.984
    2136.054      1597.684      0.58227      207.442      1.175723e-08       1.015285e-04       1.203825e-01      326.355      365.642
    2158.726      1564.921      0.58571      221.203      8.641422e-09       8.296554e-05       1.325950e-01      326.355      369.628
    2299.702      1536.949      0.58423      217.709      6.426173e-09       4.714972e-05       2.050141e-01      326.355      393.262
    2405.443      1495.489      0.58690      217.267      7.901839e-09       3.414970e-05       2.595311e-01      326.355      411.054
    2232.529      1537.797      0.59144      216.460      8.818049e-09       7.681885e-05       1.707897e-01      326.355      382.093
    2349.433      1494.483      0.58998      233.107      6.868252e-09       3.894777e-05       2.313293e-01      326.355      401.850
    2310.517      1535.680      0.57976      232.127      7.258202e-09       5.307519e-05       2.107422e-01      326.355      395.132
    2461.670      1487.374      0.58248      232.771      8.634530e-09       1.728813e-05       2.887153e-01      326.355      420.579
    2385.619      1509.011      0.58331      229.851      6.924671e-09       2.641142e-05       2.495417e-01      326.355      407.794
    2346.559      1509.797      0.59036      220.718      7.330740e-09       4.539279e-05       2.295699e-01      326.355      401.276
    2319.524      1529.198      0.58238      229.248      6.330385e-09       4.109255e-05       2.154481e-01      326.355      396.667
    2238.552      1544.705      0.58623      222.650      6.384357e-09       5.800259e-05       1.737831e-01      326.355      383.070
    2219.399      1585.204      0.57806      214.367      1.057018e-08       8.890223e-05       1.632965e-01      326.355      379.647
    2316.845      1517.465      0.58690      228.349      6.074607e-09       3.851077e-05       2.142785e-01      326.355      396.286
    2307.857      1514.855      0.58724      223.903      5.956544e-09       3.959276e-05       2.094984e-01      326.355      394.726
    2322.050      1497.456      0.58959      223.342      6.322700e-09       4.024741e-05       2.168605e-01      326.355      397.128
    2291.685      1516.526      0.58715      234.505      6.485092e-09       4.924720e-05       2.014896e-01      326.355      392.112
    2297.698      1531.831      0.58496      221.849      6.033027e-09       4.319672e-05       2.041340e-01      326.355      392.975
    2382.500      1500.461      0.58448      229.025      6.734219e-09       2.423450e-05       2.479296e-01      326.355      407.268
    2274.510      1534.224      0.58580      224.236      5.979275e-09       4.775934e-05       1.923102e-01      326.355      389.116
    2278.827      1519.884      0.59006      219.956      6.838798e-09       5.524197e-05       1.946053e-01      326.355      389.865
    2309.385      1526.931      0.58430      226.907      5.997320e-09       3.970530e-05       2.102572e-01      326.355      394.973
    2277.914      1536.437      0.58426      220.129      6.041297e-09       4.779037e-05       1.938396e-01      326.355      389.615
    2287.635      1531.721      0.58492      222.170      5.936086e-09       4.447752e-05       1.989431e-01      326.355      391.281
    2291.998      1522.100      0.58617      226.765      5.863333e-09       4.252382e-05       2.013717e-01      326.355      392.074
    2289.149      1517.246      0.58678      229.244      5.947926e-09       4.413939e-05       1.999910e-01      326.355      391.623
    2271.607      1524.456      0.58775      221.640      6.064290e-09       4.923260e-05       1.907994e-01      326.355      388.623
    2299.943      1526.350      0.58517      225.584      5.902499e-09       4.103414e-05       2.053947e-01      326.355      393.386
    2319.194      1513.131      0.58594      224.969      5.896446e-09       3.551962e-05       2.152859e-01      326.355      396.614
    2291.532      1531.840      0.58387      225.837      5.965884e-09       4.388286e-05       2.010020e-01      326.355      391.953
    2303.774      1519.101      0.58639      224.386      5.881331e-09       3.976121e-05       2.073735e-01      326.355      394.032
    2319.819      1508.580      0.58693      228.704      5.969027e-09       3.624091e-05       2.157689e-01      326.355      396.772
    2295.681      1525.962      0.58542      223.795      5.870560e-09       4.175605e-05       2.031500e-01      326.355      392.654
    2305.377      1513.833      0.58680      224.371      5.844639e-09       3.886045e-05       2.081947e-01      326.355      394.300
    2308.090      1507.580      0.58762      223.766      5.884987e-09       3.862728e-05       2.095929e-01      326.355      394.757
    2279.219      1527.245      0.58644      224.687      5.908826e-09       4.599783e-05       1.947569e-01      326.355      389.915
    2309.201      1516.707      0.58607      224.898      5.856213e-09       3.794368e-05       2.101545e-01      326.355      394.940
    2297.356      1520.212      0.58583      225.527      5.801673e-09       4.046605e-05       2.040630e-01      326.355      392.952
    2294.150      1520.766      0.58555      226.099      5.780331e-09       4.102913e-05       2.024090e-01      326.355      392.412
    2304.674      1510.752      0.58688      227.277      5.829166e-09       3.881323e-05       2.079110e-01      326.355      394.208
    2314.695      1508.888      0.58648      224.557      5.819126e-09       3.583289e-05       2.129584e-01      326.355      395.855
    2300.250      1510.428      0.58679      226.252      5.752516e-09       3.906467e-05       2.055837e-01      326.355      393.448
    2295.779      1507.293      0.58715      226.930      5.734236e-09       4.001383e-05       2.033010e-01      326.355      392.703
    2299.270      1510.029      0.58623      228.066      5.729883e-09       3.903249e-05       2.050938e-01      326.355      393.288
    2296.218      1508.128      0.58595      229.924      5.749551e-09       4.008164e-05       2.035439e-01      326.355      392.782
    2297.272      1512.746      0.58582      225.547      5.660739e-09       3.873445e-05       2.039701e-01      326.355      392.922
    2293.575      1513.742      0.58529      224.684      5.608605e-09       3.909141e-05       2.020017e-01      326.355      392.279
    2276.733      1516.957      0.58563      228.337      5.741961e-09       4.471146e-05       1.934644e-01      326.355      389.493
    2288.521      1503.276      0.58660      227.907      5.587283e-09       4.008193e-05       1.995175e-01      326.355      391.468
    2285.703      1494.555      0.58713      228.813      5.549692e-09       4.033028e-05       1.980697e-01      326.355      390.996
    2310.430      1495.762      0.58728      225.908      5.659289e-09       3.488539e-05       2.107676e-01      326.355      395.140
    2298.691      1499.738      0.58581      226.799      5.480756e-09       3.594940e-05       2.046557e-01      326.355      393.145
    2300.127      1495.943      0.58513      226.734      5.406484e-09       3.450705e-05       2.053229e-01      326.355      393.363
    2295.635      1489.989      0.58618      225.004      5.288083e-09       3.417554e-05       2.029807e-01      326.355      392.599
    2293.795      1479.980      0.58615      223.481      5.101818e-09       3.201465e-05       2.019128e-01      326.355      392.250
    2276.249      1496.334      0.58458      225.940      5.205672e-09       3.851739e-05       1.929270e-01      326.355      389.318
    2284.316      1469.742      0.58621      227.797      5.014064e-09       3.361018e-05       1.970893e-01      326.355      390.676
    2279.613      1447.837      0.58668      229.362      4.864069e-09       3.282433e-05       1.945927e-01      326.355      389.861
    2289.103      1465.371      0.58411      223.948      4.835731e-09       2.941178e-05       1.992656e-01      326.355      391.386
    2290.641      1450.674      0.58257      221.535      4.770649e-09       2.791748e-05       1.997815e-01      326.355      391.555
    2270.108      1441.645      0.58486      223.412      4.341835e-09       2.751827e-05       1.893299e-01      326.355      388.144
    2255.071      1414.712      0.58472      221.760      3.883931e-09       2.441753e-05       1.813206e-01      326.355      385.530
    2282.900      1400.221      0.58552      222.115      4.158114e-09       1.815896e-05       1.956621e-01      326.355      390.210
    2259.975      1376.960      0.58353      223.881      3.809265e-09       2.095025e-05       1.835852e-01      326.355      386.269
    2242.489      1325.874      0.58214      224.081      3.541176e-09       2.257011e-05       1.741197e-01      326.355      383.180
    2255.534      1347.638      0.58067      215.491      3.674923e-09       2.028239e-05       1.806529e-01      326.355      385.312
    2227.222      1294.681      0.58407      220.166      2.966370e-09       1.448915e-05       1.660251e-01      326.355      380.538
    2194.909      1218.540      0.58492      219.482      2.516925e-09       1.737336e-05       1.488318e-01      326.355      374.927
    2191.397      1253.396      0.58052      218.277      2.796222e-09       2.522946e-05       1.469591e-01      326.355      374.316
    2184.434      1159.368      0.57904      216.897      3.278742e-09       3.529546e-05       1.425823e-01      326.355      372.887
    2151.004      1133.165      0.58280      223.902      4.266576e-09       5.187209e-05       1.255334e-01      326.355      367.323
    2229.610      1292.972      0.58116      217.578      3.098655e-09       1.761149e-05       1.669877e-01      326.355      380.852
    2157.290      1137.786      0.58065      212.116      2.244220e-09       2.442134e-05       1.283674e-01      326.355      368.248
    2113.563      1046.795      0.57982      206.257      2.396148e-09       3.598906e-05       1.049255e-01      326.355      360.598
    2201.340      1291.525      0.58441      216.811      2.520695e-09       1.390666e-05       1.525549e-01      326.355      376.142
    2143.496      1158.499      0.58425      215.749      2.017382e-09       2.315911e-05       1.216979e-01      326.355      366.072
    2100.605      1093.314      0.58596      214.837      2.410740e-09       3.778728e-05       9.913939e-02      326.355      358.710
    2157.455      1149.898      0.58681      213.798      1.930022e-09       1.635376e-05       1.289410e-01      326.355      368.435
    2140.269      1099.286      0.59022      211.575      2.149313e-09       2.671201e-05       1.198241e-01      326.355      365.460
    2123.257      1043.755      0.58392      213.749      3.046422e-09       4.276774e-05       1.103332e-01      326.355      362.363
    2182.595      1228.451      0.58429      216.044      2.212667e-09       1.359419e-05       1.424031e-01      326.355      372.829
    2125.698      1119.249      0.58305      209.424      1.578324e-09       1.801235e-05       1.119768e-01      326.355      362.899
    2091.086      1070.648      0.58205      204.484      1.340445e-09       2.156779e-05       9.355617e-02      326.355      356.887
    2129.920      1164.921      0.58803      212.868      1.702815e-09       1.957804e-05       1.148702e-01      326.355      363.843
    2078.335      1045.683      0.58647      207.405      1.626162e-09       2.945171e-05       8.710677e-02      326.355      354.783
    2085.088      1057.281      0.58760      203.582      1.124408e-09       1.740464e-05       9.063588e-02      326.355      355.934
    2055.872      1007.938      0.58942      197.631      9.918081e-10       2.068111e-05       7.510657e-02      326.355      350.866
    2021.093       995.944      0.58614      197.485      8.447697e-10       2.283123e-05       5.687747e-02      326.355      344.917
    1953.840       922.210      0.58578      189.572      1.011472e-09       3.107856e-05       2.135291e-02      326.355      333.324
    1991.494       899.777      0.58366      190.888      1.941994e-09       4.215927e-05       4.056968e-02      326.355      339.595
    2095.933      1096.815      0.58704      207.260      1.247701e-09       1.773488e-05       9.660096e-02      326.355      357.881
    2053.653      1039.382      0.58580      196.059      6.208122e-10       8.593313e-06       7.395723e-02      326.355      350.491
    2041.365      1036.235      0.58547      190.506      4.648545e-10       3.232874e-06       6.740942e-02      326.355      348.354
    2016.334       997.943      0.59217      191.967      9.171982e-10       2.488369e-05       5.458941e-02      326.355      344.170
    1971.638       924.848      0.58967      181.922      4.343841e-10       1.846919e-05       3.054064e-02      326.355      336.322
    1909.876       843.038      0.59123      169.874      1.096084e-09       3.309951e-05       2.250488e-03      326.355      325.620
    1969.808       969.142      0.58722      183.361      1.389030e-10       7.059172e-06       2.984477e-02      326.355      336.095
    1927.443       950.024      0.58609      176.427      2.313721e-11       4.172699e-06       7.566898e-03      326.355      328.824
    1964.036       954.935      0.58132      181.108      3.323152e-10       1.620399e-05       2.640949e-02      326.355      334.974
    1931.376       936.838      0.58507      168.023      9.772222e-11       9.446901e-06       9.207767e-03      326.355      329.360
    1857.320       850.801      0.58560      163.658      3.310336e-10       1.557064e-05       2.976385e-02      326.355      316.641
    1868.871       920.636      0.57934      162.816      7.237901e-10       2.584702e-05       2.360550e-02      326.355      318.651
    1945.709       923.813      0.58708      177.045      1.228699e-10       9.715265e-06       1.687707e-02      326.355      331.863
    1867.327       876.027      0.59083      161.651      4.734835e-10       2.036479e-05       2.424028e-02      326.355      318.444
    1939.646       934.899      0.58361      176.140      1.081850e-10       9.465280e-06       1.363578e-02      326.355      330.805
    2015.726      1025.193      0.58536      185.462      2.935168e-10       1.620675e-06       5.393424e-02      326.355      343.957
    1975.777       980.401      0.58541      179.883      1.187859e-10       3.328750e-06       3.281849e-02      326.355      337.065
    1941.248       977.339      0.58309      173.147      6.324314e-11       6.463752e-06       1.465028e-02      326.355      331.136
    1894.498       919.510      0.58348      167.071      1.032401e-10       9.649473e-06       1.006368e-02      326.355      323.071
    1907.555       956.705      0.58523      166.224      5.670586e-11       7.470216e-06       3.002895e-03      326.355      325.375
    1959.423       991.377      0.58619      174.835      6.582521e-11       2.567406e-06       2.433796e-02      326.355      334.298
    1936.142      1000.967      0.58522      177.312      1.579873e-11       6.363108e-07       1.240719e-02      326.355      330.404
    1938.150      1033.299      0.58530      182.050      2.053598e-11       1.202045e-06       1.381704e-02      326.355      330.864
    1897.021       951.218      0.58359      171.671      2.877258e-11       4.660770e-06       8.396314e-03      326.355      323.615
    1892.977       952.064      0.58701      172.613      1.510979e-11       2.126958e-06       1.028875e-02      326.355      322.997
    1869.044       939.539      0.58901      172.346      8.279547e-11       5.610339e-06       2.265382e-02      326.355      318.962
    1919.223       970.306      0.58572      182.972      7.125995e-11       8.362780e-06       3.638491e-03      326.355      327.542
    1910.471       960.099      0.58535      170.335      1.037059e-11       3.192227e-06       1.342684e-03      326.355      325.917
    1936.543       980.304      0.58820      176.667      2.464114e-11       2.962763e-06       1.259491e-02      326.355      330.465
    1926.643       973.005      0.58706      175.411      8.739610e-12       1.832610e-06       7.335633e-03      326.355      328.749
    1905.473       992.883      0.58622      171.406      3.005784e-12       1.302180e-06       3.619545e-03      326.355      325.174
    1894.247      1014.262      0.58629      168.923      2.506325e-11       4.041720e-06       9.342243e-03      326.355      323.306
    1881.795       938.433      0.58765      167.629      4.383006e-11       4.162118e-06       1.628092e-02      326.355      321.042
    1922.504       985.176      0.58581      174.865      3.319541e-12       7.796088e-07       5.207448e-03      326.355      328.054
    1939.705      1003.796      0.58525      173.383      2.548033e-11       2.336003e-06       1.415041e-02      326.355      330.973
    1904.620       964.889      0.58656      172.805      3.762944e-12       1.414060e-06       4.199258e-03      326.355      324.984
    1919.053       997.916      0.58745      176.933      2.383527e-12       1.022548e-06       3.657762e-03      326.355      327.549
    1923.190      1016.897      0.58846      180.279      1.474103e-11       3.323135e-06       6.080958e-03      326.355      328.339
    1899.175       997.357      0.58597      172.587      4.823988e-12       4.195273e-07       6.817613e-03      326.355      324.130
    1906.053       991.284      0.58624      173.291      1.233354e-12       4.025023e-07       3.273142e-03      326.355      325.287
    1921.814      1018.938      0.58631      175.435      2.734356e-12       3.197095e-07       5.130440e-03      326.355      328.029
    1903.588      1015.241      0.58728      173.656      3.191614e-12       1.153047e-06       4.315201e-03      326.355      324.947
    1908.357      1007.746      0.58692      173.958      7.375358e-13       6.094335e-07       1.913443e-03      326.355      325.730
    1922.172      1015.069      0.58723      178.432      3.583294e-12       8.004507e-07       5.424548e-03      326.355      328.125
    1909.648       998.415      0.58648      173.149      5.670735e-13       6.184366e-07       1.358712e-03      326.355      325.911
    1899.735       978.877      0.58724      173.226      5.298993e-12       9.864156e-07       6.577216e-03      326.355      324.208
    1916.299      1008.872      0.58654      174.882      5.744077e-13       2.965428e-07       2.205607e-03      326.355      327.075
    1901.146      1005.224      0.58565      170.733      7.250538e-12       1.966392e-06       5.817079e-03      326.355      324.456
    1914.572       999.746      0.58700      175.372      3.695204e-13       4.516436e-07       1.286618e-03      326.355      326.775
    1918.367      1016.140      0.58722      175.391      1.711420e-12       7.568839e-07       3.374236e-03      326.355      327.456
    1909.140       997.484      0.58649      173.815      3.905679e-13       3.636097e-07       1.607345e-03      326.355      325.830
    1916.452       994.496      0.58633      174.650      5.904981e-13       3.483993e-07       2.165909e-03      326.355      327.062
    1914.436       997.812      0.58648      174.476      2.393062e-13       3.271626e-07       1.150090e-03      326.355      326.730
    1907.586       987.889      0.58668      173.524      9.302020e-13       5.627917e-07       2.476828e-03      326.355      325.547
    1914.125      1003.614      0.58658      174.542      2.119208e-13       3.230162e-07       1.037214e-03      326.355      326.693
    1916.491      1000.912      0.58679      175.958      6.213163e-13       3.086577e-07       2.293571e-03      326.355      327.103
    1911.358       999.039      0.58656      173.849      2.121203e-13       4.384155e-07       4.462299e-04      326.355      326.209
    1918.111      1002.624      0.58681      175.306      1.108916e-12       3.644609e-07       3.124235e-03      326.355      327.374
    1911.381       998.768      0.58657      174.187      1.393720e-13       3.482459e-07       4.254042e-04      326.355      326.216
    1911.079       999.870      0.58609      173.158      4.096700e-13       6.084561e-07       6.281019e-04      326.355      326.150
    1913.698       999.777      0.58677      174.818      1.927805e-13       3.571057e-07       8.078120e-04      326.355      326.619
    1910.842      1002.784      0.58676      174.221      2.215088e-13       4.210638e-07       6.649366e-04      326.355      326.138
    1911.742      1001.542      0.58669      174.285      1.508066e-13       3.825851e-07       2.106011e-04      326.355      326.286
    1914.115      1002.811      0.58675      175.067      1.987221e-13       2.971329e-07       1.050876e-03      326.355      326.698
    1911.343       997.837      0.58681      174.636      1.632574e-13       3.809337e-07       4.259921e-04      326.355      326.216
    1909.966       996.154      0.58667      173.896      3.348310e-13       4.428007e-07       1.177958e-03      326.355      325.970
    1913.078      1001.145      0.58673      174.774      1.290381e-13       3.235175e-07       4.937056e-04      326.355      326.516
    1910.074       999.868      0.58663      174.123      2.461824e-13       3.564566e-07       1.091426e-03      326.355      325.999
    1912.792       999.800      0.58673      174.644      1.344512e-13       3.512410e-07       3.328808e-04      326.355      326.464
    1913.153      1002.792      0.58655      174.309      1.505960e-13       3.513355e-07       5.211470e-04      326.355      326.525
    1913.460       999.710      0.58660      174.672      1.334140e-13       2.971652e-07       6.716160e-04      326.355      326.574
    1912.201       996.921      0.58677      174.830      1.268162e-13       3.560830e-07       1.454064e-05      326.355      326.360
    1911.723       993.989      0.58688      175.090      2.025863e-13       4.436604e-07       2.398284e-04      326.355      326.277
    1914.386      1000.020      0.58685      175.274      2.655261e-13       3.546068e-07       1.182286e-03      326.355      326.741
    1912.132       999.081      0.58664      174.458      1.097428e-13       3.311904e-07       2.360478e-05      326.355      326.347
    1912.644       998.629      0.58663      174.723      9.248813e-14       2.940540e-07       2.453653e-04      326.355      326.435
    1912.569       998.043      0.58658      174.762      7.755182e-14       2.710912e-07       2.015284e-04      326.355      326.421
    1911.531       997.885      0.58676      174.740      1.257723e-13       3.391219e-07       3.281564e-04      326.355      326.248
    1911.137       994.822      0.58665      174.621      1.405926e-13       3.300940e-07       5.624109e-04      326.355      326.171
    1912.593       999.564      0.58671      174.736      1.070682e-13       3.190245e-07       2.300333e-04      326.355      326.430
    1912.211      1000.366      0.58658      174.519      8.288914e-14       2.877953e-07       2.509931e-05      326.355      326.363
    1913.222      1000.642      0.58650      174.497      1.101533e-13       2.836707e-07       5.448323e-04      326.355      326.533
    1912.800       999.953      0.58656      174.558      9.359028e-14       2.879663e-07       3.265839e-04      326.355      326.461
    1912.955       999.881      0.58657      174.829      7.904689e-14       2.485849e-07       4.153608e-04      326.355      326.490
    1912.674       999.557      0.58644      174.598      6.299500e-14       2.377520e-07       2.543419e-04      326.355      326.438
    1912.715       999.554      0.58631      174.530      5.514621e-14       2.191968e-07       2.664393e-04      326.355      326.442
    1912.426       998.969      0.58646      174.762      4.791737e-14       2.151426e-07       1.277120e-04      326.355      326.397
    1912.239       998.478      0.58641      174.864      3.541255e-14       1.879706e-07       2.821272e-05      326.355      326.364
    1913.027       997.612      0.58636      174.974      5.361151e-14       1.873728e-07       4.301506e-04      326.355      326.495
    1912.319       996.962      0.58625      174.736      3.688048e-14       1.914561e-07       4.743873e-05      326.355      326.370
    1912.580       998.260      0.58608      174.790      2.844453e-14       1.582281e-07       1.846186e-04      326.355      326.415
    1912.585       998.368      0.58583      174.803      3.333714e-14       1.738953e-07       1.759991e-04      326.355      326.412
    1912.367       996.102      0.58625      175.152      2.877974e-14       1.678237e-07       7.841867e-05      326.355      326.380
    1911.726       997.289      0.58613      174.797      3.110715e-14       1.559327e-07       2.606174e-04      326.355      326.270
    1912.137       998.103      0.58618      175.065      1.672816e-14       1.289408e-07       3.200409e-05      326.355      326.344
    1912.047       998.673      0.58614      175.230      1.179567e-14       1.062114e-07       7.175072e-05      326.355      326.331
    1912.121       996.684      0.58589      175.120      2.357405e-14       1.522311e-07       6.322507e-05      326.355      326.334
    1912.832       997.571      0.58605      175.350      2.653650e-14       1.264322e-07       3.248294e-04      326.355      326.461
    1912.422       999.492      0.58584      175.092      1.633054e-14       1.230736e-07       1.087855e-04      326.355      326.390
    1912.131       997.949      0.58588      175.607      1.574827e-14       1.249991e-07       3.514195e-05      326.355      326.343
    1911.529       998.828      0.58583      175.175      2.593159e-14       1.153457e-07       3.553443e-04      326.355      326.239
    1911.855       998.514      0.58588      175.219      1.641965e-14       1.139582e-07       1.852882e-04      326.355      326.294
    1912.106      1000.631      0.58598      175.454      4.937383e-15       6.966444e-08       2.902577e-05      326.355      326.345
    1912.096      1002.605      0.58602      175.621      1.770689e-15       4.188417e-08       1.280848e-05      326.355      326.351
    1912.494      1000.846      0.58605      175.557      7.737830e-15       6.702703e-08       1.801446e-04      326.355      326.414
    1911.962      1000.544      0.58621      175.916      9.032386e-15       9.175573e-08       7.831178e-05      326.355      326.329
    1912.166      1003.384      0.58633      175.555      5.260023e-15       7.128078e-08       4.231712e-05      326.355      326.369
    1912.310      1005.017      0.58617      176.094      3.277730e-15       3.762593e-08       1.364558e-04      326.355      326.399
    1912.571      1005.383      0.58608      175.498      7.196610e-15       2.974341e-08       2.512357e-04      326.355      326.437
    1912.075      1007.349      0.58624      175.827      7.606683e-16       2.623807e-08       2.687600e-05      326.355      326.364
    1911.860      1010.602      0.58634      175.963      2.282046e-15       4.479876e-08       5.245164e-05      326.355      326.338
    1911.754      1003.794      0.58631      176.051      7.366796e-15       7.061427e-08       1.542862e-04      326.355      326.305
    1912.367      1004.986      0.58613      175.636      2.996199e-15       2.739562e-08       1.498559e-04      326.355      326.404
    1912.259      1006.596      0.58595      176.035      1.374064e-15       1.424513e-08       1.082193e-04      326.355      326.390
    1912.089      1005.751      0.58600      175.466      6.499640e-16       2.549433e-08       1.834172e-07      326.355      326.355
    1911.978      1006.117      0.58592      175.152      3.930176e-15       5.888871e-08       6.799236e-05      326.355      326.333
    1911.894      1006.164      0.58597      175.839      9.070961e-16       1.144624e-08       8.809539e-05      326.355      326.326
    1912.058      1010.327      0.58607      175.962      1.226499e-16       2.107746e-09       3.438129e-05      326.355      326.366
    1912.033      1014.191      0.58609      176.132      6.187575e-16       1.782027e-08       5.488130e-05      326.355      326.373
    1911.799      1008.199      0.58620      175.512      2.420968e-15       3.079797e-08       1.213447e-04      326.355      326.315
    1912.144      1006.997      0.58601      175.904      3.116707e-16       7.235434e-09       5.092339e-05      326.355      326.372
    1912.289      1009.048      0.58619      175.741      2.452302e-15       1.921151e-08       1.443336e-04      326.355      326.402
    1911.993      1006.885      0.58603      175.814      1.451181e-16       7.471927e-09       2.988117e-05      326.355      326.345
    1912.068      1007.630      0.58581      175.745      4.684493e-16       2.163964e-08       1.324978e-06      326.355      326.355
    1912.042      1010.169      0.58595      176.248      1.192462e-16       6.407524e-09       2.796245e-05      326.355      326.364
    1912.017      1012.380      0.58593      176.639      1.270103e-15       3.320117e-08       4.096163e-05      326.355      326.368
    1912.051      1009.559      0.58622      176.218      7.098850e-16       2.338699e-08       4.036505e-05      326.355      326.368
    1912.064      1008.112      0.58591      175.864      5.545987e-17       6.551548e-09       1.119691e-05      326.355      326.359
    1911.934      1010.750      0.58597      176.039      8.622303e-17       7.581788e-10       2.926571e-05      326.355      326.345
    1912.054      1012.796      0.58592      176.242      3.334801e-16       8.455766e-09       5.118399e-05      326.355      326.372
    1912.009      1008.362      0.58600      175.921      1.266040e-17       2.032550e-09       9.235338e-06      326.355      326.352
    1911.966      1008.370      0.58585      176.074      2.943016e-16       1.334720e-08       3.408134e-05      326.355      326.344
    1912.035      1009.838      0.58601      175.990      3.020839e-17       8.355261e-11       1.737855e-05      326.355      326.361
    1911.979      1008.362      0.58600      175.660      1.868564e-16       8.899109e-09       3.281192e-05      326.355      326.344
    1912.026      1009.717      0.58596      176.100      1.981137e-17       1.867424e-09       1.277658e-05      326.355      326.359
    1912.133      1007.265      0.58598      175.898      2.437573e-16       6.440686e-09       4.497497e-05      326.355      326.370
    1911.984      1009.879      0.58597      176.004      1.119655e-17       3.509944e-10       1.052300e-05      326.355      326.351
    1911.963      1010.786      0.58606      176.144      1.501590e-17       3.326054e-09       6.287501e-06      326.355      326.353
    1911.956      1009.534      0.58599      176.095      5.981431e-17       1.674584e-09       2.387678e-05      326.355      326.347
    1912.015      1009.762      0.58601      176.016      4.991686e-18       1.241805e-10       7.054265e-06      326.355      326.357
    1911.959      1009.677      0.58606      175.942      5.108657e-17       1.402502e-09       2.216293e-05      326.355      326.348
    1912.010      1009.707      0.58599      176.061      2.131048e-18       6.895567e-10       4.068857e-06      326.355      326.356
    1912.046      1008.069      0.58592      175.857      3.709498e-17       6.066710e-09       1.702980e-06      326.355      326.355
    1911.984      1010.107      0.58603      176.072      2.323095e-18       7.477508e-10       4.199957e-06      326.355      326.354
    1911.987      1011.365      0.58599      176.156      1.020315e-17       2.257191e-09       7.147196e-06      326.355      326.357
    1912.014      1010.592      0.58604      176.149      3.582019e-17       2.228504e-09       1.756530e-05      326.355      326.361
    1911.991      1010.057      0.58599      176.040      1.261912e-18       2.084062e-10       3.490671e-06      326.355      326.354
    1912.013      1008.451      0.58601      175.939      6.575877e-18       1.824832e-09       5.697251e-06      326.355      326.353
    1912.006      1009.180      0.58601      175.993      9.429789e-19       6.070852e-10       2.396720e-06      326.355      326.354
    1911.980      1009.763      0.58600      176.067      1.049738e-17       6.775472e-10       1.001914e-05      326.355      326.352
    1912.007      1009.762      0.58600      176.029      8.248888e-19       2.042659e-10       2.798507e-06      326.355      326.356
    1912.023      1009.246      0.58597      175.989      3.246823e-18       1.046540e-09       4.638510e-06      326.355      326.356
    1911.994      1009.892      0.58601      176.052      5.281260e-19       3.776237e-10       1.963482e-06      326.355      326.354
    1911.989      1009.738      0.58602      175.996      4.323844e-18       1.539061e-10       6.557558e-06      326.355      326.353
    1912.005      1009.715      0.58599      176.045      3.645965e-19       4.147306e-10       1.387786e-06      326.355      326.355
    1912.014      1009.217      0.58602      176.019      1.919562e-18       8.758172e-10       3.394858e-06      326.355      326.356
    1911.997      1009.847      0.58600      176.035      3.580815e-19       2.074523e-10       1.774951e-06      326.355      326.354
    1911.994      1010.428      0.58600      176.087      1.006960e-18       5.878292e-10       2.571802e-06      326.355      326.356
    1912.003      1009.492      0.58600      176.017      2.567069e-19       3.572968e-10       1.135984e-06      326.355      326.355
    1911.993      1009.711      0.58600      176.045      2.208138e-18       4.136625e-10       4.513338e-06      326.355      326.353
    1912.003      1009.749      0.58600      176.033      1.499084e-19       2.460774e-10       9.452740e-07      326.355      326.355
    1912.010      1009.510      0.58599      176.013      4.510499e-19       3.942267e-10       1.719405e-06      326.355      326.355
    1912.006      1009.605      0.58599      176.023      1.620130e-19       3.127319e-10       8.013225e-07      326.355      326.355
    1912.000      1009.632      0.58600      176.009      4.063513e-19       1.706666e-10       1.942226e-06      326.355      326.354
    1912.004      1009.694      0.58600      176.036      1.381897e-19       3.297506e-10       5.427181e-07      326.355      326.355
    1912.011      1009.423      0.58600      176.019      7.630284e-19       4.605698e-10       2.347134e-06      326.355      326.356
    1912.001      1009.741      0.58600      176.031      1.116889e-19       2.417687e-10       7.296355e-07      326.355      326.355
    1912.003      1009.903      0.58599      176.044      4.428970e-19       2.783274e-10       1.911625e-06      326.355      326.356
    1912.003      1009.595      0.58600      176.024      1.069025e-19       3.050027e-10       3.725034e-07      326.355      326.355
    1911.999      1009.784      0.58601      176.039      1.142403e-19       2.830355e-10       5.842192e-07      326.355      326.355
    1912.000      1009.658      0.58600      176.032      3.344137e-19       3.228797e-10       1.517110e-06      326.355      326.354
    1912.002      1009.726      0.58600      176.033      8.029634e-20       2.618507e-10       3.424989e-07      326.355      326.355
    1911.999      1009.729      0.58601      176.027      2.025429e-19       2.215647e-10       1.238758e-06      326.355      326.354
    1912.002      1009.703      0.58600      176.034      8.786502e-20       2.933385e-10       1.348167e-07      326.355      326.355
    1912.005      1009.598      0.58599      176.021      1.023398e-19       3.103269e-10       2.457049e-07      326.355      326.355
    1912.006      1009.570      0.58600      176.025      1.939198e-19       3.412980e-10       8.799743e-07      326.355      326.355
    1912.002      1009.698      0.58600      176.029      7.722799e-20       2.609525e-10       3.021885e-07      326.355      326.355
    1912.003      1009.768      0.58600      176.035      9.973395e-20       2.620730e-10       5.572403e-07      326.355      326.355
    1911.999      1009.850      0.58600      176.044      7.853590e-20       2.787013e-10       9.281583e-08      326.355      326.355
    1912.000      1009.720      0.58601      176.035      1.065213e-19       2.940772e-10       4.476599e-07      326.355      326.355
    1912.002      1009.756      0.58600      176.035      7.939208e-20       2.616001e-10       3.310203e-07      326.355      326.355
    1912.001      1009.813      0.58600      176.037      5.550672e-20       2.335715e-10       9.752267e-08      326.355      326.355
    1912.000      1009.867      0.58600      176.038      4.579207e-20       2.125525e-10       7.832670e-08      326.355      326.355
    1911.999      1009.859      0.58600      176.041      6.415623e-20       2.387853e-10       2.671668e-07      326.355      326.355
    1911.998      1009.881      0.58600      176.041      8.227390e-20       2.327397e-10       5.301523e-07      326.355      326.355
    1912.001      1009.788      0.58600      176.036      6.369980e-20       2.502501e-10       1.036675e-07      326.355      326.355
    1912.001      1009.757      0.58600      176.029      5.345700e-20       2.127549e-10       2.862228e-07      326.355      326.355
    1911.999      1009.937      0.58600      176.043      4.725144e-20       2.110778e-10       1.642436e-07      326.355      326.355
    1912.001      1009.815      0.58600      176.032      4.637911e-20       1.936530e-10       2.979536e-07      326.355      326.355
    1911.999      1009.900      0.58600      176.034      2.570285e-20       1.603208e-10       8.984085e-10      326.355      326.355
    1911.998      1009.957      0.58600      176.033      1.632841e-20       1.274455e-10       2.933616e-08      326.355      326.355
    1911.997      1010.031      0.58601      176.045      7.073328e-20       2.041580e-10       5.390065e-07      326.355      326.355
    1912.000      1009.825      0.58600      176.033      3.779272e-20       1.916132e-10       1.037843e-07      326.355      326.355
    1912.001      1009.795      0.58600      176.026      2.442763e-20       1.561867e-10       1.826263e-08      326.355      326.355
    1911.999      1009.907      0.58600      176.033      3.027189e-20       1.439384e-10       3.090893e-07      326.355      326.355
    1912.000      1009.875      0.58600      176.024      1.995546e-20       1.023020e-10       3.080545e-07      326.355      326.355
    1911.999      1009.942      0.58600      176.025      1.435533e-20       8.118265e-11       2.786522e-07      326.355      326.355
    1911.998      1010.000      0.58600      176.022      1.421540e-20       5.038581e-11       3.417114e-07      326.355      326.355
    1912.000      1009.906      0.58600      176.020      4.257962e-21       6.410223e-11       3.858315e-08      326.355      326.355
    1912.001      1009.905      0.58600      176.013      1.943411e-21       3.779058e-11       7.178321e-08      326.355      326.355
    1911.997      1010.074      0.58600      176.020      1.083042e-20       3.269593e-11       3.124323e-07      326.355      326.355
    1911.997      1010.093      0.58600      176.020      1.638747e-21       3.968367e-11       2.528903e-08      326.355      326.355
    1911.996      1010.202      0.58601      176.018      7.567715e-21       6.310605e-11       1.893500e-07      326.355      326.355
    1911.998      1010.079      0.58600      176.004      4.060865e-21       9.099886e-12       1.994507e-07      326.355      326.355
    1911.999      1010.076      0.58600      176.007      1.864984e-21       5.774063e-12       1.353383e-07      326.355      326.355
    1912.000      1010.003      0.58600      176.002      7.865847e-21       1.930076e-12       2.803948e-07      326.355      326.355
    1911.999      1010.021      0.58600      176.007      2.495474e-21       5.227103e-12       1.571035e-07      326.355      326.355
    1912.000      1009.968      0.58600      176.019      1.954367e-20       4.451584e-11       4.190705e-07      326.355      326.355
    1911.999      1010.052      0.58600      176.008      3.749572e-22       7.067528e-12       5.700941e-08      326.355      326.355
    1911.998      1010.042      0.58600      176.018      8.940760e-22       2.655317e-11       4.347476e-08      326.355      326.355
    1911.996      1010.226      0.58600      176.013      2.908474e-21       4.918250e-11       6.996831e-08      326.355      326.355
    1911.999      1009.986      0.58600      176.013      4.360297e-22       1.928534e-11       2.531906e-08      326.355      326.355
    1911.998      1010.011      0.58600      176.022      6.054853e-21       5.133601e-11       1.849180e-07      326.355      326.355
    1911.999      1010.059      0.58600      176.011      5.611320e-22       1.011957e-11       6.772934e-08      326.355      326.355
    1912.000      1009.976      0.58600      176.005      1.169360e-22       5.339228e-12       2.973695e-08      326.355      326.355
    1912.002      1009.918      0.58600      175.997      5.921699e-22       1.608082e-11       5.775614e-08      326.355      326.355
    1912.000      1009.994      0.58600      176.001      5.151142e-22       1.269555e-13       7.177034e-08      326.355      326.355
    1912.001      1009.944      0.58600      176.002      4.220262e-22       5.228169e-12       6.282455e-08      326.355      326.355
    1911.999      1009.985      0.58600      176.013      1.569515e-21       1.968193e-11       1.087261e-07      326.355      326.355
    1912.000      1009.992      0.58600      176.004      7.571322e-23       1.851257e-12       2.688607e-08      326.355      326.355
    1912.000      1009.996      0.58600      175.996      1.241713e-21       1.745253e-12       1.112954e-07      326.355      326.355
    1912.000      1009.988      0.58600      176.009      8.333518e-23       9.051312e-12       3.753583e-09      326.355      326.355
    1911.999      1010.060      0.58600      176.010      2.042897e-22       9.234628e-12       3.449803e-08      326.355      326.355
    1912.001      1009.956      0.58600      176.006      1.073139e-21       9.564280e-12       9.907895e-08      326.355      326.355
    1911.999      1010.028      0.58600      176.007      5.546343e-23       4.906028e-12       1.771844e-08      326.355      326.355
    1912.001      1009.932      0.58600      176.002      7.906899e-23       6.684831e-12       1.854239e-08      326.355      326.355
    1912.000      1009.994      0.58600      176.006      1.104083e-22       6.149293e-12       2.694337e-08      326.355      326.355
    1912.000      1009.990      0.58600      176.006      3.863041e-23       4.691964e-12       1.289026e-08      326.355      326.355
    1912.000      1009.983      0.58600      176.001      7.239024e-23       4.788940e-13       2.686278e-08      326.355      326.355
    1911.999      1010.063      0.58600      176.007      6.935331e-23       6.762629e-12       1.536885e-08      326.355      326.355
    1911.999      1010.040      0.58600      176.007      1.531045e-22       5.493425e-12       3.506091e-08      326.355      326.355
    1912.000      1010.004      0.58600      176.005      2.272794e-23       1.970101e-12       1.372831e-08      326.355      326.355
    1911.998      1010.060      0.58600      176.012      2.297696e-22       1.293196e-11       2.500683e-08      326.355      326.355
    1912.000      1010.002      0.58600      176.004      1.459549e-23       1.581850e-12       1.099692e-08      326.355      326.355
    1912.000      1009.948      0.58600      176.004      2.367114e-22       6.354217e-12       4.430974e-08      326.355      326.355
    1911.999      1010.034      0.58600      176.006      2.631155e-23       3.583596e-12       1.160577e-08      326.355      326.355
    1912.000      1009.987      0.58600      176.003      1.778046e-22       1.583419e-12       4.186853e-08      326.355      326.355
    1911.999      1010.018      0.58600      176.006      1.429493e-23       3.683321e-12       2.698290e-09      326.355      326.355
    1911.999      1010.039      0.58600      176.004      6.568907e-24       2.316231e-12       3.469842e-09      326.355      326.355
    1911.999      1010.064      0.58600      176.003      1.443522e-23       3.778686e-12       1.252011e-09      326.355      326.355
    1912.000      1009.997      0.58600      176.003      2.081594e-23       1.069763e-12       1.402553e-08      326.355      326.355
    1911.999      1010.024      0.58600      176.004      1.748162e-23       1.747807e-12       1.201116e-08      326.355      326.355
    1911.999      1010.045      0.58600      176.006      1.436804e-22       3.577304e-12       3.617779e-08      326.355      326.355
    1912.000      1010.009      0.58600      176.004      1.021625e-22       1.226164e-12       3.172681e-08      326.355      326.355
    1911.999      1010.028      0.58600      176.005      7.220419e-24       2.684521e-12       3.710683e-10      326.355      326.355
    1911.999      1010.021      0.58600      176.004      8.336104e-24       1.655387e-12       7.480507e-09      326.355      326.355
    1911.999      1010.032      0.58600      176.004      5.752563e-24       1.982131e-12       4.270505e-09      326.355      326.355
    1911.999      1010.018      0.58600      176.004      9.210433e-23       1.073399e-12       3.015827e-08      326.355      326.355
    1911.999      1010.042      0.58600      176.005      3.510601e-23       2.891497e-12       1.635398e-08      326.355      326.355
    1911.999      1010.036      0.58600      176.005      1.167120e-23       2.463623e-12       7.484490e-09      326.355      326.355
    1911.999      1010.024      0.58600      176.004      1.475761e-23       1.776872e-12       1.077048e-08      326.355      326.355
    1911.999      1010.033      0.58600      176.005      5.943035e-24       2.270516e-12       2.806761e-09      326.355      326.355
    1911.999      1010.046      0.58600      176.005      1.757333e-23       3.124837e-12       8.836699e-09      326.355      326.355
    1911.999      1010.027      0.58600      176.004      4.723228e-24       1.931783e-12       3.148719e-09      326.355      326.355
    1911.999      1010.037      0.58600      176.003      3.334929e-24       1.822740e-12       3.542157e-10      326.355      326.355
    1911.999      1010.041      0.58600      176.002      3.441797e-24       1.840415e-12       7.393792e-10      326.355      326.355
    1911.999      1010.025      0.58600      176.004      6.286131e-24       1.685578e-12       5.869378e-09      326.355      326.355
    1911.999      1010.028      0.58600      176.004      4.278916e-24       1.811807e-12       3.156380e-09      326.355      326.355
    1911.999      1010.029      0.58600      176.003      2.249058e-24       1.498160e-12       2.138775e-10      326.355      326.355
    1911.999      1010.027      0.58600      176.003      2.289136e-22       7.466083e-13       4.778663e-08      326.355      326.355
    1911.999      1010.029      0.58600      176.003      4.232389e-24       1.498237e-12       4.458337e-09      326.355      326.355
    1911.999      1010.035      0.58600      176.003      3.174718e-24       1.546247e-12       2.799713e-09      326.355      326.355
    1911.999      1010.036      0.58600      176.002      3.941395e-24       1.556517e-12       3.896985e-09      326.355      326.355
    1911.999      1010.040      0.58600      176.003      4.706714e-24       1.765238e-12       3.988296e-09      326.355      326.355
    1911.999      1010.032      0.58600      176.003      2.748381e-24       1.520840e-12       2.086685e-09      326.355      326.355
    1911.999      1010.030      0.58600      176.004      5.097199e-24       1.796568e-12       4.323821e-09      326.355      326.355
    1911.999      1010.035      0.58600      176.003      2.831417e-24       1.544571e-12       2.111199e-09      326.355      326.355
    1911.999      1010.028      0.58600      176.003      1.660242e-24       1.235177e-12       1.160087e-09      326.355      326.355
    1911.999      1010.024      0.58600      176.002      2.294148e-22       5.391465e-13       4.786691e-08      326.355      326.355
    1911.999      1010.027      0.58600      176.003      5.035782e-24       1.376690e-12       5.604022e-09      326.355      326.355
    1911.999      1010.033      0.58600      176.003      2.248733e-24       1.483200e-12       6.989325e-10      326.355      326.355
    1911.999      1010.026      0.58600      176.003      1.885550e-24       1.365756e-12       4.501235e-10      326.355      326.355
    1911.999      1010.026      0.58600      176.003      2.712513e-22       7.794774e-13       5.202343e-08      326.355      326.355
    1911.999      1010.030      0.58600      176.003      2.293574e-24       1.448831e-12       1.394494e-09      326.355      326.355
    1911.999      1010.028      0.58600      176.003      1.827986e-24       1.312701e-12       1.023732e-09      326.355      326.355
    1911.999      1010.028      0.58600      176.002      1.523839e-24       1.211225e-12       7.534743e-10      326.355      326.355
    1911.999      1010.028      0.58600      176.002      1.476407e-24       1.123695e-12       1.461905e-09      326.355      326.355
    1911.999      1010.022      0.58600      176.002      2.501652e-22       5.788823e-13       4.998301e-08      326.355      326.355
    1911.999      1010.030      0.58600      176.003      1.852995e-24       1.354078e-12       4.412375e-10      326.355      326.355
    1911.999      1010.031      0.58600      176.002      2.554284e-22       7.598257e-13       5.048277e-08      326.355      326.355
    1911.999      1010.027      0.58600      176.003      1.705708e-24       1.289910e-12       6.468419e-10      326.355      326.355
    1911.999      1010.025      0.58600      176.002      2.513366e-22       6.416701e-13       5.009240e-08      326.355      326.355
    1911.999      1010.029      0.58600      176.003      1.677186e-24       1.288855e-12       4.004843e-10      326.355      326.355
    1911.999      1010.029      0.58600      176.002      1.369466e-24       1.165136e-12       3.453295e-10      326.355      326.355
    1911.999      1010.029      0.58600      176.002      1.406694e-24       1.139086e-12       1.044875e-09      326.355      326.355
    1911.999      1010.030      0.58600      176.002      1.389585e-24       1.169459e-12       4.685083e-10      326.355      326.355
    1911.999      1010.028      0.58600      176.002      2.419133e-22       6.200976e-13       4.914558e-08      326.355      326.355
    1911.999      1010.029      0.58600      176.002      1.504623e-24       1.219729e-12       4.109024e-10      326.355      326.355
    1911.999      1010.029      0.58600      176.002      1.601309e-24       1.147148e-12       1.689265e-09      326.355      326.355
    1911.999      1010.029      0.58600      176.002      1.391355e-24       1.149110e-12       8.420282e-10      326.355      326.355
    1911.999      1010.029      0.58600      176.001      1.292153e-24       1.119547e-12       6.226352e-10      326.355      326.355
    1911.999      1010.029      0.58600      176.001      2.557341e-22       6.566396e-13       5.052751e-08      326.355      326.355
    1911.999      1010.030      0.58600      176.002      1.514414e-24       1.176285e-12       1.143540e-09      326.355      326.355
    1911.999      1010.029      0.58600      176.002      1.315240e-24       1.133214e-12       5.573688e-10      326.355      326.355
    1911.999      1010.029      0.58600      176.002      1.327648e-24       1.133032e-12       6.624689e-10      326.355      326.355
    1911.999      1010.028      0.58600      176.002      1.212306e-24       1.097054e-12       2.963033e-10      326.355      326.355
    1911.999      1010.027      0.58600      176.002      1.174520e-24       1.064367e-12       6.453099e-10      326.355      326.355
    1911.999      1010.028      0.58600      176.001      2.630117e-22       6.037168e-13       5.124912e-08      326.355      326.355
    1911.999      1010.028      0.58600      176.002      1.287404e-24       1.133708e-12       1.452406e-10      326.355      326.355
    1911.999      1010.028      0.58600      176.002      1.398515e-24       1.083388e-12       1.499288e-09      326.355      326.355
    1911.999      1010.028      0.58600      176.002      1.255412e-24       1.120426e-12       2.390035e-11      326.355      326.355
    1911.999      1010.028      0.58600      176.002      1.168916e-24       1.078444e-12       2.423742e-10      326.355      326.355
    1911.999      1010.027      0.58600      176.002      1.127033e-24       1.053779e-12       4.072253e-10      326.355      326.355
    1911.999      1010.027      0.58600      176.002      1.204004e-24       1.092562e-12       3.211228e-10      326.355      326.355
    1911.999      1010.026      0.58600      176.002      1.049627e-24       1.023932e-12       1.090837e-10      326.355      326.355
    1911.999      1010.025      0.58600      176.002      9.481334e-25       9.725867e-13       1.486112e-10      326.355      326.355
    1911.999      1010.025      0.58600      176.002      9.421510e-25       9.682379e-13       2.160225e-10      326.355      326.355
    1911.999      1010.023      0.58600      176.002      8.199212e-25       9.033756e-13       1.957992e-10      326.355      326.355
    1911.999      1010.024      0.58600      176.001      8.802204e-25       9.192153e-13       5.938321e-10      326.355      326.355
    1912.000      1010.023      0.58600      176.001      7.827706e-25       8.611629e-13       6.416327e-10      326.355      326.355
    1912.000      1010.021      0.58600      176.001      9.474081e-25       7.814359e-13       1.835119e-09      326.355      326.355
    1912.000      1010.020      0.58600      176.001      6.248844e-25       7.854427e-13       2.822082e-10      326.355      326.355
    1912.000      1010.016      0.58600      176.001      5.523601e-25       6.855959e-13       9.072946e-10      326.355      326.355
    1912.000      1010.018      0.58600      176.001      4.997325e-25       7.061764e-13       1.023426e-10      326.355      326.355
    1912.000      1010.014      0.58600      176.001      4.008520e-25       6.029271e-13       6.109913e-10      326.355      326.355
    1912.000      1010.014      0.58600      176.001      4.218337e-25       6.402079e-13       3.459423e-10      326.355      326.355
    1912.000      1010.011      0.58600      176.001      2.758445e-25       5.218063e-13       1.887515e-10      326.355      326.355
    1912.000      1010.005      0.58600      176.000      1.791171e-25       4.214349e-13       1.228723e-10      326.355      326.355
    1912.000      1010.002      0.58600      176.001      3.372321e-25       4.485028e-13       1.166522e-09      326.355      326.355
    1912.000      1010.001      0.58600      176.000      1.665031e-25       4.014717e-13       2.307303e-10      326.355      326.355
    1912.000      1009.994      0.58600      176.000      1.881561e-25       3.954348e-13       5.638034e-10      326.355      326.355
    1912.000      1009.998      0.58600      176.000      3.089930e-25       3.766550e-13       1.292765e-09      326.355      326.355
    1912.000      1009.989      0.58600      176.000      2.871361e-25       4.392783e-13       9.704161e-10      326.355      326.355
    1912.000      1009.995      0.58600      175.999      1.667723e-25       4.024747e-13       2.187802e-10      326.355      326.355
    1912.000      1009.997      0.58600      176.000      2.175764e-25       3.784556e-13       8.622515e-10      326.355      326.355
    1912.000      1010.010      0.58600      176.000      4.529216e-25       4.985939e-13       1.429425e-09      326.355      326.355
    1912.000      1009.994      0.58600      176.000      1.629750e-25       3.872286e-13       3.609568e-10      326.355      326.355
    1912.000      1010.001      0.58600      176.000      2.018460e-25       3.825095e-13       7.452011e-10      326.355      326.355
    1912.000      1010.000      0.58600      176.000      1.562044e-25       3.795048e-13       3.490066e-10      326.355      326.355
    1912.000      1009.990      0.58600      175.999      1.890615e-25       4.273823e-13       2.530988e-10      326.355      326.355
    1912.000      1010.001      0.58600      176.000      1.541359e-25       3.871965e-13       2.052981e-10      326.355      326.355
    1912.000      1010.004      0.58600      176.001      2.754080e-25       4.536420e-13       8.343679e-10      326.355      326.355
    1912.000      1009.997      0.58600      176.000      1.440877e-25       3.793499e-13       4.259178e-11      326.355      326.355
    1912.000      1009.995      0.58600      175.999      1.788407e-25       3.972403e-13       4.587032e-10      326.355      326.355
    1912.000      1010.000      0.58600      176.000      1.472690e-25       3.834192e-13       5.086482e-11      326.355      326.355
    1912.000      1010.005      0.58600      176.000      1.707096e-25       4.123037e-13       8.457045e-11      326.355      326.355
    1912.000      1009.997      0.58600      176.000      1.427820e-25       3.777667e-13       2.727085e-11      326.355      326.355
    1912.000      1009.998      0.58600      176.000      1.485913e-25       3.775609e-13       2.457447e-10      326.355      326.355
    1912.000      1009.994      0.58600      176.000      1.628022e-25       3.866895e-13       3.643273e-10      326.355      326.355
    1912.000      1010.000      0.58600      176.000      1.478614e-25       3.796198e-13       1.936542e-10      326.355      326.355
    1912.000      1009.999      0.58600      176.000      1.442235e-25       3.774965e-13       1.311457e-10      326.355      326.355
    1912.000      1009.997      0.58600      176.000      1.486144e-25       3.778682e-13       2.414551e-10      326.355      326.355
    1912.000      1009.999      0.58600      176.000      1.435216e-25       3.777551e-13       9.069869e-11      326.355      326.355
    1912.000      1009.996      0.58600      176.000      1.600632e-25       3.836230e-13       3.591184e-10      326.355      326.355
    1912.000      1009.999      0.58600      176.000      1.438762e-25       3.784069e-13       8.273202e-11      326.355      326.355
    1912.000      1009.997      0.58600      176.000      1.466354e-25       3.773198e-13       2.065236e-10      326.355      326.355
    1912.000      1009.998      0.58600      176.000      1.456491e-25       3.769281e-13       1.890580e-10      326.355      326.355
    1912.000      1009.998      0.58600      176.000      1.423046e-25       3.770160e-13       4.044679e-11      326.355      326.355
    1912.000      1009.998      0.58600      176.000      1.427285e-25       3.774435e-13       5.147758e-11      326.355      326.355
    1912.000      1009.997      0.58600      176.000      1.424800e-25       3.773733e-13       2.635172e-11      326.355      326.355
    1912.000      1009.998      0.58600      176.000      1.525692e-25       3.768021e-13       3.254126e-10      326.355      326.355
    1912.000      1009.997      0.58600      176.000      1.434807e-25       3.775093e-13       9.835915e-11      326.355      326.355
    1912.000      1009.997      0.58600      176.000      1.435592e-25       3.772196e-13       1.124544e-10      326.355      326.355
    1912.000      1009.997      0.58600      176.000      1.475620e-25       3.768033e-13       2.362460e-10      326.355      326.355
    1912.000      1009.998      0.58600      176.000      1.461823e-25       3.772113e-13       1.973312e-10      326.355      326.355
    1912.000      1009.997      0.58600      176.000      1.480163e-25       3.771932e-13       2.396165e-10      326.355      326.355
    1912.000      1009.998      0.58600      176.000      1.572010e-25       3.769051e-13       3.891470e-10      326.355      326.355
    1912.000      1009.997      0.58600      176.000      1.426668e-25       3.770773e-13       6.924970e-11      326.355      326.355
    1912.000      1009.998      0.58600      176.000      1.455284e-25       3.767833e-13       1.887516e-10      326.355      326.355
    1912.000      1009.998      0.58600      176.000      1.436713e-25       3.777696e-13       9.805278e-11      326.355      326.355
    1912.000      1009.998      0.58600      176.000      1.422054e-25       3.768909e-13       3.983404e-11      326.355      326.355
    1912.000      1009.998      0.58600      176.000      1.519589e-25       3.768264e-13       3.156073e-10      326.355      326.355
    1912.000      1009.998      0.58600      176.000      1.484384e-25       3.776938e-13       2.405358e-10      326.355      326.355
    1912.000      1009.998      0.58600      176.000      1.427581e-25       3.769131e-13       8.334495e-11      326.355      326.355
    1912.000      1009.997      0.58600      176.000      1.450804e-25       3.768259e-13       1.755757e-10      326.355      326.355
    1912.000      1009.998      0.58600      176.000      1.444988e-25       3.772858e-13       1.467728e-10      326.355      326.355
    1912.000      1009.998      0.58600      176.000      1.421161e-25       3.769811e-13       3.676870e-12      326.355      326.355
    1912.000      1009.998      0.58600      176.000      1.421291e-25       3.769715e-13       1.470783e-11      326.355      326.355
    1912.000      1009.998      0.58600      176.000      1.466842e-25       3.769049e-13       2.151032e-10      326.355      326.355
    1912.000      1009.998      0.58600      176.000      1.424287e-25       3.772851e-13       2.910928e-11      326.355      326.355
    1912.000      1009.998      0.58600      176.000      1.457850e-25       3.770930e-13       1.893644e-10      326.355      326.355
    1912.000      1009.998      0.58600      176.000      1.462495e-25       3.770407e-13       2.022340e-10      326.355      326.355
    1912.000      1009.998      0.58600      176.000      1.420943e-25       3.769320e-13       1.286939e-11      326.355      326.355
    1912.000      1009.998      0.58600      176.000      1.478560e-25       3.769416e-13       2.402292e-10      326.355      326.355
    1912.000      1009.998      0.58600      176.000      1.471974e-25       3.771043e-13       2.233766e-10      326.355      326.355
    1912.000      1009.998      0.58600      176.000      1.447727e-25       3.769421e-13       1.639320e-10      326.355      326.355
    1912.000      1009.998      0.58600      176.000      1.428465e-25       3.770167e-13       8.395770e-11      326.355      326.355
    1912.000      1009.998      0.58600      176.000      1.471162e-25       3.768873e-13       2.252148e-10      326.355      326.355
    1912.000      1009.998      0.58600      176.000      1.468716e-25       3.768884e-13       2.196994e-10      326.355      326.355
    1912.000      1009.998      0.58600      176.000      1.482866e-25       3.770168e-13       2.478897e-10      326.355      326.355
    1912.000      1009.998      0.58600      176.000      1.420984e-25       3.769308e-13       1.470800e-11      326.355      326.355
    1912.000      1009.998      0.58600      176.000      1.425047e-25       3.769699e-13       6.312146e-11      326.355      326.355
    1912.000      1009.998      0.58600      176.000      1.435315e-25       3.768975e-13       1.216468e-10      326.355      326.355
    1912.000      1009.998      0.58600      176.000      1.475574e-25       3.769881e-13       2.331819e-10      326.355      326.355
    1912.000      1009.998      0.58600      176.000      1.485057e-25       3.769200e-13       2.537115e-10      326.355      326.355
    1912.000      1009.998      0.58600      176.000      1.420935e-25       3.769439e-13       8.273219e-12      326.355      326.355
    1912.000      1009.998      0.58600      176.000      1.473537e-25       3.769435e-13       2.295046e-10      326.355      326.355
    1912.000      1009.998      0.58600      176.000      1.425115e-25       3.769737e-13       6.342784e-11      326.355      326.355
    1912.000      1009.998      0.58600      176.000      1.430995e-25       3.769557e-13       1.001978e-10      326.355      326.355
    1912.000      1009.998      0.58600      176.000      1.421217e-25       3.769512e-13       1.715919e-11      326.355      326.355
    1912.000      1009.998      0.58600      176.000      1.435701e-25       3.769288e-13       1.222597e-10      326.355      326.355
    1912.000      1009.998      0.58600      176.000      1.432879e-25       3.769500e-13       1.093901e-10      326.355      326.355
    1912.000      1009.998      0.58600      176.000      1.474963e-25       3.769260e-13       2.328753e-10      326.355      326.355
    1912.000      1009.998      0.58600      176.000      1.421492e-25       3.769491e-13       2.420673e-11      326.355      326.355
    1912.000      1009.998      0.58600      176.000      1.421217e-25       3.769512e-13       1.715919e-11      326.355      326.355
    1912.000      1009.998      0.58600      176.000      1.423008e-25       3.769478e-13       4.596227e-11      326.355      326.355
    1912.000      1009.998      0.58600      176.000      1.485153e-25       3.769741e-13       2.530986e-10      326.355      326.355
    1912.000      1009.998      0.58600      176.000      1.433217e-25       3.769410e-13       1.112287e-10      326.355      326.355
