[ER, ET, CPRT, GRT]  O.F.1  IT_1 IT_Force Force_Exp Force_FEMU 
    1297.657       548.382      1.02550      211.200      1.268721e-03       3.289607e-02       1.404957e-01      273.437      235.021
    6540.652       851.854      1.02550      211.200      1.012682e-01       3.227252e-02       3.166024e+00      273.437     1139.147
  -22156.987     -9363.413      4.98137      211.200      1.012682e-01       3.227252e-02       3.166024e+00      273.437     1139.147
    2124.846      4420.879      0.20829      211.200      3.904434e-03       5.263476e-02       3.408401e-01      273.437      366.636
    1297.657       548.382      1.02550     2730.272      2.052030e-03       4.423537e-02       1.071589e-01      273.437      244.136
    4599.264      2565.651      0.01945     1118.606      4.115386e-02       6.727074e-02       1.915039e+00      273.437      797.081
     345.437      3556.898      0.04287     1837.623      1.179715e-02       7.577408e-02       7.818475e-01      273.437       59.651
   -6229.178    -68594.854      1.74711      825.044      1.179715e-02       7.577408e-02       7.818475e-01      273.437       59.651
    -919.823     -2711.119      0.86867      894.288      1.179715e-02       7.577408e-02       7.818475e-01      273.437       59.651
    2960.117      2442.829      0.04129     1041.073      1.208928e-02       6.661783e-02       8.772527e-01      273.437      513.311
     475.338       923.386      0.55275      929.948      6.170716e-03       3.882405e-02       6.839943e-01      273.437       86.408
   -3750.056      -674.015      3.12346      170.419      6.170716e-03       3.882405e-02       6.839943e-01      273.437       86.408
     946.067       399.708      1.30187      421.147      4.317572e-03       5.735035e-02       3.257912e-01      273.437      184.354
    3574.892      1117.872      0.80839      419.631      1.764385e-02       2.797575e-02       1.298808e+00      273.437      628.580
    1065.088      1203.151      0.60175      783.690      2.103973e-03       3.471350e-02       3.018271e-01      273.437      190.907
    1196.946      2448.776      0.18954     1168.778      3.882193e-03       5.765942e-02       2.430700e-01      273.437      206.973
   -5715.244      -347.812      8.80606     2491.683      3.882193e-03       5.765942e-02       2.430700e-01      273.437      206.973
     491.597       175.393      1.41501     1689.920      3.882193e-03       5.765942e-02       2.430700e-01      273.437      206.973
    1812.180      2570.542      0.32022      547.869      2.220464e-03       4.487640e-02       1.505693e-01      273.437      314.609
    -399.848      -112.255      2.00167      622.882      2.220464e-03       4.487640e-02       1.505693e-01      273.437      314.609
    1077.775       509.039      1.12034      743.491      2.591662e-03       4.467655e-02       2.481185e-01      273.437      205.593
    1297.657       548.382      1.02550     1118.606      1.735437e-03       4.021252e-02       1.160002e-01      273.437      241.719
    1210.281       860.603      0.76178      452.235      1.323072e-03       3.036281e-02       2.025812e-01      273.437      218.044
    1703.333      1424.889      0.53014      359.861      1.165378e-03       3.305113e-02       9.161048e-02      273.437      298.487
    1461.884      1413.062      0.42782      593.795      1.574903e-03       3.932025e-02       6.654493e-02      273.437      255.242
    1475.352      1652.325      0.43240       37.608      1.489973e-03       3.818492e-02       6.816587e-02      273.437      254.798
    1286.213       740.300      0.91661       37.143      1.221407e-03       3.054470e-02       1.725567e-01      273.437      226.254
     727.985       234.467      1.50845      590.986      9.453589e-03       8.625544e-02       4.569450e-01      273.437      148.492
    1489.438      1253.789      0.57577      113.669      9.318545e-04       3.028546e-02       4.880294e-02      273.437      260.093
    1793.999      1078.427      0.68695       15.328      1.437700e-03       3.571804e-02       1.321661e-01      273.437      309.577
    1354.216       921.674      0.74251      286.002      9.429636e-04       2.853086e-02       1.170871e-01      273.437      241.421
    1556.857      1758.040      0.49023      138.613      1.114165e-03       3.353840e-02       7.672555e-03      273.437      271.340
    1527.949      1948.206      0.36073      532.985      1.804379e-03       4.260140e-02       2.765688e-02      273.437      265.875
    1457.763      1031.253      0.72394      106.652      7.761516e-04       2.730408e-02       6.172018e-02      273.437      256.561
    1216.296       999.971      0.71901       34.698      1.330968e-03       2.900403e-02       2.231920e-01      273.437      212.408
    1596.315      1329.718      0.57352      246.272      9.514746e-04       3.090434e-02       2.438642e-02      273.437      280.106
    1318.354       624.474      0.93097      225.645      1.066192e-03       2.999432e-02       1.324873e-01      273.437      237.211
    1418.014       863.738      0.76745      201.902      8.196392e-04       2.764274e-02       7.947266e-02      273.437      251.707
    1228.143       723.892      0.86075      107.368      1.164036e-03       2.768522e-02       2.013032e-01      273.437      218.394
    1522.383      1169.840      0.63120      206.194      8.453546e-04       2.914901e-02       2.046125e-02      273.437      267.843
    1592.180      1236.371      0.60517       62.024      8.987171e-04       3.010105e-02       1.305548e-02      273.437      277.007
    1483.639       897.110      0.79828      161.801      7.510491e-04       2.728687e-02       3.731139e-02      273.437      263.235
    1418.594       725.688      0.94191      189.064      9.205760e-04       2.973871e-02       6.710364e-02      273.437      255.089
    1307.114       749.955      0.87761      321.920      1.067330e-03       2.987103e-02       1.356371e-01      273.437      236.349
    1539.479      1111.460      0.66261      107.886      7.859734e-04       2.814364e-02       1.352542e-02      273.437      269.739
    1399.328       788.065      0.86165       89.567      8.523164e-04       2.776381e-02       9.444332e-02      273.437      247.613
    1503.965      1071.265      0.68102      172.518      7.861618e-04       2.800920e-02       3.080872e-02      273.437      265.013
    1580.364      1204.220      0.67075       82.409      7.896190e-04       2.821928e-02       1.120011e-02      273.437      276.500
    1540.448      1114.412      0.69165      107.312      7.594336e-04       2.767461e-02       1.099288e-02      273.437      270.432
    1508.645      1003.219      0.75384       76.821      7.537755e-04       2.741321e-02       3.131522e-02      273.437      264.875
    1434.019       903.524      0.82363      114.433      7.855401e-04       2.726566e-02       7.039752e-02      273.437      254.188
    1469.976       957.788      0.78127      112.778      7.514618e-04       2.708260e-02       5.032836e-02      273.437      259.676
    1546.803       953.598      0.78703      118.881      7.270515e-04       2.709951e-02       1.096022e-03      273.437      273.138
    1589.419       915.102      0.82111      125.246      7.435280e-04       2.725663e-02       2.834285e-02      273.437      281.187
    1441.694       798.184      0.88297      124.175      8.162990e-04       2.803181e-02       6.194711e-02      273.437      256.499
    1524.002      1032.734      0.73399      111.412      7.378760e-04       2.723427e-02       1.894094e-02      273.437      268.258
    1504.109       917.660      0.79631      185.988      7.494602e-04       2.742094e-02       2.251966e-02      273.437      267.280
    1559.608       939.634      0.77496      176.585      7.393620e-04       2.730872e-02       1.026366e-02      273.437      276.244
    1584.163      1026.140      0.74840      131.597      7.347965e-04       2.715697e-02       2.161161e-02      273.437      279.347
    1601.156      1059.396      0.72719       89.745      7.531720e-04       2.744620e-02       2.722288e-02      273.437      280.881
    1529.484       952.584      0.77817      158.655      7.334233e-04       2.720184e-02       9.395507e-03      273.437      270.868
    1532.801      1042.312      0.74898       89.799      7.386955e-04       2.727732e-02       1.443479e-02      273.437      269.490
    1539.773      1016.705      0.75511      108.751      7.297129e-04       2.713750e-02       7.957992e-03      273.437      271.261
    1574.522       941.964      0.80158      147.485      7.358446e-04       2.718989e-02       1.986733e-02      273.437      278.870
    1562.704       964.463      0.78401      137.990      7.289650e-04       2.711460e-02       1.056130e-02      273.437      276.325
    1503.334       917.887      0.80471      129.169      7.375054e-04       2.716205e-02       2.665716e-02      273.437      266.148
    1564.741       998.855      0.76198      130.988      7.286392e-04       2.711061e-02       1.002077e-02      273.437      276.178
    1578.006      1014.488      0.76571       93.453      7.357586e-04       2.721886e-02       1.516884e-02      273.437      277.585
    1541.570       967.895      0.77497      140.735      7.282868e-04       2.712086e-02       3.181286e-03      273.437      272.568
    1567.603       926.230      0.80008      157.536      7.368638e-04       2.723521e-02       1.588931e-02      273.437      277.782
    1547.005       993.859      0.76585      120.097      7.268125e-04       2.709463e-02       1.859609e-03      273.437      272.929
    1537.359       992.575      0.76092      117.468      7.281444e-04       2.710645e-02       8.558674e-03      273.437      271.097
    1521.564       955.086      0.78240      117.435      7.295665e-04       2.709002e-02       1.742451e-02      273.437      268.673
    1554.043       987.885      0.76702      127.530      7.270680e-04       2.709810e-02       3.228156e-03      273.437      274.320
    1551.206       996.064      0.76534      102.696      7.293374e-04       2.714214e-02       9.310265e-04      273.437      273.183
    1543.991       974.905      0.77253      130.661      7.269819e-04       2.709719e-02       2.585637e-03      273.437      272.730
    1558.441       962.517      0.78536      131.208      7.277778e-04       2.710314e-02       7.371776e-03      273.437      275.453
    1553.273       970.014      0.77917      127.702      7.267789e-04       2.709245e-02       3.437942e-03      273.437      274.378
    1541.375       958.268      0.78527      121.082      7.269717e-04       2.709471e-02       4.357016e-03      273.437      272.246
    1545.892       995.037      0.76455      130.958      7.272909e-04       2.710367e-02       1.680727e-03      273.437      272.978
    1546.666       963.897      0.78131      121.845      7.265710e-04       2.709052e-02       1.179293e-03      273.437      273.115
    1550.185       968.025      0.78317      114.921      7.269258e-04       2.709733e-02       5.785899e-04      273.437      273.596
    1557.146       989.673      0.76951      121.113      7.268435e-04       2.709151e-02       4.824991e-03      273.437      274.757
    1551.677       990.624      0.76475      130.677      7.273791e-04       2.710518e-02       1.876492e-03      273.437      273.951
    1550.655       973.679      0.77853      118.764      7.265127e-04       2.708951e-02       9.774519e-04      273.437      273.705
    1541.627       961.083      0.78293      123.047      7.267775e-04       2.709141e-02       4.152275e-03      273.437      272.302
    1548.683       940.734      0.79557      125.570      7.282319e-04       2.712146e-02       1.175825e-03      273.437      273.759
    1547.584       980.479      0.77311      121.454      7.264169e-04       2.708771e-02       1.014772e-03      273.437      273.160
    1540.025       969.519      0.77874      115.010      7.270085e-04       2.709197e-02       6.111976e-03      273.437      271.766
    1549.959       969.895      0.77906      124.466      7.264891e-04       2.708904e-02       1.052475e-03      273.437      273.725
    1555.773       982.923      0.77311      120.209      7.266666e-04       2.708950e-02       4.052787e-03      273.437      274.546
    1552.255       977.447      0.77554      120.915      7.264737e-04       2.708821e-02       2.011918e-03      273.437      273.988
    1553.535       986.905      0.77187      120.938      7.265331e-04       2.708873e-02       2.680390e-03      273.437      274.170
    1551.831       981.132      0.77420      121.165      7.264330e-04       2.708765e-02       1.722999e-03      273.437      273.909
    1550.140       980.788      0.77243      125.271      7.265658e-04       2.709053e-02       8.900734e-04      273.437      273.681
    1550.537       975.457      0.77700      120.374      7.264271e-04       2.708792e-02       9.641725e-04      273.437      273.701
    1551.118       987.391      0.77090      117.537      7.266291e-04       2.709175e-02       7.764148e-04      273.437      273.650
    1550.260       974.258      0.77701      122.715      7.264080e-04       2.708755e-02       9.892655e-04      273.437      273.708
    1547.856       978.211      0.77511      121.937      7.263633e-04       2.708682e-02       6.781019e-04      273.437      273.252
    1545.658       978.590      0.77490      122.449      7.264089e-04       2.708699e-02       2.023019e-03      273.437      272.884
    1546.290       973.077      0.77691      122.073      7.264056e-04       2.708722e-02       1.590686e-03      273.437      273.003
    1545.460       977.552      0.77407      123.726      7.264604e-04       2.708788e-02       2.112099e-03      273.437      272.860
    1549.269       975.981      0.77627      121.208      7.264015e-04       2.708761e-02       1.962757e-04      273.437      273.491
    1549.233       970.292      0.77956      122.513      7.264408e-04       2.708831e-02       4.616367e-04      273.437      273.564
    1548.004       977.929      0.77471      121.718      7.263879e-04       2.708729e-02       6.412898e-04      273.437      273.262
    1545.450       978.339      0.77450      120.757      7.264393e-04       2.708729e-02       2.345485e-03      273.437      272.796
    1549.058       975.278      0.77638      122.224      7.263866e-04       2.708733e-02       1.555971e-04      273.437      273.480
    1550.802       980.629      0.77433      121.470      7.264158e-04       2.708765e-02       1.106599e-03      273.437      273.740
    1547.419       974.963      0.77626      121.922      7.263967e-04       2.708737e-02       9.160177e-04      273.437      273.187
    1546.901       977.209      0.77497      122.695      7.264093e-04       2.708747e-02       1.236186e-03      273.437      273.099
    1548.677       976.288      0.77594      121.579      7.263966e-04       2.708752e-02       1.616596e-04      273.437      273.393
    1549.379       978.892      0.77481      121.806      7.263793e-04       2.708719e-02       2.533396e-04      273.437      273.507
    1548.472       978.868      0.77457      122.264      7.264007e-04       2.708758e-02       2.937820e-04      273.437      273.357
    1548.626       976.933      0.77560      121.750      7.263924e-04       2.708744e-02       1.944378e-04      273.437      273.384
    1548.523       978.223      0.77491      122.093      7.263692e-04       2.708700e-02       2.604990e-04      273.437      273.366
    1549.404       977.372      0.77589      122.312      7.263844e-04       2.708727e-02       3.763676e-04      273.437      273.540
    1548.522       981.074      0.77399      121.850      7.263603e-04       2.708683e-02       3.110133e-04      273.437      273.352
    1548.250       983.975      0.77280      121.663      7.263797e-04       2.708715e-02       5.460792e-04      273.437      273.288
    1547.734       980.828      0.77352      121.531      7.263955e-04       2.708736e-02       8.755337e-04      273.437      273.198
    1548.987       978.236      0.77530      122.117      7.263636e-04       2.708691e-02       6.385011e-05      273.437      273.455
    1547.566       978.978      0.77484      122.192      7.263577e-04       2.708667e-02       8.460256e-04      273.437      273.206
    1546.659       979.021      0.77486      122.385      7.263909e-04       2.708705e-02       1.395848e-03      273.437      273.056
    1547.942       980.026      0.77471      121.955      7.263508e-04       2.708660e-02       6.252691e-04      273.437      273.267
    1547.651       980.927      0.77461      121.886      7.263419e-04       2.708638e-02       8.082018e-04      273.437      273.217
    1546.810       981.359      0.77398      121.816      7.263595e-04       2.708647e-02       1.385443e-03      273.437      273.059
    1547.417       982.959      0.77360      121.935      7.263492e-04       2.708645e-02       9.975933e-04      273.437      273.165
    1546.200       981.036      0.77453      122.065      7.263496e-04       2.708610e-02       1.708099e-03      273.437      272.970
    1547.607       980.591      0.77481      122.223      7.263377e-04       2.708631e-02       7.942929e-04      273.437      273.220
    1548.005       980.208      0.77522      122.427      7.263682e-04       2.708695e-02       4.990484e-04      273.437      273.301
    1546.870       983.777      0.77393      121.863      7.263435e-04       2.708621e-02       1.309143e-03      273.437      273.080
    1548.574       983.092      0.77395      121.889      7.263707e-04       2.708703e-02       2.459397e-04      273.437      273.370
    1546.793       981.550      0.77438      122.021      7.263415e-04       2.708616e-02       1.342624e-03      273.437      273.070
    1547.042       980.464      0.77527      122.061      7.263267e-04       2.708598e-02       1.130400e-03      273.437      273.128
    1546.852       979.217      0.77610      122.124      7.263529e-04       2.708644e-02       1.198406e-03      273.437      273.110
    1547.675       977.990      0.77561      122.233      7.263543e-04       2.708664e-02       7.294997e-04      273.437      273.238
    1547.072       982.330      0.77435      121.955      7.263299e-04       2.708603e-02       1.163850e-03      273.437      273.119
    1546.606       981.540      0.77479      122.244      7.263299e-04       2.708591e-02       1.407442e-03      273.437      273.053
    1547.370       980.913      0.77523      122.221      7.263218e-04       2.708598e-02       9.054307e-04      273.437      273.190
    1547.658       980.594      0.77565      122.321      7.263328e-04       2.708625e-02       6.872056e-04      273.437      273.250
    1546.437       982.031      0.77501      122.018      7.263181e-04       2.708563e-02       1.509983e-03      273.437      273.025
    1545.850       982.748      0.77511      121.915      7.263219e-04       2.708548e-02       1.869105e-03      273.437      272.926
    1546.655       980.144      0.77580      122.317      7.263403e-04       2.708615e-02       1.313415e-03      273.437      273.078
    1546.968       981.784      0.77471      122.046      7.263274e-04       2.708596e-02       1.200912e-03      273.437      273.109
    1547.303       981.056      0.77531      121.929      7.263372e-04       2.708624e-02       9.658195e-04      273.437      273.173
    1546.780       981.419      0.77492      122.165      7.263240e-04       2.708586e-02       1.297004e-03      273.437      273.083
    1546.847       980.630      0.77550      122.187      7.263360e-04       2.708612e-02       1.220534e-03      273.437      273.104
    1546.938       981.495      0.77491      122.081      7.263229e-04       2.708588e-02       1.205702e-03      273.437      273.108
    1546.721       982.465      0.77477      122.181      7.263157e-04       2.708569e-02       1.328660e-03      273.437      273.074
    1546.560       983.465      0.77452      122.241      7.263110e-04       2.708555e-02       1.428081e-03      273.437      273.047
    1546.872       982.533      0.77491      122.115      7.263087e-04       2.708560e-02       1.227488e-03      273.437      273.102
    1546.918       983.090      0.77490      122.090      7.263014e-04       2.708548e-02       1.193012e-03      273.437      273.111
    1546.704       983.254      0.77492      122.204      7.263010e-04       2.708542e-02       1.312727e-03      273.437      273.079
    1546.586       984.132      0.77492      122.265      7.262964e-04       2.708531e-02       1.366908e-03      273.437      273.064
    1545.878       985.444      0.77445      122.086      7.262934e-04       2.708497e-02       1.844870e-03      273.437      272.933
    1545.128       987.706      0.77406      122.018      7.262871e-04       2.708448e-02       2.317047e-03      273.437      272.804
    1546.158       987.167      0.77419      122.290      7.262882e-04       2.708500e-02       1.642813e-03      273.437      272.988
    1545.833       987.580      0.77452      122.091      7.262804e-04       2.708473e-02       1.833464e-03      273.437      272.936
    1545.464       989.631      0.77451      122.016      7.262593e-04       2.708419e-02       2.040129e-03      273.437      272.880
    1544.743       991.221      0.77395      122.205      7.262735e-04       2.708407e-02       2.494984e-03      273.437      272.755
    1544.152       993.724      0.77344      121.999      7.262768e-04       2.708374e-02       2.886052e-03      273.437      272.648
    1543.577       993.965      0.77379      121.829      7.262769e-04       2.708334e-02       3.231400e-03      273.437      272.554
    1543.826       996.552      0.77379      122.006      7.262317e-04       2.708275e-02       3.018503e-03      273.437      272.612
    1543.151      1000.952      0.77365      122.000      7.262068e-04       2.708185e-02       3.384839e-03      273.437      272.512
    1545.192       993.812      0.77398      122.281      7.262272e-04       2.708349e-02       2.162091e-03      273.437      272.846
    1545.135       994.096      0.77461      122.252      7.261987e-04       2.708297e-02       2.147004e-03      273.437      272.850
    1545.623       994.281      0.77519      122.378      7.261606e-04       2.708253e-02       1.779304e-03      273.437      272.951
    1544.969       998.114      0.77472      122.133      7.261490e-04       2.708201e-02       2.190190e-03      273.437      272.839
    1545.058      1001.541      0.77510      122.097      7.261014e-04       2.708123e-02       2.052861e-03      273.437      272.876
    1544.006      1005.624      0.77445      122.362      7.260814e-04       2.708031e-02       2.676808e-03      273.437      272.706
    1543.193      1013.544      0.77442      122.535      7.260000e-04       2.707839e-02       3.049529e-03      273.437      272.604
    1543.264      1011.291      0.77519      122.224      7.260132e-04       2.707869e-02       3.008112e-03      273.437      272.615
    1545.429      1009.389      0.77628      122.617      7.259641e-04       2.707901e-02       1.553297e-03      273.437      273.013
    1546.506      1013.557      0.77758      122.926      7.258830e-04       2.707786e-02       6.763815e-04      273.437      273.253
    1543.177      1025.487      0.77595      122.512      7.258262e-04       2.707547e-02       2.751259e-03      273.437      272.685
    1541.586      1040.739      0.77632      122.580      7.256700e-04       2.707172e-02       3.475599e-03      273.437      272.487
    1542.009      1037.824      0.77663      123.036      7.256942e-04       2.707253e-02       3.186061e-03      273.437      272.566
    1543.299      1041.470      0.77727      123.316      7.255888e-04       2.707152e-02       2.239806e-03      273.437      272.825
    1542.922      1056.188      0.77827      123.863      7.254190e-04       2.706846e-02       2.109323e-03      273.437      272.861
    1542.756      1060.079      0.77987      123.668      7.254390e-04       2.706889e-02       2.037789e-03      273.437      272.880
    1537.056      1082.740      0.77798      123.647      7.254166e-04       2.706375e-02       5.425705e-03      273.437      271.954
    1530.504      1115.348      0.77817      124.008      7.256729e-04       2.705896e-02       8.985196e-03      273.437      270.981
    1539.817      1081.720      0.77955      123.842      7.253072e-04       2.706485e-02       3.555232e-03      273.437      272.465
    1537.819      1102.733      0.78093      124.246      7.252534e-04       2.706271e-02       4.323955e-03      273.437      272.255
    1537.491      1108.906      0.78207      125.139      7.252361e-04       2.706251e-02       4.246694e-03      273.437      272.276
    1533.012      1140.361      0.78470      126.428      7.254417e-04       2.706253e-02       6.204466e-03      273.437      271.741
    1534.699      1114.973      0.77981      124.779      7.252858e-04       2.705977e-02       6.137584e-03      273.437      271.759
    1528.170      1145.707      0.78201      125.042      7.257395e-04       2.705828e-02       9.543298e-03      273.437      270.828
    1540.230      1079.677      0.77926      124.157      7.252850e-04       2.706473e-02       3.321029e-03      273.437      272.529
    1537.718      1120.065      0.78298      125.517      7.251853e-04       2.706222e-02       3.811126e-03      273.437      272.395
    1537.182      1137.816      0.78536      126.457      7.252669e-04       2.706408e-02       3.563093e-03      273.437      272.463
    1542.166      1090.955      0.78288      124.749      7.252782e-04       2.706621e-02       1.561289e-03      273.437      273.011
    1536.399      1130.617      0.78504      125.669      7.253526e-04       2.706464e-02       4.277426e-03      273.437      272.268
    1539.684      1092.851      0.78075      124.534      7.252490e-04       2.706409e-02       3.293885e-03      273.437      272.537
    1534.148      1121.251      0.78054      124.968      7.252754e-04       2.705920e-02       6.303852e-03      273.437      271.714
    1536.223      1113.763      0.78111      124.913      7.252292e-04       2.706095e-02       5.072608e-03      273.437      272.050
    1537.817      1115.148      0.78252      125.808      7.251631e-04       2.706177e-02       3.837071e-03      273.437      272.388
    1537.719      1121.254      0.78331      126.592      7.251620e-04       2.706200e-02       3.655304e-03      273.437      272.438
    1534.170      1138.329      0.78392      126.548      7.253002e-04       2.706129e-02       5.566109e-03      273.437      271.916
    1538.592      1104.539      0.78157      125.036      7.252225e-04       2.706310e-02       3.676848e-03      273.437      272.432
    1537.670      1120.943      0.78242      125.889      7.251303e-04       2.706115e-02       3.838958e-03      273.437      272.388
    1537.703      1126.902      0.78260      126.266      7.250865e-04       2.706057e-02       3.671085e-03      273.437      272.434
    1539.680      1122.666      0.78411      126.794      7.251419e-04       2.706312e-02       2.309456e-03      273.437      272.806
    1537.338      1140.383      0.78488      127.553      7.251607e-04       2.706237e-02       3.355970e-03      273.437      272.520
    1538.503      1135.542      0.78447      128.092      7.250946e-04       2.706189e-02       2.683499e-03      273.437      272.704
    1538.844      1141.445      0.78472      127.760      7.250881e-04       2.706205e-02       2.386444e-03      273.437      272.785
    1539.962      1122.815      0.78306      126.901      7.250546e-04       2.706158e-02       2.212269e-03      273.437      272.833
    1541.064      1113.795      0.78213      126.575      7.250682e-04       2.706215e-02       1.775909e-03      273.437      272.952
    1537.848      1140.706      0.78333      127.713      7.249985e-04       2.705959e-02       3.153059e-03      273.437      272.575
    1536.833      1149.612      0.78295      128.174      7.249316e-04       2.705772e-02       3.638975e-03      273.437      272.442
    1538.293      1134.989      0.78220      126.459      7.250014e-04       2.705960e-02       3.189748e-03      273.437      272.565
    1537.492      1125.669      0.78066      126.140      7.250052e-04       2.705857e-02       4.006641e-03      273.437      272.342
    1538.701      1139.772      0.78184      127.571      7.248944e-04       2.705806e-02       2.778877e-03      273.437      272.678
    1539.166      1146.176      0.78147      128.226      7.248014e-04       2.705673e-02       2.354226e-03      273.437      272.794
    1535.866      1155.326      0.78062      127.596      7.248486e-04       2.705499e-02       4.424662e-03      273.437      272.228
    1537.112      1166.858      0.78292      129.093      7.248260e-04       2.705643e-02       3.102821e-03      273.437      272.589
    1535.930      1173.690      0.78179      130.098      7.247365e-04       2.705394e-02       3.740013e-03      273.437      272.415
    1534.225      1192.422      0.78160      131.937      7.246566e-04       2.705153e-02       4.351581e-03      273.437      272.248
    1536.554      1181.034      0.78039      130.245      7.245758e-04       2.705146e-02       3.347528e-03      273.437      272.522
    1536.211      1196.527      0.77916      131.286      7.244371e-04       2.704889e-02       3.332004e-03      273.437      272.526
    1537.427      1195.612      0.78191      132.691      7.245354e-04       2.705191e-02       2.184655e-03      273.437      272.840
    1536.716      1198.899      0.77918      132.980      7.244150e-04       2.704908e-02       2.805984e-03      273.437      272.670
    1536.354      1214.753      0.77737      134.945      7.242897e-04       2.704679e-02       2.762518e-03      273.437      272.682
    1530.543      1250.511      0.77867      137.275      7.244071e-04       2.704475e-02       5.504131e-03      273.437      271.932
    1536.314      1236.677      0.77701      136.160      7.241593e-04       2.704473e-02       2.363919e-03      273.437      272.791
    1537.058      1258.501      0.77482      138.296      7.240154e-04       2.704264e-02       1.560445e-03      273.437      273.011
    1532.656      1264.579      0.77327      138.211      7.241165e-04       2.704138e-02       4.391381e-03      273.437      272.237
    1530.708      1295.873      0.77312      143.200      7.241826e-04       2.704215e-02       4.665243e-03      273.437      272.162
    1538.359      1267.110      0.77056      140.027      7.240269e-04       2.704317e-02       8.562528e-04      273.437      273.203
    1531.472      1326.306      0.76887      144.998      7.240994e-04       2.704171e-02       3.975645e-03      273.437      272.350
    1539.034      1262.310      0.77053      137.567      7.239455e-04       2.704168e-02       7.471415e-04      273.437      273.233
    1542.371      1244.426      0.76917      134.793      7.240470e-04       2.704359e-02       6.805734e-04      273.437      273.624
    1540.910      1293.393      0.76909      142.218      7.240005e-04       2.704254e-02       1.210235e-03      273.437      273.768
    1543.588      1210.800      0.77384      134.150      7.241949e-04       2.704612e-02       1.312202e-03      273.437      273.796
    1535.517      1298.813      0.77002      142.247      7.239747e-04       2.704158e-02       2.000084e-03      273.437      272.891
    1537.936      1289.422      0.77162      140.120      7.238676e-04       2.704024e-02       6.719432e-04      273.437      273.254
    1537.489      1300.277      0.77214      140.166      7.238047e-04       2.703905e-02       7.332821e-04      273.437      273.237
    1539.427      1319.028      0.76624      142.808      7.239943e-04       2.704266e-02       4.374249e-04      273.437      273.557
    1535.099      1297.145      0.77035      139.169      7.238567e-04       2.703891e-02       2.556921e-03      273.437      272.738
    1534.240      1260.534      0.77544      136.789      7.240617e-04       2.704181e-02       3.388282e-03      273.437      272.511
    1538.199      1304.436      0.76848      141.291      7.239066e-04       2.704102e-02       4.763151e-04      273.437      273.307
    1539.612      1283.538      0.77073      136.870      7.238103e-04       2.703926e-02       1.161413e-04      273.437      273.406
    1535.129      1328.998      0.77033      141.183      7.237271e-04       2.703706e-02       1.863942e-03      273.437      272.928
    1531.521      1360.057      0.77025      143.009      7.237520e-04       2.703589e-02       3.493651e-03      273.437      272.482
    1535.677      1300.870      0.77328      137.408      7.237965e-04       2.703824e-02       2.025243e-03      273.437      272.884
    1539.050      1309.979      0.77287      138.633      7.237319e-04       2.703778e-02       3.128720e-04      273.437      273.523
    1533.094      1335.212      0.77351      141.840      7.237831e-04       2.703743e-02       2.662939e-03      273.437      272.709
    1533.767      1336.946      0.77284      139.354      7.237113e-04       2.703621e-02       2.532343e-03      273.437      272.745
    1531.270      1354.387      0.77317      138.948      7.237271e-04       2.703494e-02       3.848390e-03      273.437      272.385
    1534.453      1354.172      0.77154      143.120      7.236796e-04       2.703634e-02       1.596981e-03      273.437      273.001
    1532.992      1379.636      0.77072      146.021      7.237202e-04       2.703688e-02       1.928539e-03      273.437      272.910
    1538.266      1330.075      0.77026      139.300      7.236593e-04       2.703644e-02       7.336787e-05      273.437      273.417
    1540.689      1327.305      0.76861      138.039      7.237082e-04       2.703712e-02       1.117085e-03      273.437      273.743
    1531.318      1364.444      0.76969      142.853      7.237320e-04       2.703534e-02       3.628999e-03      273.437      272.445
    1537.345      1323.929      0.77205      139.682      7.237015e-04       2.703717e-02       5.256191e-04      273.437      273.294
    1536.835      1343.652      0.77299      139.538      7.236373e-04       2.703599e-02       4.712707e-04      273.437      273.309
    1537.499      1350.753      0.77430      138.719      7.236227e-04       2.703575e-02       1.004073e-04      273.437      273.465
    1540.282      1342.875      0.77125      141.049      7.236543e-04       2.703583e-02       1.658825e-03      273.437      273.891
    1537.733      1364.767      0.77165      141.405      7.235742e-04       2.703481e-02       4.600267e-04      273.437      273.563
    1537.370      1384.418      0.77146      142.270      7.235324e-04       2.703400e-02       5.923125e-04      273.437      273.599
    1542.735      1350.518      0.77211      137.569      7.236804e-04       2.703510e-02       3.045732e-03      273.437      274.270
    1536.529      1353.272      0.77168      141.722      7.236124e-04       2.703553e-02       4.322183e-04      273.437      273.319
    1536.661      1384.362      0.77400      142.583      7.235800e-04       2.703492e-02       4.418533e-04      273.437      273.558
    1532.891      1392.298      0.77440      141.591      7.235950e-04       2.703459e-02       1.867765e-03      273.437      272.927
    1533.993      1406.042      0.77156      145.403      7.235727e-04       2.703468e-02       8.791158e-04      273.437      273.197
    1532.112      1427.689      0.77397      144.199      7.235615e-04       2.703413e-02       1.605640e-03      273.437      272.998
    1537.661      1409.685      0.77112      145.646      7.235784e-04       2.703453e-02       1.456784e-03      273.437      273.836
    1534.032      1429.715      0.77015      146.181      7.235204e-04       2.703378e-02       5.751233e-04      273.437      273.280
    1532.258      1451.686      0.76832      147.996      7.235839e-04       2.703467e-02       1.378791e-03      273.437      273.060
    1531.512      1414.846      0.77245      143.377      7.235384e-04       2.703309e-02       2.419364e-03      273.437      272.776
    1533.884      1422.825      0.77246      142.611      7.234594e-04       2.703256e-02       8.902573e-04      273.437      273.194
    1533.670      1430.990      0.77290      141.225      7.234748e-04       2.703280e-02       1.003165e-03      273.437      273.163
    1535.960      1397.808      0.76922      143.013      7.235084e-04       2.703361e-02       2.535925e-04      273.437      273.368
    1539.305      1402.824      0.76917      143.652      7.235496e-04       2.703366e-02       1.980432e-03      273.437      273.979
    1533.554      1411.973      0.77164      143.446      7.234882e-04       2.703295e-02       1.258072e-03      273.437      273.093
    1530.568      1445.517      0.77032      145.356      7.235259e-04       2.703270e-02       2.583849e-03      273.437      272.731
    1532.653      1430.836      0.77059      144.582      7.234920e-04       2.703287e-02       1.540097e-03      273.437      273.016
    1534.149      1402.219      0.77184      140.670      7.234748e-04       2.703268e-02       1.293037e-03      273.437      273.084
    1530.331      1434.966      0.77396      142.634      7.235926e-04       2.703375e-02       2.780485e-03      273.437      272.677
    1534.906      1407.590      0.77043      142.918      7.234927e-04       2.703325e-02       6.541944e-04      273.437      273.259
    1532.091      1426.172      0.77281      142.729      7.234960e-04       2.703270e-02       1.917764e-03      273.437      272.913
    1534.291      1412.359      0.77104      142.871      7.234616e-04       2.703259e-02       9.122674e-04      273.437      273.188
    1535.106      1393.569      0.77293      140.229      7.235134e-04       2.703361e-02       7.514464e-04      273.437      273.232
    1533.361      1421.665      0.77116      143.487      7.234685e-04       2.703257e-02       1.281971e-03      273.437      273.087
    1534.369      1417.674      0.77161      141.373      7.234437e-04       2.703227e-02       8.798212e-04      273.437      273.197
    1534.767      1420.513      0.77159      140.343      7.234382e-04       2.703222e-02       6.974200e-04      273.437      273.247
    1533.766      1436.110      0.77130      143.991      7.234510e-04       2.703244e-02       7.492663e-04      273.437      273.233
    1535.076      1424.361      0.77203      141.417      7.234388e-04       2.703230e-02       2.886959e-04      273.437      273.359
    1534.204      1439.193      0.77263      141.306      7.234469e-04       2.703241e-02       5.672465e-04      273.437      273.282
    1535.084      1437.355      0.77133      140.914      7.234120e-04       2.703181e-02       2.212497e-04      273.437      273.377
    1535.649      1444.572      0.77077      140.069      7.234176e-04       2.703192e-02       8.962192e-05      273.437      273.462
    1535.864      1424.687      0.77250      138.030      7.235144e-04       2.703373e-02       9.772133e-05      273.437      273.411
    1534.299      1433.268      0.77160      142.489      7.234225e-04       2.703195e-02       5.805826e-04      273.437      273.279
    1535.222      1418.296      0.77062      141.274      7.234311e-04       2.703214e-02       4.496203e-04      273.437      273.315
    1534.694      1430.479      0.77054      141.090      7.234162e-04       2.703182e-02       6.306301e-04      273.437      273.265
    1534.902      1439.213      0.77046      142.543      7.233958e-04       2.703151e-02       2.297287e-04      273.437      273.375
    1534.887      1448.439      0.76990      143.650      7.233999e-04       2.703159e-02       4.931985e-05      273.437      273.424
    1533.923      1451.351      0.77134      142.243      7.234139e-04       2.703178e-02       6.057637e-04      273.437      273.272
    1535.072      1446.034      0.77025      140.907      7.233885e-04       2.703137e-02       2.181817e-04      273.437      273.378
    1535.437      1452.388      0.76958      140.119      7.233999e-04       2.703159e-02       5.146294e-05      273.437      273.423
    1534.633      1456.257      0.77114      142.213      7.234042e-04       2.703167e-02       1.133945e-04      273.437      273.406
    1535.891      1438.031      0.77024      141.044      7.233938e-04       2.703147e-02       1.939965e-04      273.437      273.491
    1535.223      1452.498      0.76973      142.440      7.233923e-04       2.703145e-02       7.564460e-05      273.437      273.458
    1535.644      1431.253      0.76918      141.253      7.234073e-04       2.703173e-02       1.494543e-04      273.437      273.397
    1534.996      1450.164      0.77065      141.972      7.233985e-04       2.703157e-02       5.055978e-05      273.437      273.424
    1535.502      1437.661      0.76967      141.493      7.233991e-04       2.703158e-02       6.848013e-05      273.437      273.419
    1535.150      1447.078      0.77041      141.852      7.233847e-04       2.703131e-02       3.707725e-05      273.437      273.427
    1535.763      1452.606      0.76985      140.581      7.233971e-04       2.703153e-02       2.344311e-04      273.437      273.502
    1535.128      1442.576      0.77031      142.051      7.233884e-04       2.703138e-02       1.065384e-04      273.437      273.408
    1534.310      1455.929      0.77010      142.582      7.233826e-04       2.703124e-02       3.923475e-04      273.437      273.330
    1533.379      1464.659      0.77004      143.353      7.233962e-04       2.703141e-02       7.767676e-04      273.437      273.225
    1534.627      1443.343      0.77081      141.256      7.234078e-04       2.703170e-02       4.399807e-04      273.437      273.317
    1535.076      1450.212      0.77000      142.143      7.233814e-04       2.703125e-02       5.169092e-05      273.437      273.423
    1534.776      1451.888      0.77016      143.413      7.233845e-04       2.703130e-02       6.565883e-05      273.437      273.420
    1534.463      1459.878      0.77003      142.944      7.233845e-04       2.703130e-02       2.089842e-04      273.437      273.380
    1534.132      1461.828      0.76974      143.691      7.233903e-04       2.703139e-02       3.414661e-04      273.437      273.344
    1534.913      1450.793      0.77024      142.311      7.233824e-04       2.703126e-02       1.018159e-04      273.437      273.410
    1535.020      1444.449      0.77022      142.281      7.233867e-04       2.703134e-02       1.325392e-04      273.437      273.401
    1534.625      1456.056      0.77008      142.778      7.233857e-04       2.703132e-02       1.748556e-04      273.437      273.390
    1534.995      1450.503      0.77012      142.227      7.233816e-04       2.703125e-02       7.650967e-05      273.437      273.417
    1534.700      1453.080      0.77005      142.362      7.233807e-04       2.703123e-02       2.180521e-04      273.437      273.378
    1534.927      1451.051      0.77008      142.778      7.233838e-04       2.703129e-02       5.815256e-05      273.437      273.422
    1534.784      1455.067      0.77001      142.543      7.233848e-04       2.703131e-02       1.210960e-04      273.437      273.404
    1535.051      1447.335      0.77011      142.212      7.233829e-04       2.703127e-02       9.007558e-05      273.437      273.413
    1534.988      1449.520      0.77006      141.696      7.233819e-04       2.703125e-02       1.575329e-04      273.437      273.394
    1534.818      1454.307      0.77000      142.002      7.233813e-04       2.703124e-02       1.683828e-04      273.437      273.391
    1534.803      1454.526      0.77003      142.673      7.233860e-04       2.703133e-02       1.019302e-04      273.437      273.410
    1534.944      1450.776      0.77005      141.940      7.233826e-04       2.703127e-02       1.420365e-04      273.437      273.399
    1534.759      1453.694      0.77003      142.182      7.233803e-04       2.703122e-02       1.930789e-04      273.437      273.385
    1534.889      1451.649      0.77002      142.253      7.233801e-04       2.703122e-02       1.338667e-04      273.437      273.401
    1534.848      1451.793      0.77008      142.295      7.233804e-04       2.703122e-02       1.467496e-04      273.437      273.397
    1534.846      1451.303      0.77005      142.029      7.233818e-04       2.703125e-02       1.865019e-04      273.437      273.387
    1534.752      1453.804      0.77004      142.517      7.233850e-04       2.703131e-02       1.598014e-04      273.437      273.394
    1534.823      1451.929      0.77005      142.151      7.233823e-04       2.703126e-02       1.794411e-04      273.437      273.388
    1534.825      1452.672      0.77002      142.218      7.233796e-04       2.703121e-02       1.630577e-04      273.437      273.393
    1534.869      1451.721      0.77005      142.274      7.233799e-04       2.703121e-02       1.402394e-04      273.437      273.399
    1534.795      1452.365      0.77004      142.308      7.233803e-04       2.703122e-02       1.756550e-04      273.437      273.389
    1534.868      1451.476      0.77004      142.141      7.233823e-04       2.703126e-02       1.602334e-04      273.437      273.394
    1534.821      1452.727      0.77003      142.385      7.233864e-04       2.703134e-02       1.463635e-04      273.437      273.397
    1534.856      1451.789      0.77004      142.202      7.233801e-04       2.703122e-02       1.566895e-04      273.437      273.395
    1534.925      1451.550      0.77003      142.166      7.233813e-04       2.703124e-02       1.213029e-04      273.437      273.404
    1534.827      1452.162      0.77004      142.272      7.233801e-04       2.703122e-02       1.619821e-04      273.437      273.393
    1534.799      1452.523      0.77005      142.230      7.233808e-04       2.703123e-02       1.772776e-04      273.437      273.389
    1534.867      1451.867      0.77003      142.247      7.233800e-04       2.703122e-02       1.446720e-04      273.437      273.398
    1534.881      1451.863      0.77004      142.198      7.233800e-04       2.703122e-02       1.402161e-04      273.437      273.399
    1534.865      1452.273      0.77004      142.266      7.233803e-04       2.703122e-02       1.373480e-04      273.437      273.400
    1534.858      1451.910      0.77004      142.218      7.233803e-04       2.703122e-02       1.518659e-04      273.437      273.396
    1534.847      1452.197      0.77004      142.246      7.233810e-04       2.703124e-02       1.516327e-04      273.437      273.396
    1534.846      1452.270      0.77003      142.232      7.233811e-04       2.703124e-02       1.537523e-04      273.437      273.395
    1534.853      1452.268      0.77003      142.208      7.233795e-04       2.703121e-02       1.515792e-04      273.437      273.396
    1534.841      1452.231      0.77003      142.210      7.233798e-04       2.703121e-02       1.597544e-04      273.437      273.394
    1534.837      1452.414      0.77004      142.208      7.233793e-04       2.703120e-02       1.592419e-04      273.437      273.394
    1534.832      1452.486      0.77004      142.196      7.233794e-04       2.703120e-02       1.619415e-04      273.437      273.393
    1534.831      1452.596      0.77002      142.176      7.233797e-04       2.703121e-02       1.651852e-04      273.437      273.392
    1534.832      1452.744      0.77003      142.195      7.233794e-04       2.703120e-02       1.597517e-04      273.437      273.394
    1534.843      1452.454      0.77004      142.238      7.233814e-04       2.703124e-02       1.515537e-04      273.437      273.396
    1534.834      1452.560      0.77003      142.192      7.233794e-04       2.703121e-02       1.618567e-04      273.437      273.393
    1534.853      1452.321      0.77003      142.184      7.233806e-04       2.703123e-02       1.531029e-04      273.437      273.396
    1534.832      1452.584      0.77003      142.209      7.233795e-04       2.703121e-02       1.605876e-04      273.437      273.394
    1534.814      1452.883      0.77003      142.194      7.233794e-04       2.703120e-02       1.691478e-04      273.437      273.391
    1534.827      1452.716      0.77003      142.185      7.233794e-04       2.703120e-02       1.643930e-04      273.437      273.393
    1534.821      1452.819      0.77003      142.200      7.233794e-04       2.703120e-02       1.645140e-04      273.437      273.393
    1534.824      1452.754      0.77003      142.198      7.233795e-04       2.703121e-02       1.637637e-04      273.437      273.393
    1534.835      1452.579      0.77003      142.202      7.233795e-04       2.703121e-02       1.595420e-04      273.437      273.394
    1534.832      1452.565      0.77003      142.197      7.233795e-04       2.703121e-02       1.618098e-04      273.437      273.393
    1534.826      1452.649      0.77003      142.201      7.233795e-04       2.703121e-02       1.642301e-04      273.437      273.393
    1534.835      1452.487      0.77003      142.200      7.233795e-04       2.703121e-02       1.605479e-04      273.437      273.394
    1534.830      1452.478      0.77003      142.201      7.233796e-04       2.703121e-02       1.633156e-04      273.437      273.393
    1534.833      1452.554      0.77003      142.202      7.233795e-04       2.703121e-02       1.604847e-04      273.437      273.394
    1534.831      1452.531      0.77003      142.205      7.233796e-04       2.703121e-02       1.616777e-04      273.437      273.393
    1534.836      1452.451      0.77003      142.204      7.233796e-04       2.703121e-02       1.598411e-04      273.437      273.394
    1534.834      1452.490      0.77003      142.202      7.233796e-04       2.703121e-02       1.604705e-04      273.437      273.394
    1534.836      1452.497      0.77003      142.205      7.233795e-04       2.703121e-02       1.593362e-04      273.437      273.394
    1534.833      1452.515      0.77003      142.206      7.233796e-04       2.703121e-02       1.604685e-04      273.437      273.394
    1534.835      1452.467      0.77003      142.205      7.233796e-04       2.703121e-02       1.600509e-04      273.437      273.394
    1534.835      1452.465      0.77003      142.209      7.233795e-04       2.703121e-02       1.596815e-04      273.437      273.394
    1534.840      1452.390      0.77003      142.208      7.233794e-04       2.703120e-02       1.573741e-04      273.437      273.394
    1534.839      1452.416      0.77003      142.211      7.233795e-04       2.703121e-02       1.577650e-04      273.437      273.394
    1534.841      1452.393      0.77004      142.207      7.233794e-04       2.703120e-02       1.572834e-04      273.437      273.394
    1534.843      1452.310      0.77004      142.212      7.233798e-04       2.703121e-02       1.565007e-04      273.437      273.395
    1534.837      1452.450      0.77003      142.207      7.233796e-04       2.703121e-02       1.586255e-04      273.437      273.394
    1534.839      1452.404      0.77004      142.208      7.233793e-04       2.703120e-02       1.582623e-04      273.437      273.394
    1534.839      1452.402      0.77003      142.208      7.233793e-04       2.703120e-02       1.583076e-04      273.437      273.394
    1534.838      1452.415      0.77004      142.209      7.233795e-04       2.703121e-02       1.585034e-04      273.437      273.394
    1534.836      1452.455      0.77003      142.207      7.233796e-04       2.703121e-02       1.592883e-04      273.437      273.394
    1534.840      1452.362      0.77004      142.210      7.233800e-04       2.703122e-02       1.578703e-04      273.437      273.394
    1534.837      1452.432      0.77003      142.207      7.233795e-04       2.703121e-02       1.588800e-04      273.437      273.394
    1534.838      1452.411      0.77003      142.206      7.233795e-04       2.703121e-02       1.588422e-04      273.437      273.394
    1534.838      1452.412      0.77003      142.207      7.233795e-04       2.703121e-02       1.587573e-04      273.437      273.394
    1534.838      1452.408      0.77004      142.208      7.233793e-04       2.703120e-02       1.587747e-04      273.437      273.394
    1534.838      1452.409      0.77004      142.208      7.233793e-04       2.703120e-02       1.587521e-04      273.437      273.394
    1534.837      1452.423      0.77003      142.208      7.233795e-04       2.703121e-02       1.590606e-04      273.437      273.394
    1534.837      1452.414      0.77004      142.209      7.233795e-04       2.703121e-02       1.588723e-04      273.437      273.394
    1534.837      1452.412      0.77004      142.207      7.233795e-04       2.703121e-02       1.590420e-04      273.437      273.394
    1534.837      1452.413      0.77004      142.208      7.233793e-04       2.703120e-02       1.589996e-04      273.437      273.394
    1534.838      1452.399      0.77004      142.208      7.233794e-04       2.703120e-02       1.588232e-04      273.437      273.394
    1534.838      1452.405      0.77004      142.208      7.233793e-04       2.703120e-02       1.588827e-04      273.437      273.394
    1534.837      1452.417      0.77004      142.208      7.233795e-04       2.703121e-02       1.590011e-04      273.437      273.394
    1534.838      1452.408      0.77004      142.208      7.233793e-04       2.703120e-02       1.589122e-04      273.437      273.394
    1534.837      1452.414      0.77004      142.208      7.233793e-04       2.703120e-02       1.589717e-04      273.437      273.394
    1534.837      1452.417      0.77004      142.208      7.233795e-04       2.703121e-02       1.590011e-04      273.437      273.394
    1534.837      1452.416      0.77004      142.208      7.233795e-04       2.703121e-02       1.592418e-04      273.437      273.394
    1534.838      1452.411      0.77004      142.208      7.233793e-04       2.703120e-02       1.588746e-04      273.437      273.394
    1534.837      1452.410      0.77004      142.208      7.233793e-04       2.703120e-02       1.589313e-04      273.437      273.394
    1534.837      1452.416      0.77004      142.208      7.233795e-04       2.703121e-02       1.592353e-04      273.437      273.394
    1534.837      1452.410      0.77004      142.208      7.233793e-04       2.703120e-02       1.588899e-04      273.437      273.394
    1534.837      1452.414      0.77004      142.208      7.233793e-04       2.703120e-02       1.591430e-04      273.437      273.394
    1534.837      1452.415      0.77004      142.209      7.233795e-04       2.703121e-02       1.592770e-04      273.437      273.394
    1534.837      1452.416      0.77004      142.208      7.233795e-04       2.703121e-02       1.592543e-04      273.437      273.394
    1534.837      1452.411      0.77004      142.208      7.233793e-04       2.703120e-02       1.589805e-04      273.437      273.394
    1534.837      1452.416      0.77004      142.208      7.233795e-04       2.703121e-02       1.592366e-04      273.437      273.394
    1534.837      1452.412      0.77004      142.208      7.233793e-04       2.703120e-02       1.590080e-04      273.437      273.394
    1534.837      1452.415      0.77004      142.208      7.233795e-04       2.703121e-02       1.591605e-04      273.437      273.394
    1534.837      1452.413      0.77004      142.208      7.233793e-04       2.703120e-02       1.590458e-04      273.437      273.394
    1534.837      1452.416      0.77004      142.208      7.233795e-04       2.703121e-02       1.592200e-04      273.437      273.394
    1534.837      1452.413      0.77004      142.208      7.233793e-04       2.703120e-02       1.590406e-04      273.437      273.394
    1534.837      1452.412      0.77004      142.208      7.233793e-04       2.703120e-02       1.588588e-04      273.437      273.394
    1534.837      1452.414      0.77004      142.208      7.233793e-04       2.703120e-02       1.589609e-04      273.437      273.394
    1534.837      1452.414      0.77003      142.208      7.233793e-04       2.703120e-02       1.589184e-04      273.437      273.394
    1534.837      1452.414      0.77004      142.208      7.233793e-04       2.703120e-02       1.589264e-04      273.437      273.394
    1534.837      1452.415      0.77003      142.208      7.233793e-04       2.703120e-02       1.588693e-04      273.437      273.394
    1534.837      1452.416      0.77004      142.208      7.233795e-04       2.703121e-02       1.591133e-04      273.437      273.394
    1534.837      1452.413      0.77004      142.208      7.233793e-04       2.703120e-02       1.589226e-04      273.437      273.394
    1534.837      1452.415      0.77004      142.208      7.233793e-04       2.703120e-02       1.590501e-04      273.437      273.394
    1534.837      1452.415      0.77003      142.208      7.233793e-04       2.703120e-02       1.590402e-04      273.437      273.394
    1534.838      1452.416      0.77003      142.208      7.233795e-04       2.703121e-02       1.588176e-04      273.437      273.394
    1534.837      1452.414      0.77004      142.208      7.233793e-04       2.703120e-02       1.590614e-04      273.437      273.394
    1534.837      1452.415      0.77003      142.208      7.233795e-04       2.703121e-02       1.588986e-04      273.437      273.394
    1534.837      1452.414      0.77004      142.208      7.233793e-04       2.703120e-02       1.590208e-04      273.437      273.394
    1534.837      1452.416      0.77003      142.208      7.233795e-04       2.703121e-02       1.590291e-04      273.437      273.394
    1534.837      1452.414      0.77004      142.208      7.233793e-04       2.703120e-02       1.589778e-04      273.437      273.394
    1534.837      1452.415      0.77003      142.208      7.233793e-04       2.703120e-02       1.590122e-04      273.437      273.394
    1534.837      1452.416      0.77003      142.208      7.233795e-04       2.703121e-02       1.589648e-04      273.437      273.394
    1534.837      1452.415      0.77004      142.208      7.233793e-04       2.703120e-02       1.590066e-04      273.437      273.394
    1534.837      1452.414      0.77004      142.208      7.233793e-04       2.703120e-02       1.589710e-04      273.437      273.394
    1534.837      1452.415      0.77003      142.208      7.233793e-04       2.703120e-02       1.590015e-04      273.437      273.394
    1534.837      1452.415      0.77003      142.208      7.233793e-04       2.703120e-02       1.589545e-04      273.437      273.394
    1534.837      1452.415      0.77003      142.208      7.233793e-04       2.703120e-02       1.589383e-04      273.437      273.394
    1534.837      1452.415      0.77004      142.208      7.233793e-04       2.703120e-02       1.589597e-04      273.437      273.394
    1534.837      1452.415      0.77003      142.208      7.233793e-04       2.703120e-02       1.589407e-04      273.437      273.394
    1534.837      1452.415      0.77003      142.208      7.233793e-04       2.703120e-02       1.589241e-04      273.437      273.394
    1534.837      1452.415      0.77003      142.208      7.233793e-04       2.703120e-02       1.588849e-04      273.437      273.394
    1534.837      1452.415      0.77003      142.208      7.233793e-04       2.703120e-02       1.589005e-04      273.437      273.394
    1534.837      1452.415      0.77003      142.208      7.233793e-04       2.703120e-02       1.589479e-04      273.437      273.394
    1534.837      1452.415      0.77003      142.208      7.233793e-04       2.703120e-02       1.589008e-04      273.437      273.394
    1534.837      1452.415      0.77003      142.208      7.233793e-04       2.703120e-02       1.589320e-04      273.437      273.394
    1534.837      1452.415      0.77003      142.208      7.233795e-04       2.703121e-02       1.589475e-04      273.437      273.394
    1534.837      1452.415      0.77003      142.208      7.233793e-04       2.703120e-02       1.588879e-04      273.437      273.394
    1534.837      1452.415      0.77003      142.208      7.233793e-04       2.703120e-02       1.589276e-04      273.437      273.394
    1534.837      1452.415      0.77003      142.208      7.233793e-04       2.703120e-02       1.589007e-04      273.437      273.394
    1534.837      1452.415      0.77003      142.208      7.233793e-04       2.703120e-02       1.589164e-04      273.437      273.394
    1534.837      1452.415      0.77003      142.208      7.233793e-04       2.703120e-02       1.589436e-04      273.437      273.394
    1534.837      1452.415      0.77003      142.208      7.233793e-04       2.703120e-02       1.589367e-04      273.437      273.394
    1534.837      1452.415      0.77003      142.208      7.233793e-04       2.703120e-02       1.589631e-04      273.437      273.394
    1534.837      1452.415      0.77003      142.208      7.233793e-04       2.703120e-02       1.589309e-04      273.437      273.394
    1534.837      1452.415      0.77003      142.208      7.233793e-04       2.703120e-02       1.589349e-04      273.437      273.394
    1534.837      1452.415      0.77003      142.208      7.233793e-04       2.703120e-02       1.588934e-04      273.437      273.394
    1534.837      1452.415      0.77003      142.208      7.233793e-04       2.703120e-02       1.589111e-04      273.437      273.394
    1534.837      1452.415      0.77003      142.208      7.233793e-04       2.703120e-02       1.589312e-04      273.437      273.394
    1534.837      1452.415      0.77003      142.208      7.233793e-04       2.703120e-02       1.589338e-04      273.437      273.394
    1534.837      1452.415      0.77003      142.208      7.233793e-04       2.703120e-02       1.589242e-04      273.437      273.394
    1534.837      1452.415      0.77003      142.208      7.233793e-04       2.703120e-02       1.589476e-04      273.437      273.394
    1534.837      1452.415      0.77003      142.208      7.233793e-04       2.703120e-02       1.589340e-04      273.437      273.394
    1534.837      1452.415      0.77003      142.208      7.233793e-04       2.703120e-02       1.589135e-04      273.437      273.394
    1534.837      1452.415      0.77003      142.208      7.233793e-04       2.703120e-02       1.589390e-04      273.437      273.394
    1534.837      1452.415      0.77003      142.208      7.233793e-04       2.703120e-02       1.589319e-04      273.437      273.394
    1534.837      1452.415      0.77003      142.208      7.233793e-04       2.703120e-02       1.589285e-04      273.437      273.394
    1534.837      1452.415      0.77003      142.208      7.233793e-04       2.703120e-02       1.589333e-04      273.437      273.394
    1534.837      1452.415      0.77003      142.208      7.233793e-04       2.703120e-02       1.589401e-04      273.437      273.394
    1534.837      1452.415      0.77003      142.208      7.233793e-04       2.703120e-02       1.589228e-04      273.437      273.394
    1534.837      1452.415      0.77003      142.208      7.233793e-04       2.703120e-02       1.589271e-04      273.437      273.394
    1534.837      1452.415      0.77003      142.208      7.233793e-04       2.703120e-02       1.589324e-04      273.437      273.394
    1534.837      1452.415      0.77003      142.208      7.233793e-04       2.703120e-02       1.589303e-04      273.437      273.394
    1534.837      1452.415      0.77003      142.208      7.233793e-04       2.703120e-02       1.589317e-04      273.437      273.394
    1534.837      1452.415      0.77003      142.208      7.233793e-04       2.703120e-02       1.589361e-04      273.437      273.394
    1534.837      1452.415      0.77003      142.208      7.233793e-04       2.703120e-02       1.589326e-04      273.437      273.394
    1534.837      1452.415      0.77003      142.208      7.233793e-04       2.703120e-02       1.589327e-04      273.437      273.394
    1534.837      1452.415      0.77003      142.208      7.233793e-04       2.703120e-02       1.589332e-04      273.437      273.394
    1534.837      1452.415      0.77003      142.208      7.233793e-04       2.703120e-02       1.589322e-04      273.437      273.394
    1534.837      1452.415      0.77003      142.208      7.233793e-04       2.703120e-02       1.589311e-04      273.437      273.394
    1534.837      1452.415      0.77003      142.208      7.233793e-04       2.703120e-02       1.589324e-04      273.437      273.394
    1534.837      1452.415      0.77003      142.208      7.233793e-04       2.703120e-02       1.589340e-04      273.437      273.394
    1534.837      1452.415      0.77003      142.208      7.233793e-04       2.703120e-02       1.589319e-04      273.437      273.394
    1534.837      1452.415      0.77003      142.208      7.233793e-04       2.703120e-02       1.589325e-04      273.437      273.394
    1534.837      1452.415      0.77003      142.208      7.233793e-04       2.703120e-02       1.589298e-04      273.437      273.394
    1534.837      1452.415      0.77003      142.208      7.233793e-04       2.703120e-02       1.589330e-04      273.437      273.394
    1534.837      1452.415      0.77003      142.208      7.233793e-04       2.703120e-02       1.589308e-04      273.437      273.394
    1534.837      1452.415      0.77003      142.208      7.233793e-04       2.703120e-02       1.589324e-04      273.437      273.394
    1534.837      1452.415      0.77003      142.208      7.233793e-04       2.703120e-02       1.589320e-04      273.437      273.394
    1534.837      1452.415      0.77003      142.208      7.233793e-04       2.703120e-02       1.589313e-04      273.437      273.394
    1534.837      1452.415      0.77003      142.208      7.233793e-04       2.703120e-02       1.589319e-04      273.437      273.394
    1534.837      1452.415      0.77003      142.208      7.233793e-04       2.703120e-02       1.589326e-04      273.437      273.394
    1534.837      1452.415      0.77003      142.208      7.233793e-04       2.703120e-02       1.589326e-04      273.437      273.394
    1534.837      1452.415      0.77003      142.208      7.233793e-04       2.703120e-02       1.589333e-04      273.437      273.394
    1534.837      1452.415      0.77003      142.208      7.233793e-04       2.703120e-02       1.589321e-04      273.437      273.394
    1534.837      1452.415      0.77003      142.208      7.233793e-04       2.703120e-02       1.589325e-04      273.437      273.394
    1534.837      1452.415      0.77003      142.208      7.233793e-04       2.703120e-02       1.589327e-04      273.437      273.394
    1534.837      1452.415      0.77003      142.208      7.233793e-04       2.703120e-02       1.589320e-04      273.437      273.394
    1534.837      1452.415      0.77003      142.208      7.233793e-04       2.703120e-02       1.589321e-04      273.437      273.394
    1534.837      1452.415      0.77003      142.208      7.233793e-04       2.703120e-02       1.589326e-04      273.437      273.394
    1534.837      1452.415      0.77003      142.208      7.233793e-04       2.703120e-02       1.589327e-04      273.437      273.394
    1534.837      1452.415      0.77003      142.208      7.233793e-04       2.703120e-02       1.589327e-04      273.437      273.394
    1534.837      1452.415      0.77003      142.208      7.233793e-04       2.703120e-02       1.589326e-04      273.437      273.394
    1534.837      1452.415      0.77003      142.208      7.233793e-04       2.703120e-02       1.589320e-04      273.437      273.394
    1534.837      1452.415      0.77003      142.208      7.233793e-04       2.703120e-02       1.589326e-04      273.437      273.394
    1534.837      1452.415      0.77003      142.208      7.233793e-04       2.703120e-02       1.589320e-04      273.437      273.394
    1534.837      1452.415      0.77003      142.208      7.233793e-04       2.703120e-02       1.589326e-04      273.437      273.394
    1534.837      1452.415      0.77003      142.208      7.233793e-04       2.703120e-02       1.589326e-04      273.437      273.394
    1534.837      1452.415      0.77003      142.208      7.233793e-04       2.703120e-02       1.589326e-04      273.437      273.394
    1534.837      1452.415      0.77003      142.208      7.233793e-04       2.703120e-02       1.589326e-04      273.437      273.394
    1534.837      1452.415      0.77003      142.208      7.233793e-04       2.703120e-02       1.589320e-04      273.437      273.394
    1534.837      1452.415      0.77003      142.208      7.233793e-04       2.703120e-02       1.589326e-04      273.437      273.394
    1534.837      1452.415      0.77003      142.208      7.233793e-04       2.703120e-02       1.589320e-04      273.437      273.394
    1534.837      1452.415      0.77003      142.208      7.233793e-04       2.703120e-02       1.589326e-04      273.437      273.394
    1534.837      1452.415      0.77003      142.208      7.233793e-04       2.703120e-02       1.589326e-04      273.437      273.394
    1534.837      1452.415      0.77003      142.208      7.233793e-04       2.703120e-02       1.589326e-04      273.437      273.394
    1534.837      1452.415      0.77003      142.208      7.233793e-04       2.703120e-02       1.589326e-04      273.437      273.394
    1534.837      1452.415      0.77003      142.208      7.233793e-04       2.703120e-02       1.589326e-04      273.437      273.394
    1534.837      1452.415      0.77003      142.208      7.233793e-04       2.703120e-02       1.589326e-04      273.437      273.394
    1534.837      1452.415      0.77003      142.208      7.233793e-04       2.703120e-02       1.589320e-04      273.437      273.394
    1534.837      1452.415      0.77003      142.208      7.233793e-04       2.703120e-02       1.589326e-04      273.437      273.394
    1534.837      1452.415      0.77003      142.208      7.233793e-04       2.703120e-02       1.589320e-04      273.437      273.394
    1534.837      1452.415      0.77003      142.208      7.233793e-04       2.703120e-02       1.589320e-04      273.437      273.394
    1534.837      1452.415      0.77003      142.208      7.233793e-04       2.703120e-02       1.589326e-04      273.437      273.394
    1534.837      1452.415      0.77003      142.208      7.233793e-04       2.703120e-02       1.589326e-04      273.437      273.394
    1534.837      1452.415      0.77003      142.208      7.233793e-04       2.703120e-02       1.589320e-04      273.437      273.394
    1534.837      1452.415      0.77003      142.208      7.233793e-04       2.703120e-02       1.589320e-04      273.437      273.394
    1534.837      1452.415      0.77003      142.208      7.233793e-04       2.703120e-02       1.589320e-04      273.437      273.394
    1534.837      1452.415      0.77003      142.208      7.233793e-04       2.703120e-02       1.589320e-04      273.437      273.394
    1534.837      1452.415      0.77003      142.208      7.233793e-04       2.703120e-02       1.589320e-04      273.437      273.394
    1534.837      1452.415      0.77003      142.208      7.233793e-04       2.703120e-02       1.589320e-04      273.437      273.394
    1534.837      1452.415      0.77003      142.208      7.233793e-04       2.703120e-02       1.589320e-04      273.437      273.394
    1534.837      1452.415      0.77003      142.208      7.233793e-04       2.703120e-02       1.589320e-04      273.437      273.394
    1534.837      1452.415      0.77003      142.208      7.233793e-04       2.703120e-02       1.589320e-04      273.437      273.394
    1534.837      1452.415      0.77003      142.208      7.233793e-04       2.703120e-02       1.589320e-04      273.437      273.394
    1534.837      1452.415      0.77003      142.208      7.233793e-04       2.703120e-02       1.589320e-04      273.437      273.394
    1534.837      1452.415      0.77003      142.208      7.233793e-04       2.703120e-02       1.589320e-04      273.437      273.394
    1534.837      1452.415      0.77003      142.208      7.233793e-04       2.703120e-02       1.589320e-04      273.437      273.394
    1534.837      1452.415      0.77003      142.208      7.233793e-04       2.703120e-02       1.589320e-04      273.437      273.394
    1534.837      1452.415      0.77003      142.208      7.233793e-04       2.703120e-02       1.589320e-04      273.437      273.394
    1534.837      1452.415      0.77003      142.208      7.233793e-04       2.703120e-02       1.589320e-04      273.437      273.394
    1534.837      1452.415      0.77003      142.208      7.233793e-04       2.703120e-02       1.589320e-04      273.437      273.394
    1534.837      1452.415      0.77003      142.208      7.233793e-04       2.703120e-02       1.589320e-04      273.437      273.394
    1534.837      1452.415      0.77003      142.208      7.233793e-04       2.703120e-02       1.589320e-04      273.437      273.394
    1534.837      1452.415      0.77003      142.208      7.233793e-04       2.703120e-02       1.589320e-04      273.437      273.394
    1534.837      1452.415      0.77003      142.208      7.233793e-04       2.703120e-02       1.589320e-04      273.437      273.394
    1534.837      1452.415      0.77003      142.208      7.233793e-04       2.703120e-02       1.589320e-04      273.437      273.394
    1534.837      1452.415      0.77003      142.208      7.233793e-04       2.703120e-02       1.589320e-04      273.437      273.394
    1534.837      1452.415      0.77003      142.208      7.233793e-04       2.703120e-02       1.589320e-04      273.437      273.394
    1534.837      1452.415      0.77003      142.208      7.233793e-04       2.703120e-02       1.589320e-04      273.437      273.394
    1534.837      1452.415      0.77003      142.208      7.233793e-04       2.703120e-02       1.589320e-04      273.437      273.394
    1534.837      1452.415      0.77003      142.208      7.233793e-04       2.703120e-02       1.589320e-04      273.437      273.394
    1534.837      1452.415      0.77003      142.208      7.233793e-04       2.703120e-02       1.589320e-04      273.437      273.394
    1534.837      1452.415      0.77003      142.208      7.233793e-04       2.703120e-02       1.589320e-04      273.437      273.394
    1534.837      1452.415      0.77003      142.208      7.233793e-04       2.703120e-02       1.589320e-04      273.437      273.394
    1534.837      1452.415      0.77003      142.208      7.233793e-04       2.703120e-02       1.589320e-04      273.437      273.394
    1534.837      1452.415      0.77003      142.208      7.233793e-04       2.703120e-02       1.589320e-04      273.437      273.394
    1534.837      1452.415      0.77003      142.208      7.233793e-04       2.703120e-02       1.589320e-04      273.437      273.394
    1534.837      1452.415      0.77003      142.208      7.233793e-04       2.703120e-02       1.589320e-04      273.437      273.394
    1534.837      1452.415      0.77003      142.208      7.233793e-04       2.703120e-02       1.589320e-04      273.437      273.394
    1534.837      1452.415      0.77003      142.208      7.233793e-04       2.703120e-02       1.589320e-04      273.437      273.394
    1534.837      1452.415      0.77003      142.208      7.233793e-04       2.703120e-02       1.589320e-04      273.437      273.394
    1534.837      1452.415      0.77003      142.208      7.233793e-04       2.703120e-02       1.589320e-04      273.437      273.394
    1534.837      1452.415      0.77003      142.208      7.233793e-04       2.703120e-02       1.589320e-04      273.437      273.394
    1534.837      1452.415      0.77003      142.208      7.233793e-04       2.703120e-02       1.589320e-04      273.437      273.394
    1534.837      1452.415      0.77003      142.208      7.233793e-04       2.703120e-02       1.589320e-04      273.437      273.394
    1534.837      1452.415      0.77003      142.208      7.233793e-04       2.703120e-02       1.589320e-04      273.437      273.394
    1534.837      1452.415      0.77003      142.208      7.233793e-04       2.703120e-02       1.589320e-04      273.437      273.394
    1534.837      1452.415      0.77003      142.208      7.233793e-04       2.703120e-02       1.589320e-04      273.437      273.394
    1534.837      1452.415      0.77003      142.208      7.233793e-04       2.703120e-02       1.589320e-04      273.437      273.394
    1534.837      1452.415      0.77003      142.208      7.233793e-04       2.703120e-02       1.589320e-04      273.437      273.394
    1534.837      1452.415      0.77003      142.208      7.233793e-04       2.703120e-02       1.589320e-04      273.437      273.394
    1534.837      1452.415      0.77003      142.208      7.233793e-04       2.703120e-02       1.589320e-04      273.437      273.394
    1534.837      1452.415      0.77003      142.208      7.233793e-04       2.703120e-02       1.589320e-04      273.437      273.394
    1534.837      1452.415      0.77003      142.208      7.233793e-04       2.703120e-02       1.589320e-04      273.437      273.394
    1534.837      1452.415      0.77003      142.208      7.233793e-04       2.703120e-02       1.589320e-04      273.437      273.394
    1534.837      1452.415      0.77003      142.208      7.233793e-04       2.703120e-02       1.589320e-04      273.437      273.394
    1534.837      1452.415      0.77003      142.208      7.233793e-04       2.703120e-02       1.589320e-04      273.437      273.394
    1534.837      1452.415      0.77003      142.208      7.233793e-04       2.703120e-02       1.589320e-04      273.437      273.394
    1534.837      1452.415      0.77003      142.208      7.233793e-04       2.703120e-02       1.589320e-04      273.437      273.394
    1534.837      1452.415      0.77003      142.208      7.233793e-04       2.703120e-02       1.589320e-04      273.437      273.394
    1534.837      1452.415      0.77003      142.208      7.233793e-04       2.703120e-02       1.589320e-04      273.437      273.394
    1534.837      1452.415      0.77003      142.208      7.233793e-04       2.703120e-02       1.589320e-04      273.437      273.394
    1534.837      1452.415      0.77003      142.208      7.233793e-04       2.703120e-02       1.589320e-04      273.437      273.394
    1534.837      1452.415      0.77003      142.208      7.233793e-04       2.703120e-02       1.589320e-04      273.437      273.394
    1534.837      1452.415      0.77003      142.208      7.233793e-04       2.703120e-02       1.589320e-04      273.437      273.394
    1534.837      1452.415      0.77003      142.208      7.233793e-04       2.703120e-02       1.589320e-04      273.437      273.394
    1534.837      1452.415      0.77003      142.208      7.233793e-04       2.703120e-02       1.589320e-04      273.437      273.394
    1534.837      1452.415      0.77003      142.208      7.233793e-04       2.703120e-02       1.589320e-04      273.437      273.394
    1534.837      1452.415      0.77003      142.208      7.233793e-04       2.703120e-02       1.589320e-04      273.437      273.394
    1534.837      1452.415      0.77003      142.208      7.233793e-04       2.703120e-02       1.589320e-04      273.437      273.394
    1534.837      1452.415      0.77003      142.208      7.233793e-04       2.703120e-02       1.589320e-04      273.437      273.394
    1534.837      1452.415      0.77003      142.208      7.233793e-04       2.703120e-02       1.589320e-04      273.437      273.394
    1534.837      1452.415      0.77003      142.208      7.233793e-04       2.703120e-02       1.589320e-04      273.437      273.394
    1534.837      1452.415      0.77003      142.208      7.233793e-04       2.703120e-02       1.589320e-04      273.437      273.394
    1534.837      1452.415      0.77003      142.208      7.233793e-04       2.703120e-02       1.589320e-04      273.437      273.394
    1534.837      1452.415      0.77003      142.208      7.233793e-04       2.703120e-02       1.589320e-04      273.437      273.394
    1534.837      1452.415      0.77003      142.208      7.233793e-04       2.703120e-02       1.589320e-04      273.437      273.394
    1534.837      1452.415      0.77003      142.208      7.233793e-04       2.703120e-02       1.589320e-04      273.437      273.394
    1534.837      1452.415      0.77003      142.208      7.233793e-04       2.703120e-02       1.589320e-04      273.437      273.394
    1534.837      1452.415      0.77003      142.208      7.233793e-04       2.703120e-02       1.589320e-04      273.437      273.394
    1534.837      1452.415      0.77003      142.208      7.233793e-04       2.703120e-02       1.589320e-04      273.437      273.394
    1534.837      1452.415      0.77003      142.208      7.233793e-04       2.703120e-02       1.589320e-04      273.437      273.394
    1534.837      1452.415      0.77003      142.208      7.233793e-04       2.703120e-02       1.589320e-04      273.437      273.394
    1534.837      1452.415      0.77003      142.208      7.233793e-04       2.703120e-02       1.589320e-04      273.437      273.394
    1534.837      1452.415      0.77003      142.208      7.233793e-04       2.703120e-02       1.589320e-04      273.437      273.394
    1534.837      1452.415      0.77003      142.208      7.233793e-04       2.703120e-02       1.589320e-04      273.437      273.394
    1534.837      1452.415      0.77003      142.208      7.233793e-04       2.703120e-02       1.589320e-04      273.437      273.394
    1534.837      1452.415      0.77003      142.208      7.233793e-04       2.703120e-02       1.589320e-04      273.437      273.394
    1534.837      1452.415      0.77003      142.208      7.233793e-04       2.703120e-02       1.589320e-04      273.437      273.394
    1534.837      1452.415      0.77003      142.208      7.233793e-04       2.703120e-02       1.589320e-04      273.437      273.394
    1534.837      1452.415      0.77003      142.208      7.233793e-04       2.703120e-02       1.589320e-04      273.437      273.394
    1534.837      1452.415      0.77003      142.208      7.233793e-04       2.703120e-02       1.589320e-04      273.437      273.394
    1534.837      1452.415      0.77003      142.208      7.233793e-04       2.703120e-02       1.589320e-04      273.437      273.394
