 [Q11, Q12, Q22, Q66]  O.F.1  IT_1 IT_Force Force_Exp Force_FEMU 
     2335.68       1012.22       987.05       211.20      3.089336e-03       2.524202e-02       1.586156e-01      273.437      230.066
     7578.68       1012.22       987.05       211.20      9.518208e-01       2.606729e-02       3.084168e+00      273.437     1116.765
     2335.68       4916.85       987.05       211.20      9.518208e-01       2.606729e-02       3.084168e+00      273.437     1116.765
     2335.68       1012.22      4859.54       211.20      1.119703e-02       3.913774e-02       3.133439e-01      273.437      359.117
     2335.68       1012.22       987.05      2730.27      2.576565e-03       3.316271e-02       1.259673e-01      273.437      238.993
     4600.23         49.90      2566.19      1118.61      3.466773e-01       4.691099e-02       1.856601e+00      273.437      781.102
      352.10        155.42      3625.50      1837.62      6.433036e-02       5.281466e-02       7.862564e-01      273.437       58.446
      191.01       3674.75      2103.33       825.04      6.433036e-02       5.281466e-02       7.862564e-01      273.437       58.446
      751.44       1923.95      2214.83       894.29      6.433036e-02       5.281466e-02       7.862564e-01      273.437       58.446
     2964.29        101.01      2446.27      1041.07      7.245026e-02       4.640813e-02       8.397138e-01      273.437      503.047
     1169.39       1255.64      2271.64       929.95      4.858765e-02       2.945812e-02       6.914235e-01      273.437       84.376
     4976.90       2794.00       894.52       170.42      4.858765e-02       2.945812e-02       6.914235e-01      273.437       84.376
     3332.11       1832.77      1407.80       421.15      1.304079e-02       4.024414e-02       3.403405e-01      273.437      180.376
     4493.03       1135.76      1404.97       419.63      1.570791e-01       2.244760e-02       1.251501e+00      273.437      615.645
     1802.30       1225.11      2035.92       783.69      1.068006e-02       2.651644e-02       3.169740e-01      273.437      186.765
     1291.90        500.97      2643.04      1168.78      8.194635e-03       4.091346e-02       2.586139e-01      273.437      202.723
     1536.66        823.51        93.52      2491.68      8.194635e-03       4.091346e-02       2.586139e-01      273.437      202.723
     1888.75        499.39       283.43      2255.13      1.202817e-02       7.352183e-02       2.676427e-01      273.437      200.254
     1823.73       1013.91      1449.51      1081.10      8.419048e-03       2.647593e-02       2.790729e-01      273.437      197.128
     1866.95        650.97       572.38      1817.18      6.995238e-03       3.586111e-02       2.416158e-01      273.437      207.371
     2372.21        732.81      3512.62       478.54      1.529409e-02       3.832714e-02       3.737916e-01      273.437      375.646
     1728.91        800.34       489.40      1843.28      1.529409e-02       3.832714e-02       3.737916e-01      273.437      375.646
     2335.68       1012.22       987.05      1118.61      2.625703e-03       3.008126e-02       1.345849e-01      273.437      236.637
     2094.90        821.74       765.77      2251.10      4.417553e-03       3.419789e-02       1.834396e-01      273.437      223.278
     1776.11        734.48      1716.80      1869.45      1.598222e-03       3.158897e-02       8.367469e-02      273.437      250.558
     1915.74        915.45       422.16      2609.65      1.598222e-03       3.158897e-02       8.367469e-02      273.437      250.558
     2071.96       1013.06      1207.33      1813.55      4.563055e-03       2.828641e-02       1.960343e-01      273.437      219.834
     2089.15        867.71       866.85      2137.37      4.313200e-03       3.188114e-02       1.843484e-01      273.437      223.030
     2077.68        963.37      1087.65      1918.59      4.404601e-03       2.909025e-02       1.908660e-01      273.437      221.248
     2086.28        891.16       919.72      2081.59      4.303102e-03       3.099121e-02       1.854371e-01      273.437      222.732
     2080.55        938.99      1030.12      1972.20      4.351030e-03       2.961581e-02       1.887232e-01      273.437      221.834
     2084.85        903.00       946.74      2053.98      4.307047e-03       3.060100e-02       1.861255e-01      273.437      222.544
     1845.28        822.50       961.34      2224.50      6.972030e-03       2.926678e-02       2.490209e-01      273.437      205.346
     2046.53        867.84      1327.16      2280.01      9.927285e-04       2.809318e-02       5.314361e-02      273.437      258.906
     2046.53        867.84      1327.16      1470.40      9.576893e-04       2.697474e-02       5.502876e-02      273.437      258.391
     1928.14        810.94      1287.80      1974.13      1.616745e-03       2.804476e-02       9.533559e-02      273.437      247.369
     2052.93        816.20      1942.28      1577.37      1.369091e-03       3.113954e-02       7.045475e-02      273.437      292.702
     2029.98        830.45      1874.54      1607.75      1.022520e-03       3.059957e-02       4.240517e-02      273.437      285.033
     2330.25        964.11      1496.45      1577.79      1.458733e-03       2.686732e-02       8.994807e-02      273.437      298.033
     2184.83        903.81      1550.14      1648.42      9.610926e-04       2.776251e-02       5.171184e-02      273.437      287.577
     2100.22        919.92      1134.72      1908.31      2.064185e-03       2.792627e-02       1.167174e-01      273.437      241.523
     2064.70        841.55      1720.49      1657.20      9.470335e-04       2.951906e-02       4.034797e-02      273.437      284.470
     2141.27        910.70      1125.76      1901.80      1.428006e-03       2.781817e-02       8.553014e-02      273.437      250.050
     2057.53        850.17      1669.82      1678.99      8.239743e-04       2.915072e-02       2.432827e-02      273.437      280.090
     2129.95        863.53      1818.14      1059.09      1.380364e-03       2.877855e-02       7.968562e-02      273.437      295.227
     2067.23        866.76      1442.78      1932.20      7.364350e-04       2.808888e-02       1.623216e-02      273.437      268.999
     1936.81        810.54      1521.62      1713.48      9.903691e-04       2.890714e-02       4.881685e-02      273.437      260.089
     2121.45        880.02      1542.98      1664.57      7.769847e-04       2.803080e-02       2.642568e-02      273.437      280.663
     2109.01        851.33      1880.90      2013.37      1.523276e-03       3.073215e-02       8.205226e-02      273.437      295.874
     2062.06        863.69      1456.70      1598.29      7.153361e-04       2.771455e-02       1.550795e-02      273.437      269.197
     2089.31        889.02      1344.47      1776.37      8.277287e-04       2.738294e-02       3.910064e-02      273.437      262.746
     2083.15        877.04      1434.19      1746.20      7.147124e-04       2.771234e-02       1.534152e-02      273.437      269.243
     2109.45        893.83      1280.59      1788.14      8.766124e-04       2.725204e-02       4.562962e-02      273.437      260.961
     2070.45        860.98      1567.75      1705.96      7.409423e-04       2.846476e-02       1.082777e-02      273.437      276.398
     2020.58        854.29      1408.28      1824.52      8.943115e-04       2.794773e-02       4.374283e-02      273.437      261.477
     2096.01        873.55      1508.74      1703.88      7.136012e-04       2.800322e-02       8.853672e-03      273.437      275.858
     2083.74        879.57      1356.92      1780.68      7.865932e-04       2.746653e-02       3.280606e-02      273.437      264.467
     2073.77        865.61      1513.64      1724.49      7.134972e-04       2.815418e-02       1.025049e-03      273.437      273.718
     2090.26        873.18      1513.90      1468.87      6.925923e-04       2.767225e-02       5.843008e-03      273.437      275.035
     2101.82        876.39      1550.09      1260.66      7.051421e-04       2.743797e-02       1.660842e-02      273.437      277.979
     2109.64        881.03      1528.58      1720.68      7.336595e-04       2.804686e-02       1.602994e-02      273.437      277.821
     2073.91        868.01      1474.51      1628.47      7.012516e-04       2.779747e-02       7.630197e-03      273.437      271.351
     2083.80        863.16      1572.68      1517.48      7.473693e-04       2.817197e-02       1.818666e-02      273.437      278.410
     2083.31        873.56      1468.22      1687.54      6.998244e-04       2.780135e-02       6.481508e-03      273.437      271.665
     2064.66        866.63      1476.33      1549.64      7.061242e-04       2.770640e-02       1.234670e-02      273.437      270.061
     2082.28        875.08      1453.04      1446.66      6.858664e-04       2.733016e-02       1.167149e-02      273.437      270.246
     2086.54        879.84      1423.20      1316.76      6.864723e-04       2.691171e-02       1.861621e-02      273.437      268.347
     2100.28        878.30      1478.34      1562.82      6.860518e-04       2.759670e-02       2.513782e-03      273.437      274.125
     2104.20        882.07      1482.08      1454.06      6.763296e-04       2.739696e-02       2.820314e-03      273.437      274.209
     2119.43        889.15      1485.87      1370.51      6.716745e-04       2.718800e-02       8.003708e-03      273.437      275.626
     2112.82        884.29      1497.26      1251.35      6.666580e-04       2.705549e-02       8.864738e-03      273.437      275.861
     2127.65        889.68      1511.88      1057.39      6.652511e-04       2.663310e-02       1.638936e-02      273.437      277.919
     2124.56        892.96      1450.86      1241.04      6.433517e-04       2.673314e-02       1.252387e-03      273.437      273.780
     2141.82        902.93      1419.83      1134.24      6.217683e-04       2.627564e-02       1.999362e-03      273.437      272.891
     2135.26        900.13      1456.61       966.53      6.107687e-04       2.603488e-02       2.711842e-03      273.437      274.179
     2152.86        911.15      1445.81       721.42      5.692811e-04       2.514361e-02       1.732690e-03      273.437      273.911
     2189.21        921.62      1478.29       728.88      6.283946e-04       2.520133e-02       2.383239e-02      273.437      279.954
     2186.48        923.64      1441.80       528.80      5.425522e-04       2.430471e-02       1.044278e-02      273.437      276.293
     2220.39        941.13      1420.01       255.04      4.854736e-04       2.309803e-02       7.284618e-03      273.437      275.429
     2224.80        949.10      1371.57       369.93      4.867404e-04       2.318657e-02       5.371130e-03      273.437      271.969
     2180.40        930.34      1351.47       435.95      5.453415e-04       2.351377e-02       2.184809e-02      273.437      267.463
     2247.83        963.30      1374.28        60.69      5.587995e-04       2.427869e-02       1.681969e-02      273.437      268.838
     2284.68        981.36      1314.18        26.08      7.833665e-04       2.728901e-02       3.363713e-02      273.437      264.240
     2185.45        928.46      1412.32       458.55      5.127118e-04       2.386120e-02       1.704364e-03      273.437      272.971
     2158.04        911.53      1403.19       958.58      5.945954e-04       2.568596e-02       2.835371e-03      273.437      272.662
     2225.22        950.23      1381.48       184.31      4.762379e-04       2.278331e-02       9.521910e-03      273.437      270.834
     2247.72        954.15      1441.80       202.13      5.093842e-04       2.305670e-02       1.758808e-02      273.437      278.247
     2274.01        969.05      1394.85       101.79      4.888483e-04       2.326495e-02       4.142530e-03      273.437      274.570
     2224.42        950.55      1342.91       231.49      4.967318e-04       2.263654e-02       1.885739e-02      273.437      268.281
     2230.23        951.45      1367.30       223.96      4.736000e-04       2.271808e-02       9.539308e-03      273.437      270.829
     2176.82        927.12      1375.21       474.70      5.309551e-04       2.378358e-02       1.478593e-02      273.437      269.394
     2249.52        958.48      1389.93       169.29      4.677146e-04       2.279616e-02       4.027437e-04      273.437      273.548
     2237.86        951.52      1407.77        90.88      5.029172e-04       2.363482e-02       1.314840e-03      273.437      273.078
     2228.06        949.71      1380.58       282.47      4.739731e-04       2.291247e-02       3.859695e-03      273.437      272.382
     2246.14        963.86      1340.19       174.50      4.966461e-04       2.254006e-02       1.984876e-02      273.437      268.010
     2226.81        946.79      1399.84       233.47      4.726336e-04       2.291352e-02       1.035993e-03      273.437      273.721
     2242.09        952.98      1387.29       270.78      4.726445e-04       2.288458e-02       3.620876e-03      273.437      274.428
     2246.27        955.13      1391.56       170.28      4.691430e-04       2.282529e-02       1.577141e-03      273.437      273.869
     2252.12        955.23      1417.22       194.10      4.895580e-04       2.292034e-02       1.294221e-02      273.437      276.976
     2235.69        952.39      1379.70       216.29      4.676630e-04       2.275861e-02       3.878539e-03      273.437      272.377
     2237.04        953.41      1393.21       133.85      4.781986e-04       2.300646e-02       4.279213e-03      273.437      272.267
     2240.83        953.09      1388.77       232.05      4.686861e-04       2.281253e-02       1.777402e-03      273.437      273.924
     2259.39        962.79      1375.19       161.81      4.648562e-04       2.272182e-02       1.425415e-03      273.437      273.048
     2275.77        970.84      1362.95       130.91      4.682966e-04       2.278462e-02       3.273298e-03      273.437      272.542
     2246.43        958.23      1375.24       218.65      4.648159e-04       2.270283e-02       3.064454e-03      273.437      272.600
     2246.52        959.78      1367.11       245.10      4.667705e-04       2.270019e-02       5.478626e-03      273.437      271.939
     2254.69        962.87      1371.27       153.25      4.686726e-04       2.273319e-02       5.961990e-03      273.437      271.807
     2251.22        960.42      1375.64       171.42      4.657721e-04       2.271168e-02       3.916161e-03      273.437      272.367
     2246.83        958.43      1363.02       214.40      4.658554e-04       2.264710e-02       6.521947e-03      273.437      271.654
     2266.29        967.57      1364.85       166.78      4.625348e-04       2.263538e-02       3.755358e-03      273.437      272.411
     2281.66        975.20      1357.46       144.44      4.635141e-04       2.265378e-02       4.049309e-03      273.437      272.330
     2264.84        966.08      1382.47       146.77      4.677122e-04       2.279603e-02       4.351771e-04      273.437      273.556
     2251.33        960.34      1367.87       196.29      4.639780e-04       2.265010e-02       4.747161e-03      273.437      272.139
     2260.49        964.04      1365.94       199.46      4.611417e-04       2.262028e-02       2.514886e-03      273.437      272.750
     2265.14        965.86      1361.11       214.28      4.599059e-04       2.259704e-02       1.850411e-03      273.437      272.932
     2255.19        963.20      1359.36       238.85      4.640794e-04       2.263861e-02       5.313430e-03      273.437      271.985
     2272.57        970.27      1351.40       188.29      4.594897e-04       2.253598e-02       4.905340e-03      273.437      272.096
     2285.69        976.31      1339.56       173.97      4.588451e-04       2.248645e-02       6.139117e-03      273.437      271.759
     2279.03        971.83      1357.29       142.15      4.640008e-04       2.268353e-02       3.020717e-03      273.437      272.612
     2273.06        969.67      1357.81       163.97      4.610938e-04       2.260469e-02       3.491194e-03      273.437      272.483
     2293.85        979.41      1343.81       162.90      4.571251e-04       2.251389e-02       3.061530e-03      273.437      272.600
     2315.25        989.01      1331.86       147.38      4.565594e-04       2.250484e-02       2.717315e-03      273.437      272.694
     2303.28        982.84      1330.36       181.50      4.536508e-04       2.242481e-02       3.264617e-03      273.437      272.545
     2321.88        990.53      1313.28       189.09      4.510777e-04       2.235819e-02       3.431864e-03      273.437      272.499
     2320.93        991.19      1315.15       197.52      4.511696e-04       2.235809e-02       3.568853e-03      273.437      272.462
     2357.14       1007.86      1289.26       142.31      4.593730e-04       2.242980e-02       8.115781e-03      273.437      271.218
     2333.97        997.28      1307.04       158.92      4.543177e-04       2.238680e-02       5.714811e-03      273.437      271.875
     2360.61       1007.81      1294.27       171.24      4.493274e-04       2.233100e-02       2.282802e-03      273.437      272.813
     2398.51       1023.74      1271.92       169.89      4.496493e-04       2.234544e-02       1.620472e-03      273.437      272.994
     2353.47       1004.40      1283.21       213.43      4.508604e-04       2.231828e-02       5.064856e-03      273.437      272.053
     2344.41        999.65      1295.87       229.34      4.497347e-04       2.234982e-02       1.310619e-03      273.437      273.079
     2369.33       1010.03      1278.25       202.80      4.486524e-04       2.230928e-02       2.681368e-03      273.437      272.704
     2393.72       1019.51      1259.99       205.46      4.498244e-04       2.233603e-02       2.856880e-03      273.437      272.656
     2392.27       1020.52      1262.74       218.71      4.504215e-04       2.234903e-02       2.983711e-03      273.437      272.622
     2379.82       1014.59      1282.28       196.57      4.479049e-04       2.230741e-02       6.811871e-04      273.437      273.624
     2393.05       1019.71      1281.81       188.40      4.492646e-04       2.231186e-02       3.503329e-03      273.437      274.395
     2334.95        995.58      1312.81       181.08      4.497095e-04       2.235307e-02       3.952393e-04      273.437      273.329
     2377.95       1014.35      1287.88       150.27      4.514439e-04       2.239328e-02       1.144159e-03      273.437      273.125
     2352.77       1003.32      1293.87       208.01      4.483804e-04       2.231713e-02       1.146277e-03      273.437      273.124
     2396.49       1022.37      1261.75       208.17      4.501281e-04       2.234083e-02       3.044244e-03      273.437      272.605
     2350.26       1002.25      1299.95       187.68      4.484277e-04       2.232014e-02       7.606109e-04      273.437      273.230
     2365.46       1007.27      1282.89       228.19      4.491187e-04       2.233845e-02       3.609963e-04      273.437      273.536
     2364.24       1007.40      1285.73       213.18      4.482483e-04       2.231693e-02       2.742590e-04      273.437      273.363
     2354.20       1003.75      1302.71       199.68      4.486818e-04       2.231896e-02       1.896351e-03      273.437      273.956
     2365.55       1008.45      1284.34       202.02      4.481068e-04       2.230804e-02       1.493401e-03      273.437      273.029
     2380.96       1014.65      1273.22       222.88      4.490392e-04       2.233619e-02       4.939466e-04      273.437      273.302
     2357.92       1005.34      1293.24       196.19      4.480124e-04       2.231027e-02       6.239935e-04      273.437      273.267
     2381.02       1014.59      1278.94       195.95      4.479093e-04       2.230856e-02       2.122143e-04      273.437      273.496
     2377.90       1014.08      1283.67       182.75      4.480589e-04       2.231211e-02       3.386929e-04      273.437      273.345
     2382.78       1015.84      1284.72       183.84      4.482529e-04       2.231171e-02       1.489014e-03      273.437      273.845
     2369.85       1010.30      1284.43       197.39      4.478746e-04       2.230645e-02       7.388050e-04      273.437      273.235
     2366.39       1008.33      1285.77       210.80      4.481359e-04       2.231429e-02       1.095348e-04      273.437      273.467
     2375.02       1012.64      1284.19       189.58      4.478636e-04       2.230743e-02       2.109177e-04      273.437      273.380
     2395.00       1020.75      1271.73       193.53      4.483345e-04       2.231887e-02       3.987588e-04      273.437      273.547
     2367.16       1009.18      1287.85       195.53      4.478363e-04       2.230665e-02       2.915671e-04      273.437      273.358
     2364.92       1008.77      1290.44       193.56      4.478844e-04       2.230738e-02       5.196553e-04      273.437      273.295
     2358.67       1005.86      1291.18       191.45      4.481924e-04       2.230939e-02       1.595054e-03      273.437      273.001
     2374.52       1012.41      1284.50       195.29      4.478182e-04       2.230637e-02       1.284658e-04      273.437      273.473
     2378.37       1013.49      1280.05       195.31      4.478674e-04       2.230762e-02       5.916936e-05      273.437      273.421
     2377.69       1013.56      1283.86       190.47      4.478854e-04       2.230738e-02       5.284279e-04      273.437      273.582
     2371.81       1011.11      1284.29       195.65      4.478312e-04       2.230629e-02       4.200492e-04      273.437      273.323
     2365.89       1009.18      1290.37       192.70      4.478690e-04       2.230735e-02       3.581214e-04      273.437      273.340
     2375.25       1012.41      1282.63       194.65      4.478292e-04       2.230664e-02       1.239186e-04      273.437      273.404
     2369.35       1009.92      1285.44       201.07      4.478640e-04       2.230749e-02       1.450253e-04      273.437      273.398
     2373.60       1011.96      1284.50       192.42      4.478271e-04       2.230654e-02       1.913533e-04      273.437      273.385
     2380.44       1014.77      1280.12       193.48      4.478885e-04       2.230815e-02       3.864297e-05      273.437      273.427
     2370.48       1010.58      1285.91       195.01      4.478170e-04       2.230626e-02       2.179917e-04      273.437      273.378
     2375.12       1012.56      1284.48       193.04      4.478278e-04       2.230653e-02       2.190561e-04      273.437      273.497
     2371.61       1011.34      1287.08       193.22      4.478173e-04       2.230636e-02       9.110018e-05      273.437      273.462
     2369.99       1010.58      1286.51       194.93      4.478225e-04       2.230627e-02       3.150833e-04      273.437      273.351
     2369.70       1010.49      1287.50       196.82      4.478198e-04       2.230644e-02       3.209262e-05      273.437      273.446
     2373.17       1011.83      1285.98       195.23      4.478224e-04       2.230623e-02       3.335303e-04      273.437      273.529
     2372.37       1011.52      1286.11       195.16      4.478139e-04       2.230623e-02       1.715360e-04      273.437      273.484
     2374.79       1012.43      1284.30       192.53      4.478262e-04       2.230660e-02       5.060844e-05      273.437      273.451
     2370.97       1010.97      1286.70       195.74      4.478127e-04       2.230627e-02       3.861383e-05      273.437      273.448
     2368.20       1009.80      1288.40       194.28      4.478274e-04       2.230661e-02       9.255433e-05      273.437      273.412
     2372.94       1011.75      1285.48       195.03      4.478122e-04       2.230624e-02       7.538970e-05      273.437      273.458
     2371.77       1011.07      1285.03       197.26      4.478191e-04       2.230642e-02       5.741957e-05      273.437      273.422
     2371.65       1011.27      1286.56       194.23      4.478125e-04       2.230626e-02       5.414198e-05      273.437      273.452
     2373.49       1012.18      1286.51       195.07      4.478254e-04       2.230621e-02       3.879762e-04      273.437      273.544
     2371.23       1010.98      1286.06       195.03      4.478119e-04       2.230624e-02       6.641289e-05      273.437      273.419
     2371.03       1010.97      1286.29       194.86      4.478129e-04       2.230624e-02       1.203551e-04      273.437      273.405
     2371.36       1011.11      1286.24       194.93      4.478115e-04       2.230623e-02       4.733299e-05      273.437      273.425
     2372.62       1011.58      1285.47       193.87      4.478134e-04       2.230628e-02       3.114473e-05      273.437      273.429
     2371.39       1011.13      1286.39       195.27      4.478114e-04       2.230624e-02       2.142091e-05      273.437      273.443
     2371.81       1011.21      1285.53       195.91      4.478127e-04       2.230626e-02       6.247382e-05      273.437      273.420
     2371.69       1011.26      1286.30       194.65      4.478114e-04       2.230624e-02       2.503442e-05      273.437      273.444
     2369.90       1010.48      1287.03       194.90      4.478159e-04       2.230632e-02       1.102100e-04      273.437      273.407
     2372.18       1011.43      1285.86       195.00      4.478111e-04       2.230623e-02       2.944589e-05      273.437      273.446
     2372.08       1011.49      1286.34       194.90      4.478114e-04       2.230622e-02       8.074061e-05      273.437      273.460
     2372.30       1011.54      1286.21       194.98      4.478124e-04       2.230622e-02       1.257211e-04      273.437      273.472
     2371.60       1011.22      1286.23       194.94      4.478111e-04       2.230623e-02       4.075016e-06      273.437      273.436
     2372.39       1011.57      1285.98       194.47      4.478115e-04       2.230623e-02       4.397102e-05      273.437      273.450
     2371.64       1011.24      1286.29       195.07      4.478111e-04       2.230623e-02       2.712362e-05      273.437      273.445
     2372.06       1011.43      1286.06       195.31      4.478110e-04       2.230622e-02       4.154843e-05      273.437      273.449
     2372.24       1011.52      1285.94       195.65      4.478115e-04       2.230623e-02       4.980467e-05      273.437      273.451
     2371.66       1011.17      1285.88       195.27      4.478113e-04       2.230623e-02       3.363793e-05      273.437      273.428
     2371.76       1011.25      1286.00       195.17      4.478111e-04       2.230623e-02       5.041787e-06      273.437      273.436
     2372.16       1011.43      1285.79       195.14      4.478110e-04       2.230623e-02       3.734143e-06      273.437      273.439
     2372.42       1011.53      1285.54       195.18      4.478113e-04       2.230623e-02       7.977688e-06      273.437      273.435
     2372.48       1011.56      1285.62       195.37      4.478115e-04       2.230624e-02       3.885246e-05      273.437      273.448
     2371.82       1011.30      1286.08       195.05      4.478109e-04       2.230623e-02       6.704157e-06      273.437      273.439
     2371.72       1011.27      1286.10       195.34      4.478110e-04       2.230623e-02       5.944626e-06      273.437      273.436
     2372.12       1011.47      1286.02       195.25      4.478109e-04       2.230622e-02       2.811688e-05      273.437      273.445
     2372.29       1011.57      1286.03       195.28      4.478109e-04       2.230622e-02       4.463901e-05      273.437      273.450
     2371.85       1011.30      1285.93       195.08      4.478110e-04       2.230623e-02       2.526313e-05      273.437      273.431
     2372.26       1011.48      1285.81       194.92      4.478110e-04       2.230623e-02       1.259688e-05      273.437      273.441
     2372.32       1011.53      1285.91       195.10      4.478111e-04       2.230622e-02       5.084755e-05      273.437      273.451
     2371.97       1011.36      1285.93       195.08      4.478109e-04       2.230622e-02       6.187869e-06      273.437      273.436
     2371.78       1011.30      1286.10       195.34      4.478110e-04       2.230623e-02       3.512296e-06      273.437      273.438
     2371.68       1011.29      1286.27       195.22      4.478109e-04       2.230623e-02       1.220905e-05      273.437      273.441
     2372.01       1011.41      1286.05       194.96      4.478109e-04       2.230622e-02       1.683294e-05      273.437      273.442
     2372.13       1011.46      1286.03       194.77      4.478110e-04       2.230623e-02       2.351939e-05      273.437      273.444
     2372.07       1011.46      1286.05       195.20      4.478108e-04       2.230622e-02       1.879438e-05      273.437      273.443
     2372.20       1011.54      1286.04       195.28      4.478107e-04       2.230622e-02       2.487107e-05      273.437      273.444
     2372.47       1011.60      1285.75       195.07      4.478110e-04       2.230623e-02       1.945301e-05      273.437      273.443
     2371.88       1011.36      1286.14       195.18      4.478108e-04       2.230622e-02       1.408483e-05      273.437      273.441
     2372.13       1011.52      1286.20       195.25      4.478108e-04       2.230622e-02       4.814833e-05      273.437      273.451
     2371.99       1011.45      1286.20       195.09      4.478107e-04       2.230622e-02       2.385534e-05      273.437      273.444
     2371.93       1011.44      1286.29       195.01      4.478107e-04       2.230622e-02       2.180373e-05      273.437      273.443
     2372.06       1011.53      1286.28       195.40      4.478107e-04       2.230622e-02       3.758292e-05      273.437      273.448
     2371.90       1011.41      1286.18       195.19      4.478107e-04       2.230622e-02       9.466507e-07      273.437      273.438
     2372.17       1011.59      1286.26       195.26      4.478105e-04       2.230621e-02       2.852137e-05      273.437      273.445
     2372.31       1011.70      1286.31       195.30      4.478103e-04       2.230621e-02       3.572966e-05      273.437      273.447
     2371.90       1011.50      1286.49       195.17      4.478104e-04       2.230621e-02       2.323110e-05      273.437      273.444
     2371.97       1011.50      1286.36       194.93      4.478104e-04       2.230621e-02       3.324823e-06      273.437      273.438
     2372.16       1011.67      1286.55       195.01      4.478103e-04       2.230620e-02       4.102562e-05      273.437      273.449
     2372.29       1011.80      1286.73       194.93      4.478102e-04       2.230620e-02       6.106124e-05      273.437      273.454
     2372.30       1011.81      1286.65       195.15      4.478099e-04       2.230620e-02       3.983422e-05      273.437      273.448
     2372.48       1012.00      1286.84       195.22      4.478095e-04       2.230619e-02       4.887931e-05      273.437      273.451
     2372.52       1012.00      1286.83       195.38      4.478101e-04       2.230619e-02       8.117397e-05      273.437      273.460
     2372.90       1012.25      1286.86       195.25      4.478099e-04       2.230618e-02       9.021061e-05      273.437      273.462
     2372.78       1012.32      1287.31       195.09      4.478097e-04       2.230617e-02       1.048989e-04      273.437      273.466
     2373.06       1012.48      1287.19       195.54      4.478096e-04       2.230617e-02       1.015262e-04      273.437      273.465
     2373.09       1012.52      1287.27       195.17      4.478091e-04       2.230616e-02       9.153163e-05      273.437      273.463
     2373.37       1012.79      1287.49       195.06      4.478087e-04       2.230615e-02       9.671327e-05      273.437      273.464
     2372.95       1012.55      1287.56       195.21      4.478087e-04       2.230615e-02       8.582614e-05      273.437      273.461
     2373.15       1012.59      1287.23       195.43      4.478086e-04       2.230616e-02       6.153312e-05      273.437      273.454
     2373.33       1012.73      1287.18       195.60      4.478085e-04       2.230616e-02       3.984718e-05      273.437      273.448
     2373.01       1012.55      1287.34       195.00      4.478081e-04       2.230615e-02       3.419794e-05      273.437      273.447
     2372.98       1012.58      1287.42       194.74      4.478080e-04       2.230615e-02       5.674277e-07      273.437      273.438
     2373.83       1013.32      1287.99       195.08      4.478069e-04       2.230611e-02       6.244134e-05      273.437      273.455
     2374.51       1013.99      1288.57       195.01      4.478057e-04       2.230608e-02       6.900567e-05      273.437      273.456
     2374.14       1013.50      1287.78       195.00      4.478068e-04       2.230612e-02       1.704935e-05      273.437      273.442
     2374.11       1013.61      1287.98       195.11      4.478063e-04       2.230611e-02       3.349341e-05      273.437      273.428
     2374.55       1014.11      1288.69       194.33      4.478057e-04       2.230610e-02       1.330047e-05      273.437      273.434
     2375.67       1015.02      1289.09       194.99      4.478045e-04       2.230606e-02       1.843982e-05      273.437      273.443
     2377.02       1016.24      1289.92       195.11      4.478040e-04       2.230605e-02       2.637054e-05      273.437      273.445
     2375.95       1015.48      1289.80       194.79      4.478031e-04       2.230603e-02       7.427220e-06      273.437      273.440
     2376.85       1016.47      1290.82       194.68      4.478014e-04       2.230599e-02       2.236193e-06      273.437      273.438
     2377.35       1016.79      1291.02       194.46      4.478025e-04       2.230600e-02       7.543308e-05      273.437      273.458
     2378.32       1017.64      1291.47       195.30      4.478025e-04       2.230599e-02       9.927383e-05      273.437      273.465
     2380.26       1019.58      1293.05       194.77      4.478015e-04       2.230599e-02       2.980111e-05      273.437      273.446
     2379.37       1019.00      1293.26       194.50      4.477993e-04       2.230592e-02       7.721013e-05      273.437      273.459
     2380.54       1020.38      1294.93       194.19      4.477977e-04       2.230587e-02       1.020896e-04      273.437      273.465
     2379.18       1018.97      1293.43       193.75      4.478001e-04       2.230596e-02       6.329969e-06      273.437      273.439
     2381.07       1020.91      1295.10       194.23      4.477973e-04       2.230589e-02       5.744289e-06      273.437      273.436
     2382.93       1022.98      1297.14       194.12      4.477962e-04       2.230585e-02       4.812296e-05      273.437      273.424
     2379.49       1019.81      1295.11       193.60      4.477967e-04       2.230587e-02       2.809474e-06      273.437      273.438
     2384.23       1024.61      1299.50       193.15      4.477958e-04       2.230585e-02       2.596927e-05      273.437      273.445
     2387.92       1028.69      1303.85       192.38      4.477981e-04       2.230590e-02       3.163890e-05      273.437      273.446
     2384.41       1024.92      1299.91       193.78      4.477916e-04       2.230574e-02       3.428266e-05      273.437      273.447
     2387.03       1027.90      1303.15       193.79      4.477882e-04       2.230565e-02       4.536218e-05      273.437      273.450
     2386.29       1027.27      1302.52       193.14      4.477925e-04       2.230575e-02       8.971704e-05      273.437      273.413
     2390.75       1031.58      1306.05       193.50      4.477950e-04       2.230582e-02       4.578166e-05      273.437      273.425
     2391.23       1032.71      1308.48       192.67      4.477906e-04       2.230572e-02       1.309425e-05      273.437      273.441
     2393.42       1035.13      1310.62       193.41      4.477880e-04       2.230564e-02       6.966133e-05      273.437      273.418
     2398.03       1040.42      1316.20       193.53      4.477882e-04       2.230562e-02       1.274705e-04      273.437      273.403
     2388.23       1029.92      1306.33       193.01      4.477848e-04       2.230557e-02       2.910978e-06      273.437      273.437
     2386.97       1029.09      1306.47       192.76      4.477832e-04       2.230553e-02       1.722168e-05      273.437      273.442
     2393.03       1035.15      1311.85       193.17      4.477810e-04       2.230546e-02       9.270433e-05      273.437      273.463
     2396.41       1039.10      1316.52       193.19      4.477782e-04       2.230533e-02       1.796366e-04      273.437      273.487
     2390.69       1032.89      1309.89       193.91      4.477750e-04       2.230532e-02       7.801475e-05      273.437      273.459
     2390.42       1032.98      1310.59       194.52      4.477696e-04       2.230517e-02       1.102397e-04      273.437      273.468
     2396.59       1040.27      1318.96       193.15      4.477666e-04       2.230511e-02       7.111425e-05      273.437      273.457
     2401.37       1046.48      1326.91       192.83      4.477575e-04       2.230488e-02       7.465788e-05      273.437      273.458
     2394.16       1038.67      1319.61       193.25      4.477649e-04       2.230490e-02       2.679709e-04      273.437      273.511
     2404.22       1049.57      1330.39       194.13      4.477526e-04       2.230457e-02       2.844322e-04      273.437      273.515
     2412.87       1059.88      1342.43       194.81      4.477450e-04       2.230421e-02       3.886445e-04      273.437      273.544
     2402.99       1049.87      1333.22       194.51      4.477356e-04       2.230418e-02       2.577580e-04      273.437      273.508
     2406.28       1055.27      1341.61       195.17      4.477199e-04       2.230375e-02       2.917373e-04      273.437      273.517
     2416.94       1067.28      1354.83       193.50      4.477221e-04       2.230367e-02       3.695048e-04      273.437      273.539
     2424.61       1075.92      1363.42       194.91      4.477024e-04       2.230338e-02       2.397960e-04      273.437      273.503
     2439.91       1094.78      1385.59       195.74      4.476803e-04       2.230293e-02       1.293437e-04      273.437      273.473
     2436.66       1092.26      1385.52       196.80      4.476765e-04       2.230230e-02       4.821361e-04      273.437      273.569
     2454.39       1115.52      1415.30       198.80      4.476463e-04       2.230132e-02       5.681559e-04      273.437      273.593
     2445.88       1106.54      1406.31       196.79      4.476297e-04       2.230147e-02       3.125026e-04      273.437      273.523
     2462.47       1130.25      1438.80       197.79      4.475828e-04       2.230047e-02       1.662316e-04      273.437      273.483
     2464.60       1130.72      1435.93       200.27      4.475898e-04       2.230064e-02       1.803881e-04      273.437      273.487
     2504.87       1182.04      1498.17       201.15      4.475639e-04       2.229972e-02       3.765053e-04      273.437      273.335
     2554.90       1248.09      1579.64       204.17      4.478128e-04       2.229941e-02       1.659205e-03      273.437      272.984
     2503.38       1185.10      1509.50       203.29      4.475190e-04       2.229895e-02       1.028110e-05      273.437      273.435
     2535.41       1231.58      1573.41       207.12      4.475287e-04       2.229868e-02       4.574691e-04      273.437      273.312
     2513.36       1198.98      1526.56       202.44      4.475534e-04       2.229855e-02       7.124008e-04      273.437      273.243
     2527.56       1217.97      1551.32       202.05      4.475501e-04       2.229816e-02       7.936213e-04      273.437      273.220
     2562.59       1263.55      1606.11       206.73      4.477849e-04       2.229823e-02       1.717283e-03      273.437      272.968
     2487.32       1162.88      1479.78       200.00      4.475379e-04       2.229941e-02       6.832844e-05      273.437      273.419
     2510.89       1200.29      1535.30       202.75      4.475312e-04       2.229891e-02       3.733948e-04      273.437      273.335
     2501.18       1183.99      1511.17       201.60      4.475198e-04       2.229893e-02       1.316213e-04      273.437      273.473
     2473.95       1148.59      1467.01       201.76      4.475861e-04       2.230009e-02       4.639871e-04      273.437      273.564
     2514.10       1200.44      1530.02       201.98      4.475166e-04       2.229848e-02       4.083635e-04      273.437      273.326
     2527.54       1222.36      1563.75       204.82      4.475185e-04       2.229863e-02       3.518268e-04      273.437      273.341
     2512.19       1195.56      1521.78       203.09      4.475096e-04       2.229870e-02       7.932727e-05      273.437      273.459
     2512.83       1193.20      1515.04       203.26      4.475358e-04       2.229915e-02       3.013373e-04      273.437      273.520
     2527.44       1217.78      1551.36       205.00      4.475226e-04       2.229841e-02       5.026715e-04      273.437      273.300
     2507.73       1192.39      1521.17       202.44      4.475094e-04       2.229871e-02       9.939864e-06      273.437      273.435
     2527.42       1220.35      1558.96       202.87      4.475041e-04       2.229827e-02       3.553827e-04      273.437      273.340
     2539.48       1238.17      1583.98       202.66      4.475231e-04       2.229822e-02       5.808989e-04      273.437      273.279
     2503.20       1182.13      1502.44       200.39      4.475242e-04       2.229908e-02       2.246387e-05      273.437      273.431
     2521.44       1212.24      1548.31       203.70      4.475057e-04       2.229846e-02       2.540564e-04      273.437      273.368
     2520.27       1209.79      1545.01       204.08      4.475050e-04       2.229855e-02       1.520471e-04      273.437      273.479
     2526.25       1221.86      1565.03       203.46      4.475237e-04       2.229882e-02       3.171798e-04      273.437      273.351
     2515.70       1202.11      1532.53       203.18      4.475014e-04       2.229851e-02       1.346049e-05      273.437      273.434
     2534.71       1229.98      1571.41       204.48      4.474960e-04       2.229821e-02       2.636561e-04      273.437      273.365
     2548.26       1248.99      1596.84       205.50      4.475049e-04       2.229809e-02       4.550351e-04      273.437      273.313
     2527.60       1218.83      1555.59       203.60      4.474906e-04       2.229824e-02       2.515253e-05      273.437      273.444
     2530.68       1222.13      1559.23       203.55      4.474896e-04       2.229815e-02       1.620986e-04      273.437      273.482
     2533.98       1227.48      1566.03       202.96      4.474969e-04       2.229803e-02       3.882629e-04      273.437      273.331
     2530.11       1220.45      1555.58       204.21      4.474912e-04       2.229823e-02       1.172828e-04      273.437      273.470
     2549.10       1248.12      1593.88       204.42      4.474799e-04       2.229784e-02       2.346416e-04      273.437      273.373
     2565.88       1271.45      1624.99       205.04      4.474869e-04       2.229767e-02       4.406271e-04      273.437      273.317
     2538.31       1232.81      1573.96       205.37      4.474972e-04       2.229820e-02       2.925825e-04      273.437      273.518
     2535.06       1228.82      1568.01       203.56      4.474871e-04       2.229804e-02       2.177913e-04      273.437      273.378
     2537.75       1229.74      1566.87       203.39      4.474843e-04       2.229800e-02       1.900201e-04      273.437      273.489
     2546.19       1243.97      1588.45       203.25      4.474777e-04       2.229785e-02       1.716956e-04      273.437      273.391
     2554.25       1255.82      1605.01       202.77      4.474853e-04       2.229783e-02       3.394109e-04      273.437      273.345
     2553.39       1253.26      1599.45       203.76      4.474847e-04       2.229769e-02       4.026091e-04      273.437      273.327
     2558.17       1258.79      1606.38       203.85      4.474671e-04       2.229763e-02       1.110389e-04      273.437      273.407
     2569.76       1273.91      1625.73       203.99      4.474612e-04       2.229749e-02       9.989376e-05      273.437      273.410
     2547.99       1244.52      1587.89       203.76      4.474803e-04       2.229780e-02       2.727131e-04      273.437      273.512
     2568.80       1275.67      1631.35       204.31      4.474801e-04       2.229769e-02       3.436827e-04      273.437      273.344
     2568.93       1276.34      1631.86       204.22      4.475157e-04       2.229765e-02       7.013403e-04      273.437      273.246
     2553.22       1252.44      1598.83       203.88      4.474700e-04       2.229773e-02       4.014856e-05      273.437      273.448
     2540.36       1233.67      1572.30       203.45      4.474786e-04       2.229793e-02       8.106664e-05      273.437      273.460
     2555.65       1253.78      1598.66       202.87      4.474711e-04       2.229768e-02       1.838958e-04      273.437      273.488
     2572.08       1278.53      1633.77       203.54      4.474658e-04       2.229758e-02       1.446690e-04      273.437      273.398
     2579.20       1285.47      1640.17       203.89      4.474584e-04       2.229741e-02       1.219173e-04      273.437      273.471
     2595.79       1306.48      1666.34       204.21      4.474566e-04       2.229731e-02       1.856395e-04      273.437      273.488
     2589.79       1301.97      1663.82       204.94      4.474615e-04       2.229741e-02       2.106321e-04      273.437      273.380
     2610.63       1328.48      1696.63       204.46      4.474642e-04       2.229733e-02       3.243961e-04      273.437      273.349
     2610.93       1326.97      1692.56       205.26      4.474521e-04       2.229725e-02       1.127159e-04      273.437      273.407
     2630.46       1351.52      1722.34       206.13      4.474583e-04       2.229733e-02       2.129827e-04      273.437      273.379
     2572.54       1276.30      1627.79       204.74      4.474622e-04       2.229747e-02       1.719338e-04      273.437      273.485
     2582.03       1289.25      1644.86       204.67      4.474561e-04       2.229737e-02       7.720106e-05      273.437      273.459
     2589.42       1296.18      1650.76       204.12      4.474650e-04       2.229741e-02       2.820433e-04      273.437      273.515
     2589.70       1300.52      1660.55       204.74      4.474551e-04       2.229734e-02       8.683452e-05      273.437      273.414
     2619.56       1338.02      1706.82       205.45      4.474511e-04       2.229726e-02       3.105780e-05      273.437      273.446
     2644.63       1370.66      1748.10       206.19      4.474563e-04       2.229737e-02       8.920763e-05      273.437      273.413
     2605.28       1320.78      1685.91       205.85      4.474551e-04       2.229727e-02       1.898387e-04      273.437      273.386
     2630.79       1354.22      1728.48       205.98      4.474648e-04       2.229729e-02       3.562846e-04      273.437      273.340
     2594.18       1305.34      1665.58       205.00      4.474525e-04       2.229730e-02       1.508820e-05      273.437      273.442
     2625.32       1345.16      1715.04       206.05      4.474527e-04       2.229728e-02       8.825144e-05      273.437      273.413
     2619.70       1336.91      1704.01       205.03      4.474546e-04       2.229731e-02       1.305527e-04      273.437      273.473
     2616.09       1332.87      1699.48       205.23      4.474517e-04       2.229727e-02       5.406827e-05      273.437      273.452
     2595.08       1306.52      1667.28       204.43      4.474532e-04       2.229731e-02       5.411333e-05      273.437      273.452
     2617.75       1335.45      1703.03       205.64      4.474511e-04       2.229726e-02       3.511586e-05      273.437      273.428
     2638.07       1361.59      1735.72       205.80      4.474570e-04       2.229736e-02       1.411976e-04      273.437      273.399
     2605.12       1319.30      1682.98       205.20      4.474510e-04       2.229726e-02       1.225058e-05      273.437      273.441
     2618.32       1335.84      1703.58       205.50      4.474533e-04       2.229726e-02       1.479524e-04      273.437      273.478
     2612.78       1329.18      1695.31       205.32      4.474511e-04       2.229726e-02       4.677159e-05      273.437      273.425
     2611.51       1328.09      1694.58       205.57      4.474511e-04       2.229725e-02       6.814347e-05      273.437      273.419
     2604.03       1318.01      1681.16       205.42      4.474522e-04       2.229726e-02       1.071592e-04      273.437      273.408
     2615.67       1333.00      1700.39       205.44      4.474508e-04       2.229725e-02       7.633741e-07      273.437      273.438
     2604.80       1319.35      1683.61       205.13      4.474512e-04       2.229726e-02       2.126490e-05      273.437      273.432
     2614.51       1331.42      1698.17       205.51      4.474508e-04       2.229725e-02       2.845518e-05      273.437      273.430
     2612.53       1328.35      1693.84       205.16      4.474514e-04       2.229727e-02       4.037461e-05      273.437      273.449
     2611.76       1328.15      1694.39       205.47      4.474508e-04       2.229725e-02       4.094940e-05      273.437      273.426
     2610.75       1326.74      1692.64       205.49      4.474507e-04       2.229725e-02       2.158216e-05      273.437      273.443
     2609.73       1325.53      1691.30       205.57      4.474510e-04       2.229725e-02       5.538668e-05      273.437      273.453
     2621.24       1340.40      1709.86       205.76      4.474511e-04       2.229726e-02       4.803818e-05      273.437      273.424
     2609.14       1324.56      1689.68       205.34      4.474508e-04       2.229725e-02       2.120452e-06      273.437      273.438
     2609.16       1324.81      1690.38       205.36      4.474508e-04       2.229725e-02       1.982486e-05      273.437      273.443
     2610.60       1326.40      1692.15       205.34      4.474511e-04       2.229725e-02       6.446472e-05      273.437      273.455
     2611.47       1327.72      1693.83       205.44      4.474507e-04       2.229725e-02       1.458223e-05      273.437      273.434
     2614.36       1331.20      1697.89       205.50      4.474508e-04       2.229725e-02       1.517276e-05      273.437      273.433
     2613.06       1329.60      1696.01       205.46      4.474507e-04       2.229725e-02       5.925680e-06      273.437      273.436
     2606.54       1321.32      1685.70       205.42      4.474508e-04       2.229726e-02       2.857917e-06      273.437      273.437
     2613.39       1330.08      1696.71       205.44      4.474507e-04       2.229725e-02       1.392553e-06      273.437      273.438
     2615.19       1332.52      1699.92       205.58      4.474506e-04       2.229725e-02       2.363098e-06      273.437      273.437
     2618.22       1336.50      1705.05       205.70      4.474507e-04       2.229725e-02       7.280173e-06      273.437      273.436
     2615.81       1333.21      1700.60       205.47      4.474509e-04       2.229725e-02       3.330775e-05      273.437      273.428
     2612.01       1328.36      1694.63       205.48      4.474506e-04       2.229725e-02       8.381430e-06      273.437      273.440
     2612.97       1329.73      1696.53       205.51      4.474506e-04       2.229725e-02       2.736573e-06      273.437      273.438
     2612.93       1329.80      1696.80       205.53      4.474506e-04       2.229725e-02       7.006006e-06      273.437      273.439
     2612.43       1329.08      1695.74       205.57      4.474506e-04       2.229725e-02       3.958150e-06      273.437      273.436
     2611.96       1328.59      1695.26       205.63      4.474506e-04       2.229725e-02       6.754493e-06      273.437      273.436
     2614.83       1332.13      1699.58       205.63      4.474506e-04       2.229725e-02       1.669631e-05      273.437      273.442
     2615.70       1333.37      1701.27       205.65      4.474506e-04       2.229725e-02       2.247755e-06      273.437      273.437
     2612.78       1329.65      1696.64       205.60      4.474506e-04       2.229725e-02       8.978324e-06      273.437      273.440
     2614.90       1332.38      1700.08       205.72      4.474506e-04       2.229725e-02       7.228455e-06      273.437      273.439
     2615.87       1333.71      1701.86       205.82      4.474506e-04       2.229725e-02       9.241625e-06      273.437      273.440
     2613.08       1330.11      1697.28       205.64      4.474506e-04       2.229725e-02       1.145873e-05      273.437      273.434
     2613.52       1330.62      1697.86       205.64      4.474506e-04       2.229725e-02       4.318405e-06      273.437      273.436
     2615.50       1333.08      1700.83       205.69      4.474506e-04       2.229725e-02       1.078987e-05      273.437      273.435
     2612.47       1329.21      1695.99       205.65      4.474506e-04       2.229725e-02       3.946816e-06      273.437      273.436
     2615.76       1333.56      1701.64       205.78      4.474506e-04       2.229725e-02       2.231892e-06      273.437      273.437
     2612.83       1329.80      1696.95       205.71      4.474506e-04       2.229725e-02       9.103678e-06      273.437      273.440
     2614.83       1332.26      1699.86       205.69      4.474506e-04       2.229725e-02       5.655578e-06      273.437      273.436
     2615.47       1333.09      1700.93       205.78      4.474506e-04       2.229725e-02       2.221864e-06      273.437      273.438
     2616.45       1334.33      1702.47       205.85      4.474506e-04       2.229725e-02       5.215263e-06      273.437      273.439
     2618.01       1336.45      1705.27       205.83      4.474506e-04       2.229725e-02       3.260941e-06      273.437      273.438
     2613.86       1331.02      1698.31       205.70      4.474506e-04       2.229725e-02       1.558789e-06      273.437      273.437
     2613.77       1330.82      1697.95       205.66      4.474506e-04       2.229725e-02       3.212040e-06      273.437      273.438
     2612.77       1329.44      1696.11       205.60      4.474506e-04       2.229725e-02       5.532035e-06      273.437      273.439
     2614.06       1331.21      1698.45       205.70      4.474506e-04       2.229725e-02       8.052644e-06      273.437      273.435
     2613.75       1330.81      1697.96       205.73      4.474506e-04       2.229725e-02       3.551257e-06      273.437      273.438
     2613.20       1330.08      1697.00       205.75      4.474506e-04       2.229725e-02       8.112776e-06      273.437      273.440
     2614.36       1331.66      1699.13       205.74      4.474506e-04       2.229725e-02       1.191557e-05      273.437      273.441
     2614.14       1331.32      1698.62       205.71      4.474506e-04       2.229725e-02       3.083094e-06      273.437      273.437
     2614.70       1332.00      1699.42       205.74      4.474506e-04       2.229725e-02       4.525034e-06      273.437      273.439
     2612.71       1329.38      1696.04       205.64      4.474506e-04       2.229725e-02       1.578887e-06      273.437      273.438
     2614.78       1332.17      1699.71       205.75      4.474506e-04       2.229725e-02       2.179312e-06      273.437      273.438
     2614.91       1332.33      1699.90       205.80      4.474506e-04       2.229725e-02       3.916449e-07      273.437      273.438
     2614.08       1331.31      1698.67       205.75      4.474506e-04       2.229725e-02       3.027760e-06      273.437      273.437
     2614.55       1331.83      1699.23       205.74      4.474506e-04       2.229725e-02       2.667852e-06      273.437      273.438
     2615.44       1333.02      1700.77       205.77      4.474506e-04       2.229725e-02       2.649362e-06      273.437      273.437
     2614.17       1331.36      1698.66       205.74      4.474506e-04       2.229725e-02       2.055339e-06      273.437      273.438
     2613.90       1331.01      1698.21       205.67      4.474506e-04       2.229725e-02       1.529295e-06      273.437      273.438
     2614.66       1332.00      1699.48       205.77      4.474506e-04       2.229725e-02       6.464699e-07      273.437      273.438
     2614.94       1332.35      1699.92       205.79      4.474506e-04       2.229725e-02       6.886946e-06      273.437      273.439
     2614.34       1331.58      1698.94       205.73      4.474506e-04       2.229725e-02       6.037533e-07      273.437      273.437
     2614.08       1331.22      1698.45       205.74      4.474506e-04       2.229725e-02       1.865457e-07      273.437      273.438
     2613.73       1330.75      1697.82       205.74      4.474506e-04       2.229725e-02       7.972674e-07      273.437      273.437
     2614.08       1331.25      1698.53       205.74      4.474506e-04       2.229725e-02       1.477554e-06      273.437      273.437
     2614.43       1331.68      1699.06       205.74      4.474506e-04       2.229725e-02       1.659992e-06      273.437      273.438
     2614.58       1331.88      1699.30       205.75      4.474506e-04       2.229725e-02       1.110847e-06      273.437      273.437
     2614.05       1331.18      1698.40       205.72      4.474506e-04       2.229725e-02       5.923317e-07      273.437      273.437
     2614.51       1331.80      1699.21       205.76      4.474506e-04       2.229725e-02       3.191230e-07      273.437      273.438
     2614.46       1331.71      1699.06       205.77      4.474506e-04       2.229725e-02       1.187071e-06      273.437      273.438
     2614.37       1331.61      1698.97       205.74      4.474506e-04       2.229725e-02       2.048589e-07      273.437      273.437
     2614.34       1331.57      1698.91       205.75      4.474506e-04       2.229725e-02       2.008899e-06      273.437      273.437
     2614.36       1331.60      1698.94       205.75      4.474506e-04       2.229725e-02       1.042870e-06      273.437      273.437
     2614.44       1331.70      1699.09       205.75      4.474506e-04       2.229725e-02       5.806592e-08      273.437      273.438
     2614.29       1331.51      1698.83       205.75      4.474506e-04       2.229725e-02       3.064159e-07      273.437      273.438
     2614.55       1331.84      1699.25       205.75      4.474506e-04       2.229725e-02       3.955566e-07      273.437      273.437
     2614.47       1331.74      1699.13       205.75      4.474506e-04       2.229725e-02       9.895819e-07      273.437      273.438
     2614.42       1331.68      1699.06       205.75      4.474506e-04       2.229725e-02       8.442642e-07      273.437      273.437
     2614.44       1331.70      1699.08       205.75      4.474506e-04       2.229725e-02       3.612540e-07      273.437      273.437
     2614.29       1331.51      1698.85       205.75      4.474506e-04       2.229725e-02       6.033002e-07      273.437      273.438
     2614.22       1331.42      1698.71       205.74      4.474506e-04       2.229725e-02       1.902117e-08      273.437      273.437
     2614.08       1331.23      1698.46       205.74      4.474506e-04       2.229725e-02       2.429173e-07      273.437      273.437
     2614.19       1331.37      1698.66       205.74      4.474506e-04       2.229725e-02       8.334460e-07      273.437      273.438
     2614.37       1331.62      1698.97       205.75      4.474506e-04       2.229725e-02       6.131383e-08      273.437      273.437
     2614.37       1331.61      1698.95       205.75      4.474506e-04       2.229725e-02       4.605890e-07      273.437      273.437
     2614.31       1331.54      1698.87       205.75      4.474506e-04       2.229725e-02       3.130887e-07      273.437      273.438
     2614.26       1331.47      1698.78       205.74      4.474506e-04       2.229725e-02       3.421579e-07      273.437      273.438
     2614.35       1331.58      1698.92       205.75      4.474506e-04       2.229725e-02       3.970853e-08      273.437      273.438
     2614.29       1331.50      1698.83       205.75      4.474506e-04       2.229725e-02       2.417726e-07      273.437      273.438
     2614.12       1331.28      1698.53       205.75      4.474506e-04       2.229725e-02       2.609799e-07      273.437      273.438
     2614.36       1331.60      1698.95       205.75      4.474506e-04       2.229725e-02       1.351051e-07      273.437      273.438
     2614.30       1331.52      1698.85       205.75      4.474506e-04       2.229725e-02       3.262533e-07      273.437      273.438
     2614.27       1331.48      1698.79       205.75      4.474506e-04       2.229725e-02       9.826560e-08      273.437      273.438
     2614.30       1331.52      1698.85       205.75      4.474506e-04       2.229725e-02       3.097637e-07      273.437      273.438
     2614.38       1331.62      1698.98       205.75      4.474506e-04       2.229725e-02       1.859131e-07      273.437      273.438
     2614.38       1331.62      1698.98       205.75      4.474506e-04       2.229725e-02       4.685879e-07      273.437      273.438
     2614.38       1331.63      1698.99       205.75      4.474506e-04       2.229725e-02       3.371582e-07      273.437      273.438
     2614.36       1331.60      1698.96       205.75      4.474506e-04       2.229725e-02       3.306273e-07      273.437      273.438
     2614.31       1331.53      1698.86       205.75      4.474506e-04       2.229725e-02       2.708787e-07      273.437      273.438
     2614.35       1331.58      1698.93       205.75      4.474506e-04       2.229725e-02       3.908784e-07      273.437      273.438
     2614.34       1331.58      1698.93       205.75      4.474506e-04       2.229725e-02       2.983259e-07      273.437      273.438
     2614.31       1331.53      1698.86       205.75      4.474506e-04       2.229725e-02       3.114171e-07      273.437      273.438
     2614.35       1331.58      1698.93       205.75      4.474506e-04       2.229725e-02       3.375316e-07      273.437      273.438
     2614.34       1331.57      1698.92       205.75      4.474506e-04       2.229725e-02       3.207194e-07      273.437      273.438
     2614.36       1331.60      1698.96       205.75      4.474506e-04       2.229725e-02       3.500752e-07      273.437      273.438
     2614.32       1331.55      1698.89       205.75      4.474506e-04       2.229725e-02       2.723394e-07      273.437      273.438
     2614.31       1331.54      1698.87       205.75      4.474506e-04       2.229725e-02       2.113587e-07      273.437      273.438
     2614.34       1331.57      1698.91       205.75      4.474506e-04       2.229725e-02       3.458640e-07      273.437      273.438
     2614.33       1331.55      1698.89       205.75      4.474506e-04       2.229725e-02       3.172125e-07      273.437      273.438
     2614.33       1331.56      1698.90       205.75      4.474506e-04       2.229725e-02       3.060162e-07      273.437      273.438
     2614.32       1331.54      1698.88       205.75      4.474506e-04       2.229725e-02       2.927141e-07      273.437      273.438
     2614.33       1331.56      1698.90       205.75      4.474506e-04       2.229725e-02       3.519934e-07      273.437      273.438
     2614.33       1331.56      1698.90       205.75      4.474506e-04       2.229725e-02       3.511234e-07      273.437      273.438
     2614.32       1331.55      1698.89       205.75      4.474506e-04       2.229725e-02       3.442165e-07      273.437      273.438
     2614.32       1331.55      1698.89       205.75      4.474506e-04       2.229725e-02       3.374954e-07      273.437      273.438
     2614.32       1331.55      1698.88       205.75      4.474506e-04       2.229725e-02       3.018876e-07      273.437      273.438
     2614.31       1331.54      1698.88       205.75      4.474506e-04       2.229725e-02       2.762386e-07      273.437      273.438
     2614.32       1331.55      1698.89       205.75      4.474506e-04       2.229725e-02       2.982846e-07      273.437      273.438
     2614.32       1331.55      1698.89       205.75      4.474506e-04       2.229725e-02       3.278120e-07      273.437      273.438
     2614.32       1331.54      1698.88       205.75      4.474506e-04       2.229725e-02       3.075182e-07      273.437      273.438
     2614.32       1331.55      1698.89       205.75      4.474506e-04       2.229725e-02       3.039426e-07      273.437      273.438
     2614.32       1331.55      1698.89       205.75      4.474506e-04       2.229725e-02       3.261879e-07      273.437      273.438
     2614.32       1331.55      1698.89       205.75      4.474506e-04       2.229725e-02       3.194130e-07      273.437      273.438
     2614.32       1331.55      1698.89       205.75      4.474506e-04       2.229725e-02       3.001256e-07      273.437      273.438
     2614.32       1331.55      1698.89       205.75      4.474506e-04       2.229725e-02       3.052262e-07      273.437      273.438
     2614.33       1331.56      1698.90       205.75      4.474506e-04       2.229725e-02       3.108052e-07      273.437      273.438
     2614.32       1331.55      1698.88       205.75      4.474506e-04       2.229725e-02       3.086332e-07      273.437      273.438
     2614.32       1331.55      1698.89       205.75      4.474506e-04       2.229725e-02       3.140473e-07      273.437      273.438
     2614.32       1331.55      1698.89       205.75      4.474506e-04       2.229725e-02       3.025971e-07      273.437      273.438
     2614.32       1331.55      1698.89       205.75      4.474506e-04       2.229725e-02       3.035476e-07      273.437      273.438
     2614.32       1331.54      1698.88       205.75      4.474506e-04       2.229725e-02       3.047029e-07      273.437      273.438
     2614.32       1331.55      1698.89       205.75      4.474506e-04       2.229725e-02       3.080510e-07      273.437      273.438
     2614.32       1331.55      1698.89       205.75      4.474506e-04       2.229725e-02       3.089064e-07      273.437      273.438
     2614.32       1331.55      1698.89       205.75      4.474506e-04       2.229725e-02       3.078656e-07      273.437      273.438
     2614.32       1331.55      1698.89       205.75      4.474506e-04       2.229725e-02       3.051681e-07      273.437      273.438
     2614.32       1331.55      1698.89       205.75      4.474506e-04       2.229725e-02       2.943839e-07      273.437      273.438
     2614.32       1331.55      1698.89       205.75      4.474506e-04       2.229725e-02       3.017377e-07      273.437      273.438
     2614.32       1331.55      1698.89       205.75      4.474506e-04       2.229725e-02       3.024121e-07      273.437      273.438
     2614.32       1331.55      1698.89       205.75      4.474506e-04       2.229725e-02       3.045983e-07      273.437      273.438
     2614.32       1331.55      1698.89       205.75      4.474506e-04       2.229725e-02       2.981358e-07      273.437      273.438
     2614.32       1331.55      1698.89       205.75      4.474506e-04       2.229725e-02       3.034887e-07      273.437      273.438
     2614.32       1331.55      1698.89       205.75      4.474506e-04       2.229725e-02       3.022724e-07      273.437      273.438
     2614.32       1331.55      1698.89       205.75      4.474506e-04       2.229725e-02       3.018423e-07      273.437      273.438
     2614.32       1331.55      1698.89       205.75      4.474506e-04       2.229725e-02       3.074348e-07      273.437      273.438
     2614.32       1331.55      1698.89       205.75      4.474506e-04       2.229725e-02       3.043536e-07      273.437      273.438
     2614.32       1331.55      1698.88       205.75      4.474506e-04       2.229725e-02       3.028827e-07      273.437      273.438
     2614.32       1331.55      1698.88       205.75      4.474506e-04       2.229725e-02       3.070735e-07      273.437      273.438
     2614.32       1331.54      1698.88       205.75      4.474506e-04       2.229725e-02       3.003557e-07      273.437      273.438
     2614.32       1331.55      1698.89       205.75      4.474506e-04       2.229725e-02       3.056651e-07      273.437      273.438
     2614.32       1331.55      1698.88       205.75      4.474506e-04       2.229725e-02       3.041726e-07      273.437      273.438
     2614.32       1331.55      1698.88       205.75      4.474506e-04       2.229725e-02       3.026637e-07      273.437      273.438
     2614.32       1331.55      1698.89       205.75      4.474506e-04       2.229725e-02       3.034587e-07      273.437      273.438
     2614.32       1331.55      1698.89       205.75      4.474506e-04       2.229725e-02       3.046817e-07      273.437      273.438
     2614.32       1331.55      1698.88       205.75      4.474506e-04       2.229725e-02       3.010823e-07      273.437      273.438
     2614.32       1331.55      1698.88       205.75      4.474506e-04       2.229725e-02       3.015040e-07      273.437      273.438
     2614.32       1331.55      1698.89       205.75      4.474506e-04       2.229725e-02       3.036745e-07      273.437      273.438
     2614.32       1331.55      1698.88       205.75      4.474506e-04       2.229725e-02       3.029014e-07      273.437      273.438
     2614.32       1331.55      1698.89       205.75      4.474506e-04       2.229725e-02       3.039813e-07      273.437      273.438
     2614.32       1331.55      1698.88       205.75      4.474506e-04       2.229725e-02       3.022870e-07      273.437      273.438
     2614.32       1331.55      1698.88       205.75      4.474506e-04       2.229725e-02       3.027229e-07      273.437      273.438
     2614.32       1331.55      1698.88       205.75      4.474506e-04       2.229725e-02       3.031205e-07      273.437      273.438
     2614.32       1331.55      1698.88       205.75      4.474506e-04       2.229725e-02       3.038358e-07      273.437      273.438
     2614.32       1331.55      1698.88       205.75      4.474506e-04       2.229725e-02       3.022325e-07      273.437      273.438
     2614.32       1331.55      1698.89       205.75      4.474506e-04       2.229725e-02       3.037795e-07      273.437      273.438
     2614.32       1331.55      1698.89       205.75      4.474506e-04       2.229725e-02       3.030894e-07      273.437      273.438
     2614.32       1331.55      1698.88       205.75      4.474506e-04       2.229725e-02       3.040790e-07      273.437      273.438
     2614.32       1331.55      1698.88       205.75      4.474506e-04       2.229725e-02       3.030579e-07      273.437      273.438
     2614.32       1331.55      1698.88       205.75      4.474506e-04       2.229725e-02       3.033282e-07      273.437      273.438
     2614.32       1331.55      1698.88       205.75      4.474506e-04       2.229725e-02       3.036350e-07      273.437      273.438
     2614.32       1331.55      1698.88       205.75      4.474506e-04       2.229725e-02       3.021056e-07      273.437      273.438
     2614.32       1331.55      1698.88       205.75      4.474506e-04       2.229725e-02       3.035955e-07      273.437      273.438
     2614.32       1331.55      1698.88       205.75      4.474506e-04       2.229725e-02       3.042655e-07      273.437      273.438
     2614.32       1331.55      1698.88       205.75      4.474506e-04       2.229725e-02       3.037952e-07      273.437      273.438
     2614.32       1331.55      1698.88       205.75      4.474506e-04       2.229725e-02       3.032093e-07      273.437      273.438
     2614.32       1331.55      1698.88       205.75      4.474506e-04       2.229725e-02       3.035966e-07      273.437      273.438
     2614.32       1331.55      1698.88       205.75      4.474506e-04       2.229725e-02       3.034624e-07      273.437      273.438
     2614.32       1331.55      1698.88       205.75      4.474506e-04       2.229725e-02       3.027028e-07      273.437      273.438
     2614.32       1331.55      1698.88       205.75      4.474506e-04       2.229725e-02       3.027452e-07      273.437      273.438
     2614.32       1331.55      1698.88       205.75      4.474506e-04       2.229725e-02       3.028187e-07      273.437      273.438
     2614.32       1331.55      1698.88       205.75      4.474506e-04       2.229725e-02       3.031325e-07      273.437      273.438
     2614.32       1331.55      1698.88       205.75      4.474506e-04       2.229725e-02       3.031486e-07      273.437      273.438
     2614.32       1331.55      1698.88       205.75      4.474506e-04       2.229725e-02       3.028187e-07      273.437      273.438
     2614.32       1331.55      1698.88       205.75      4.474506e-04       2.229725e-02       3.032082e-07      273.437      273.438
     2614.32       1331.55      1698.88       205.75      4.474506e-04       2.229725e-02       3.032667e-07      273.437      273.438
     2614.32       1331.55      1698.88       205.75      4.474506e-04       2.229725e-02       3.033424e-07      273.437      273.438
     2614.32       1331.55      1698.88       205.75      4.474506e-04       2.229725e-02       3.030751e-07      273.437      273.438
     2614.32       1331.55      1698.88       205.75      4.474506e-04       2.229725e-02       3.031307e-07      273.437      273.438
     2614.32       1331.55      1698.88       205.75      4.474506e-04       2.229725e-02       3.031519e-07      273.437      273.438
     2614.32       1331.55      1698.88       205.75      4.474506e-04       2.229725e-02       3.030155e-07      273.437      273.438
     2614.32       1331.55      1698.88       205.75      4.474506e-04       2.229725e-02       3.032496e-07      273.437      273.438
     2614.32       1331.55      1698.88       205.75      4.474506e-04       2.229725e-02       3.032496e-07      273.437      273.438
     2614.32       1331.55      1698.88       205.75      4.474506e-04       2.229725e-02       3.031307e-07      273.437      273.438
     2614.32       1331.55      1698.88       205.75      4.474506e-04       2.229725e-02       3.031903e-07      273.437      273.438
     2614.32       1331.55      1698.88       205.75      4.474506e-04       2.229725e-02       3.032667e-07      273.437      273.438
     2614.32       1331.55      1698.88       205.75      4.474506e-04       2.229725e-02       3.032667e-07      273.437      273.438
     2614.32       1331.55      1698.88       205.75      4.474506e-04       2.229725e-02       3.033051e-07      273.437      273.438
     2614.32       1331.55      1698.88       205.75      4.474506e-04       2.229725e-02       3.033838e-07      273.437      273.438
     2614.32       1331.55      1698.88       205.75      4.474506e-04       2.229725e-02       3.034606e-07      273.437      273.438
     2614.32       1331.55      1698.88       205.75      4.474506e-04       2.229725e-02       3.029208e-07      273.437      273.438
     2614.32       1331.55      1698.88       205.75      4.474506e-04       2.229725e-02       3.030762e-07      273.437      273.438
     2614.32       1331.55      1698.88       205.75      4.474506e-04       2.229725e-02       3.029398e-07      273.437      273.438
     2614.32       1331.55      1698.88       205.75      4.474506e-04       2.229725e-02       3.031142e-07      273.437      273.438
     2614.32       1331.55      1698.88       205.75      4.474506e-04       2.229725e-02       3.030378e-07      273.437      273.438
     2614.32       1331.55      1698.88       205.75      4.474506e-04       2.229725e-02       3.029208e-07      273.437      273.438
     2614.32       1331.55      1698.88       205.75      4.474506e-04       2.229725e-02       3.029014e-07      273.437      273.438
     2614.32       1331.55      1698.88       205.75      4.474506e-04       2.229725e-02       3.028824e-07      273.437      273.438
     2614.32       1331.55      1698.88       205.75      4.474506e-04       2.229725e-02       3.034412e-07      273.437      273.438
     2614.32       1331.55      1698.88       205.75      4.474506e-04       2.229725e-02       3.030378e-07      273.437      273.438
     2614.32       1331.55      1698.88       205.75      4.474506e-04       2.229725e-02       3.029994e-07      273.437      273.438
     2614.32       1331.55      1698.88       205.75      4.474506e-04       2.229725e-02       3.028634e-07      273.437      273.438
     2614.32       1331.55      1698.88       205.75      4.474506e-04       2.229725e-02       3.029800e-07      273.437      273.438
     2614.32       1331.55      1698.88       205.75      4.474506e-04       2.229725e-02       3.029208e-07      273.437      273.438
     2614.32       1331.55      1698.88       205.75      4.474506e-04       2.229725e-02       3.029208e-07      273.437      273.438
     2614.32       1331.55      1698.88       205.75      4.474506e-04       2.229725e-02       3.029014e-07      273.437      273.438
     2614.32       1331.55      1698.88       205.75      4.474506e-04       2.229725e-02       3.029994e-07      273.437      273.438
     2614.32       1331.55      1698.88       205.75      4.474506e-04       2.229725e-02       3.029014e-07      273.437      273.438
     2614.32       1331.55      1698.88       205.75      4.474506e-04       2.229725e-02       3.029014e-07      273.437      273.438
     2614.32       1331.55      1698.88       205.75      4.474506e-04       2.229725e-02       3.029800e-07      273.437      273.438
     2614.32       1331.55      1698.88       205.75      4.474506e-04       2.229725e-02       3.029014e-07      273.437      273.438
     2614.32       1331.55      1698.88       205.75      4.474506e-04       2.229725e-02       3.029208e-07      273.437      273.438
     2614.32       1331.55      1698.88       205.75      4.474506e-04       2.229725e-02       3.029208e-07      273.437      273.438
     2614.32       1331.55      1698.88       205.75      4.474506e-04       2.229725e-02       3.029014e-07      273.437      273.438
     2614.32       1331.55      1698.88       205.75      4.474506e-04       2.229725e-02       3.029014e-07      273.437      273.438
     2614.32       1331.55      1698.88       205.75      4.474506e-04       2.229725e-02       3.029208e-07      273.437      273.438
     2614.32       1331.55      1698.88       205.75      4.474506e-04       2.229725e-02       3.029208e-07      273.437      273.438
     2614.32       1331.55      1698.88       205.75      4.474506e-04       2.229725e-02       3.029208e-07      273.437      273.438
     2614.32       1331.55      1698.88       205.75      4.474506e-04       2.229725e-02       3.029208e-07      273.437      273.438
     2614.32       1331.55      1698.88       205.75      4.474506e-04       2.229725e-02       3.029208e-07      273.437      273.438
     2614.32       1331.55      1698.88       205.75      4.474506e-04       2.229725e-02       3.029208e-07      273.437      273.438
     2614.32       1331.55      1698.88       205.75      4.474506e-04       2.229725e-02       3.029208e-07      273.437      273.438
     2614.32       1331.55      1698.88       205.75      4.474506e-04       2.229725e-02       3.029208e-07      273.437      273.438
     2614.32       1331.55      1698.88       205.75      4.474506e-04       2.229725e-02       3.029208e-07      273.437      273.438
     2614.32       1331.55      1698.88       205.75      4.474506e-04       2.229725e-02       3.029208e-07      273.437      273.438
     2614.32       1331.55      1698.88       205.75      4.474506e-04       2.229725e-02       3.029208e-07      273.437      273.438
     2614.32       1331.55      1698.88       205.75      4.474506e-04       2.229725e-02       3.029208e-07      273.437      273.438
     2614.32       1331.55      1698.88       205.75      4.474506e-04       2.229725e-02       3.029208e-07      273.437      273.438
     2614.32       1331.55      1698.88       205.75      4.474506e-04       2.229725e-02       3.029208e-07      273.437      273.438
     2614.32       1331.55      1698.88       205.75      4.474506e-04       2.229725e-02       3.029208e-07      273.437      273.438
     2614.32       1331.55      1698.88       205.75      4.474506e-04       2.229725e-02       3.029208e-07      273.437      273.438
     2614.32       1331.55      1698.88       205.75      4.474506e-04       2.229725e-02       3.029208e-07      273.437      273.438
     2614.32       1331.55      1698.88       205.75      4.474506e-04       2.229725e-02       3.029208e-07      273.437      273.438
     2614.32       1331.55      1698.88       205.75      4.474506e-04       2.229725e-02       3.029208e-07      273.437      273.438
     2614.32       1331.55      1698.88       205.75      4.474506e-04       2.229725e-02       3.029208e-07      273.437      273.438
     2614.32       1331.55      1698.88       205.75      4.474506e-04       2.229725e-02       3.029208e-07      273.437      273.438
     2614.32       1331.55      1698.88       205.75      4.474506e-04       2.229725e-02       3.029208e-07      273.437      273.438
     2614.32       1331.55      1698.88       205.75      4.474506e-04       2.229725e-02       3.029208e-07      273.437      273.438
     2614.32       1331.55      1698.88       205.75      4.474506e-04       2.229725e-02       3.029208e-07      273.437      273.438
     2614.32       1331.55      1698.88       205.75      4.474506e-04       2.229725e-02       3.029208e-07      273.437      273.438
     2614.32       1331.55      1698.88       205.75      4.474506e-04       2.229725e-02       3.029208e-07      273.437      273.438
     2614.32       1331.55      1698.88       205.75      4.474506e-04       2.229725e-02       3.029208e-07      273.437      273.438
     2614.32       1331.55      1698.88       205.75      4.474506e-04       2.229725e-02       3.029208e-07      273.437      273.438
     2614.32       1331.55      1698.88       205.75      4.474506e-04       2.229725e-02       3.029208e-07      273.437      273.438
     2614.32       1331.55      1698.88       205.75      4.474506e-04       2.229725e-02       3.029208e-07      273.437      273.438
     2614.32       1331.55      1698.88       205.75      4.474506e-04       2.229725e-02       3.029208e-07      273.437      273.438
     2614.32       1331.55      1698.88       205.75      4.474506e-04       2.229725e-02       3.029208e-07      273.437      273.438
     2614.32       1331.55      1698.88       205.75      4.474506e-04       2.229725e-02       3.029208e-07      273.437      273.438
     2614.32       1331.55      1698.88       205.75      4.474506e-04       2.229725e-02       3.029208e-07      273.437      273.438
     2614.32       1331.55      1698.88       205.75      4.474506e-04       2.229725e-02       3.029208e-07      273.437      273.438
     2614.32       1331.55      1698.88       205.75      4.474506e-04       2.229725e-02       3.029208e-07      273.437      273.438
     2614.32       1331.55      1698.88       205.75      4.474506e-04       2.229725e-02       3.029208e-07      273.437      273.438
     2614.32       1331.55      1698.88       205.75      4.474506e-04       2.229725e-02       3.029208e-07      273.437      273.438
     2614.32       1331.55      1698.88       205.75      4.474506e-04       2.229725e-02       3.029208e-07      273.437      273.438
     2614.32       1331.55      1698.88       205.75      4.474506e-04       2.229725e-02       3.029208e-07      273.437      273.438
     2614.32       1331.55      1698.88       205.75      4.474506e-04       2.229725e-02       3.029208e-07      273.437      273.438
     2614.32       1331.55      1698.88       205.75      4.474506e-04       2.229725e-02       3.029208e-07      273.437      273.438
     2614.32       1331.55      1698.88       205.75      4.474506e-04       2.229725e-02       3.029208e-07      273.437      273.438
     2614.32       1331.55      1698.88       205.75      4.474506e-04       2.229725e-02       3.029208e-07      273.437      273.438
     2614.32       1331.55      1698.88       205.75      4.474506e-04       2.229725e-02       3.029208e-07      273.437      273.438
     2614.32       1331.55      1698.88       205.75      4.474506e-04       2.229725e-02       3.029208e-07      273.437      273.438
     2614.32       1331.55      1698.88       205.75      4.474506e-04       2.229725e-02       3.029208e-07      273.437      273.438
     2614.32       1331.55      1698.88       205.75      4.474506e-04       2.229725e-02       3.029208e-07      273.437      273.438
     2614.32       1331.55      1698.88       205.75      4.474506e-04       2.229725e-02       3.029208e-07      273.437      273.438
     2614.32       1331.55      1698.88       205.75      4.474506e-04       2.229725e-02       3.029208e-07      273.437      273.438
     2614.32       1331.55      1698.88       205.75      4.474506e-04       2.229725e-02       3.029208e-07      273.437      273.438
     2614.32       1331.55      1698.88       205.75      4.474506e-04       2.229725e-02       3.029208e-07      273.437      273.438
     2614.32       1331.55      1698.88       205.75      4.474506e-04       2.229725e-02       3.029208e-07      273.437      273.438
     2614.32       1331.55      1698.88       205.75      4.474506e-04       2.229725e-02       3.029208e-07      273.437      273.438
     2614.32       1331.55      1698.88       205.75      4.474506e-04       2.229725e-02       3.029208e-07      273.437      273.438
     2614.32       1331.55      1698.88       205.75      4.474506e-04       2.229725e-02       3.029208e-07      273.437      273.438
     2614.32       1331.55      1698.88       205.75      4.474506e-04       2.229725e-02       3.029208e-07      273.437      273.438
     2614.32       1331.55      1698.88       205.75      4.474506e-04       2.229725e-02       3.029208e-07      273.437      273.438
     2614.32       1331.55      1698.88       205.75      4.474506e-04       2.229725e-02       3.029208e-07      273.437      273.438
     2614.32       1331.55      1698.88       205.75      4.474506e-04       2.229725e-02       3.029208e-07      273.437      273.438
     2614.32       1331.55      1698.88       205.75      4.474506e-04       2.229725e-02       3.029208e-07      273.437      273.438
     2614.32       1331.55      1698.88       205.75      4.474506e-04       2.229725e-02       3.029208e-07      273.437      273.438
     2614.32       1331.55      1698.88       205.75      4.474506e-04       2.229725e-02       3.029208e-07      273.437      273.438
     2614.32       1331.55      1698.88       205.75      4.474506e-04       2.229725e-02       3.029208e-07      273.437      273.438
     2614.32       1331.55      1698.88       205.75      4.474506e-04       2.229725e-02       3.029208e-07      273.437      273.438
     2614.32       1331.55      1698.88       205.75      4.474506e-04       2.229725e-02       3.029208e-07      273.437      273.438
     2614.32       1331.55      1698.88       205.75      4.474506e-04       2.229725e-02       3.029208e-07      273.437      273.438
     2614.32       1331.55      1698.88       205.75      4.474506e-04       2.229725e-02       3.029208e-07      273.437      273.438
     2614.32       1331.55      1698.88       205.75      4.474506e-04       2.229725e-02       3.029208e-07      273.437      273.438
     2614.32       1331.55      1698.88       205.75      4.474506e-04       2.229725e-02       3.029208e-07      273.437      273.438
     2614.32       1331.55      1698.88       205.75      4.474506e-04       2.229725e-02       3.029208e-07      273.437      273.438
     2614.32       1331.55      1698.88       205.75      4.474506e-04       2.229725e-02       3.029208e-07      273.437      273.438
     2614.32       1331.55      1698.88       205.75      4.474506e-04       2.229725e-02       3.029208e-07      273.437      273.438
     2614.32       1331.55      1698.88       205.75      4.474506e-04       2.229725e-02       3.029208e-07      273.437      273.438
     2614.32       1331.55      1698.88       205.75      4.474506e-04       2.229725e-02       3.029208e-07      273.437      273.438
     2614.32       1331.55      1698.88       205.75      4.474506e-04       2.229725e-02       3.029208e-07      273.437      273.438
     2614.32       1331.55      1698.88       205.75      4.474506e-04       2.229725e-02       3.029208e-07      273.437      273.438
     2614.32       1331.55      1698.88       205.75      4.474506e-04       2.229725e-02       3.029208e-07      273.437      273.438
     2614.32       1331.55      1698.88       205.75      4.474506e-04       2.229725e-02       3.029208e-07      273.437      273.438
     2614.32       1331.55      1698.88       205.75      4.474506e-04       2.229725e-02       3.029208e-07      273.437      273.438
     2614.32       1331.55      1698.88       205.75      4.474506e-04       2.229725e-02       3.029208e-07      273.437      273.438
