[ER, ET, CPRT, GRT]  O.F.1  IT_1 IT_Force Force_Exp Force_FEMU 
    1297.657       548.382      1.02550      211.200      3.089336e-03       2.524202e-02       1.586156e-01      273.437      230.066
    6540.652       851.854      1.02550      211.200      9.518208e-01       2.606729e-02       3.084168e+00      273.437     1116.765
  -22156.987     -9363.413      4.98137      211.200      9.518208e-01       2.606729e-02       3.084168e+00      273.437     1116.765
    2124.846      4420.879      0.20829      211.200      1.119703e-02       3.913774e-02       3.133439e-01      273.437      359.117
    1297.657       548.382      1.02550     2730.272      2.576565e-03       3.316271e-02       1.259673e-01      273.437      238.993
    4599.264      2565.651      0.01945     1118.606      3.466773e-01       4.691099e-02       1.856601e+00      273.437      781.102
     345.437      3556.898      0.04287     1837.623      6.433036e-02       5.281466e-02       7.862564e-01      273.437       58.446
   -6229.178    -68594.854      1.74711      825.044      6.433036e-02       5.281466e-02       7.862564e-01      273.437       58.446
    -919.823     -2711.119      0.86867      894.288      6.433036e-02       5.281466e-02       7.862564e-01      273.437       58.446
    2960.117      2442.829      0.04129     1041.073      7.245026e-02       4.640813e-02       8.397138e-01      273.437      503.047
     475.338       923.386      0.55275      929.948      4.858765e-02       2.945812e-02       6.914235e-01      273.437       84.376
   -3750.056      -674.015      3.12346      170.419      4.858765e-02       2.945812e-02       6.914235e-01      273.437       84.376
     946.067       399.708      1.30187      421.147      1.304079e-02       4.024414e-02       3.403405e-01      273.437      180.376
    3574.892      1117.872      0.80839      419.631      1.570791e-01       2.244760e-02       1.251501e+00      273.437      615.645
    1065.088      1203.151      0.60175      783.690      1.068006e-02       2.651644e-02       3.169740e-01      273.437      186.765
    1196.946      2448.776      0.18954     1168.778      8.194635e-03       4.091346e-02       2.586139e-01      273.437      202.723
   -5715.244      -347.812      8.80606     2491.683      8.194635e-03       4.091346e-02       2.586139e-01      273.437      202.723
    1008.861       151.393      1.76193     2255.134      1.202817e-02       7.352183e-02       2.676427e-01      273.437      200.254
    1114.519       885.829      0.69948     1081.105      8.419048e-03       2.647593e-02       2.790729e-01      273.437      197.128
    1126.603       345.399      1.13730     1817.182      6.995238e-03       3.586111e-02       2.416158e-01      273.437      207.371
    2219.330      3286.242      0.20862      478.540      1.529409e-02       3.832714e-02       3.737916e-01      273.437      375.646
     420.070       118.909      1.63535     1843.284      1.529409e-02       3.832714e-02       3.737916e-01      273.437      375.646
    1297.657       548.382      1.02550     1118.606      2.625703e-03       3.008126e-02       1.345849e-01      273.437      236.637
    1213.104       443.436      1.07309     2251.097      4.417553e-03       3.419789e-02       1.834396e-01      273.437      223.278
    1461.884      1413.062      0.42782     1869.451      1.598222e-03       3.158897e-02       8.367469e-02      273.437      250.558
     -69.420       -15.298      2.16850     2609.650      1.598222e-03       3.158897e-02       8.367469e-02      273.437      250.558
    1221.913       712.009      0.83909     1813.550      4.563055e-03       2.828641e-02       1.960343e-01      273.437      219.834
    1220.591       506.459      1.00099     2137.374      4.313200e-03       3.188114e-02       1.843484e-01      273.437      223.030
    1224.392       640.958      0.88574     1918.594      4.404601e-03       2.909025e-02       1.908660e-01      273.437      221.248
    1222.806       539.066      0.96894     2081.595      4.303102e-03       3.099121e-02       1.854371e-01      273.437      222.732
    1224.632       606.342      0.91153     1972.204      4.351030e-03       2.961581e-02       1.887232e-01      273.437      221.834
    1223.573       555.632      0.95380     2053.976      4.307047e-03       3.060100e-02       1.861255e-01      273.437      222.544
    1141.566       594.722      0.85558     2224.498      6.972030e-03       2.926678e-02       2.490209e-01      273.437      205.346
    1479.045       959.146      0.65391     2280.010      9.927285e-04       2.809318e-02       5.314361e-02      273.437      258.906
    1479.045       959.146      0.65391     1470.401      9.576893e-04       2.697474e-02       5.502876e-02      273.437      258.391
    1417.479       946.727      0.62971     1974.126      1.616745e-03       2.804476e-02       9.533559e-02      273.437      247.369
    1709.937      1617.770      0.42023     1577.366      1.369091e-03       3.113954e-02       7.045475e-02      273.437      292.702
    1662.074      1534.807      0.44302     1607.749      1.022520e-03       3.059957e-02       4.240517e-02      273.437      285.033
    1709.104      1097.557      0.64427     1577.786      1.458733e-03       2.686732e-02       8.994807e-02      273.437      298.033
    1657.863      1176.257      0.58305     1648.422      9.610926e-04       2.776251e-02       5.171184e-02      273.437      287.577
    1354.451       731.791      0.81070     1908.307      2.064185e-03       2.792627e-02       1.167174e-01      273.437      241.523
    1653.069      1377.478      0.48914     1657.198      9.470335e-04       2.951906e-02       4.034797e-02      273.437      284.470
    1404.542       738.428      0.80897     1901.801      1.428006e-03       2.781817e-02       8.553014e-02      273.437      250.050
    1624.674      1318.531      0.50914     1678.987      8.239743e-04       2.915072e-02       2.432827e-02      273.437      280.090
    1719.815      1468.049      0.47495     1059.090      1.380364e-03       2.877855e-02       7.968562e-02      273.437      295.227
    1546.520      1079.358      0.60076     1932.202      7.364350e-04       2.808888e-02       1.623216e-02      273.437      268.999
    1505.052      1182.414      0.53268     1713.476      9.903691e-04       2.890714e-02       4.881685e-02      273.437      260.089
    1619.547      1177.937      0.57033     1664.570      7.769847e-04       2.803080e-02       2.642568e-02      273.437      280.663
    1723.682      1537.254      0.45262     2013.375      1.523276e-03       3.073215e-02       8.205226e-02      273.437      295.874
    1549.967      1094.937      0.59291     1598.291      7.153361e-04       2.771455e-02       1.550795e-02      273.437      269.197
    1501.448       966.177      0.66125     1776.373      8.277287e-04       2.738294e-02       3.910064e-02      273.437      262.746
    1546.823      1064.947      0.61152     1746.198      7.147124e-04       2.771234e-02       1.534152e-02      273.437      269.243
    1485.576       901.854      0.69798     1788.136      8.766124e-04       2.725204e-02       4.562962e-02      273.437      260.961
    1597.612      1209.716      0.54918     1705.957      7.409423e-04       2.846476e-02       1.082777e-02      273.437      276.398
    1502.352      1047.094      0.60662     1824.523      8.943115e-04       2.794773e-02       4.374283e-02      273.437      261.477
    1590.229      1144.673      0.57899     1703.882      7.136012e-04       2.800322e-02       8.853672e-03      273.437      275.858
    1513.598       985.647      0.64821     1780.678      7.865932e-04       2.746653e-02       3.280606e-02      273.437      264.467
    1578.748      1152.323      0.57187     1724.490      7.134972e-04       2.815418e-02       1.025049e-03      273.437      273.718
    1586.631      1149.138      0.57677     1468.867      6.925923e-04       2.767225e-02       5.843008e-03      273.437      275.035
    1606.317      1184.657      0.56538     1260.658      7.051421e-04       2.743797e-02       1.660842e-02      273.437      277.979
    1601.850      1160.650      0.57637     1720.684      7.336595e-04       2.804686e-02       1.602994e-02      273.437      277.821
    1562.929      1111.211      0.58868     1628.472      7.012516e-04       2.779747e-02       7.630197e-03      273.437      271.351
    1610.060      1215.141      0.54885     1517.484      7.473693e-04       2.817197e-02       1.818666e-02      273.437      278.410
    1563.567      1101.932      0.59497     1687.540      6.998244e-04       2.780135e-02       6.481508e-03      273.437      271.665
    1555.937      1112.567      0.58702     1549.644      7.061242e-04       2.770640e-02       1.234670e-02      273.437      270.061
    1555.270      1085.284      0.60224     1446.655      6.858664e-04       2.733016e-02       1.167149e-02      273.437      270.246
    1542.620      1052.195      0.61821     1316.759      6.864723e-04       2.691171e-02       1.861621e-02      273.437      268.347
    1578.474      1111.048      0.59411     1562.818      6.860518e-04       2.759670e-02       2.513782e-03      273.437      274.125
    1579.227      1112.318      0.59516     1454.064      6.763296e-04       2.739696e-02       2.820314e-03      273.437      274.209
    1587.363      1112.857      0.59840     1370.512      6.716745e-04       2.718800e-02       8.003708e-03      273.437      275.626
    1590.554      1127.154      0.59061     1251.350      6.666580e-04       2.705549e-02       8.864738e-03      273.437      275.861
    1604.110      1139.862      0.58846     1057.392      6.652511e-04       2.663310e-02       1.638936e-02      273.437      277.919
    1574.971      1075.542      0.61547     1241.041      6.433517e-04       2.673314e-02       1.252387e-03      273.437      273.780
    1567.601      1039.178      0.63594     1134.242      6.217683e-04       2.627564e-02       1.999362e-03      273.437      272.891
    1579.013      1077.156      0.61796      966.525      6.107687e-04       2.603488e-02       2.711842e-03      273.437      274.179
    1578.651      1060.186      0.63020      721.420      5.692811e-04       2.514361e-02       1.732690e-03      273.437      273.911
    1614.634      1090.301      0.62344      728.880      6.283946e-04       2.520133e-02       2.383239e-02      273.437      279.954
    1594.782      1051.624      0.64062      528.804      5.425522e-04       2.430471e-02       1.044278e-02      273.437      276.293
    1596.642      1021.101      0.66276      255.040      4.854736e-04       2.309803e-02       7.284618e-03      273.437      275.429
    1568.037       966.684      0.69198      369.927      4.867404e-04       2.318657e-02       5.371130e-03      273.437      271.969
    1539.964       954.509      0.68839      435.947      5.453415e-04       2.351377e-02       2.184809e-02      273.437      267.463
    1572.610       961.464      0.70095       60.688      5.587995e-04       2.427869e-02       1.681969e-02      273.437      268.838
    1551.859       892.651      0.74674       26.077      7.833665e-04       2.728901e-02       3.363713e-02      273.437      264.240
    1575.086      1017.879      0.65740      458.548      5.127118e-04       2.386120e-02       1.704364e-03      273.437      272.971
    1565.902      1018.170      0.64961      958.583      5.945954e-04       2.568596e-02       2.835371e-03      273.437      272.662
    1571.625       975.711      0.68783      184.315      4.762379e-04       2.278331e-02       9.521910e-03      273.437      270.834
    1616.277      1036.761      0.66178      202.134      5.093842e-04       2.305670e-02       1.758808e-02      273.437      278.247
    1600.781       981.898      0.69473      101.785      4.888483e-04       2.326495e-02       4.142530e-03      273.437      274.570
    1551.593       936.715      0.70783      231.487      4.967318e-04       2.263654e-02       1.885739e-02      273.437      268.281
    1568.159       961.403      0.69586      223.961      4.736000e-04       2.271808e-02       9.539308e-03      273.437      270.829
    1551.785       980.346      0.67417      474.704      5.309551e-04       2.378358e-02       1.478593e-02      273.437      269.394
    1588.559       981.535      0.68959      169.286      4.677146e-04       2.279616e-02       4.027437e-04      273.437      273.548
    1594.725      1003.193      0.67590       90.880      5.029172e-04       2.363482e-02       1.314840e-03      273.437      273.078
    1574.753       975.768      0.68790      282.471      4.739731e-04       2.291247e-02       3.859695e-03      273.437      272.382
    1552.933       926.574      0.71920      174.497      4.966461e-04       2.254006e-02       1.984876e-02      273.437      268.010
    1586.449       997.286      0.67635      233.472      4.726336e-04       2.291352e-02       1.035993e-03      273.437      273.721
    1587.459       982.241      0.68693      270.776      4.726445e-04       2.288458e-02       3.620876e-03      273.437      274.428
    1590.685       985.431      0.68638      170.280      4.691430e-04       2.282529e-02       1.577141e-03      273.437      273.869
    1608.276      1012.058      0.67402      194.098      4.895580e-04       2.292034e-02       1.294221e-02      273.437      276.976
    1578.266       973.986      0.69029      216.295      4.676630e-04       2.275861e-02       3.878539e-03      273.437      272.377
    1584.592       986.867      0.68433      133.850      4.781986e-04       2.300646e-02       4.279213e-03      273.437      272.267
    1586.743       983.397      0.68628      232.055      4.686861e-04       2.281253e-02       1.777402e-03      273.437      273.924
    1585.327       964.917      0.70012      161.813      4.648562e-04       2.272182e-02       1.425415e-03      273.437      273.048
    1584.224       948.785      0.71231      130.913      4.682966e-04       2.278462e-02       3.273298e-03      273.437      272.542
    1578.760       966.499      0.69678      218.647      4.648159e-04       2.270283e-02       3.064454e-03      273.437      272.600
    1572.699       957.064      0.70205      245.101      4.667705e-04       2.270019e-02       5.478626e-03      273.437      271.939
    1578.587       960.077      0.70217      153.253      4.686726e-04       2.273319e-02       5.961990e-03      273.437      271.807
    1580.689       965.901      0.69816      171.421      4.657721e-04       2.271168e-02       3.916161e-03      273.437      272.367
    1572.898       954.184      0.70317      214.402      4.658554e-04       2.264710e-02       6.521947e-03      273.437      271.654
    1580.359       951.758      0.70892      166.779      4.625348e-04       2.263538e-02       3.755358e-03      273.437      272.411
    1581.072       940.648      0.71840      144.440      4.635141e-04       2.265378e-02       4.049309e-03      273.437      272.330
    1589.734       970.380      0.69881      146.773      4.677122e-04       2.279603e-02       4.351771e-04      273.437      273.556
    1577.103       958.222      0.70207      196.292      4.639780e-04       2.265010e-02       4.747161e-03      273.437      272.139
    1580.098       954.800      0.70577      199.462      4.611417e-04       2.262028e-02       2.514886e-03      273.437      272.750
    1579.753       949.261      0.70961      214.281      4.599059e-04       2.259704e-02       1.850411e-03      273.437      272.932
    1572.690       947.968      0.70857      238.845      4.640794e-04       2.263861e-02       5.313430e-03      273.437      271.985
    1575.942       937.146      0.71797      188.294      4.594897e-04       2.253598e-02       4.905340e-03      273.437      272.096
    1574.122       922.533      0.72883      173.970      4.588451e-04       2.248645e-02       6.139117e-03      273.437      271.759
    1583.194       942.880      0.71601      142.146      4.640008e-04       2.268353e-02       3.020717e-03      273.437      272.612
    1580.576       944.153      0.71414      163.973      4.610938e-04       2.260469e-02       3.491194e-03      273.437      272.483
    1580.027       925.631      0.72883      162.902      4.571251e-04       2.251389e-02       3.061530e-03      273.437      272.600
    1580.834       909.382      0.74258      147.379      4.565594e-04       2.250484e-02       2.717315e-03      273.437      272.694
    1577.172       910.968      0.73878      181.498      4.536508e-04       2.242481e-02       3.264617e-03      273.437      272.545
    1574.790       890.719      0.75424      189.092      4.510777e-04       2.235819e-02       3.431864e-03      273.437      272.499
    1573.901       891.850      0.75367      197.522      4.511696e-04       2.235809e-02       3.568853e-03      273.437      272.462
    1569.250       858.314      0.78174      142.314      4.593730e-04       2.242980e-02       8.115781e-03      273.437      271.218
    1573.039       880.912      0.76301      158.925      4.543177e-04       2.238680e-02       5.714811e-03      273.437      271.875
    1575.861       864.010      0.77867      171.242      4.493274e-04       2.233100e-02       2.282802e-03      273.437      272.813
    1574.522       834.959      0.80488      169.886      4.496493e-04       2.234544e-02       1.620472e-03      273.437      272.994
    1567.304       854.561      0.78272      213.431      4.508604e-04       2.231828e-02       5.064856e-03      273.437      272.053
    1573.263       869.615      0.77142      229.342      4.497347e-04       2.234982e-02       1.310619e-03      273.437      273.079
    1571.247       847.682      0.79016      202.800      4.486524e-04       2.230928e-02       2.681368e-03      273.437      272.704
    1568.790       825.769      0.80914      205.465      4.498244e-04       2.233603e-02       2.856880e-03      273.437      272.656
    1567.507       827.395      0.80818      218.711      4.504215e-04       2.234903e-02       2.983711e-03      273.437      272.622
    1577.034       849.728      0.79124      196.572      4.479049e-04       2.230741e-02       6.811871e-04      273.437      273.624
    1581.853       847.305      0.79552      188.404      4.492646e-04       2.231186e-02       3.503329e-03      273.437      274.395
    1579.945       888.313      0.75836      181.082      4.497095e-04       2.235307e-02       3.952393e-04      273.437      273.329
    1579.026       855.188      0.78762      150.267      4.514439e-04       2.239328e-02       1.144159e-03      273.437      273.125
    1574.759       866.011      0.77544      208.007      4.483804e-04       2.231713e-02       1.146277e-03      273.437      273.124
    1568.086       825.597      0.81028      208.170      4.501281e-04       2.234083e-02       3.044244e-03      273.437      272.605
    1577.546       872.555      0.77099      187.677      4.484277e-04       2.232014e-02       7.606109e-04      273.437      273.230
    1574.589       853.965      0.78516      228.187      4.491187e-04       2.233845e-02       3.609963e-04      273.437      273.536
    1574.914       856.472      0.78353      213.183      4.482483e-04       2.231693e-02       2.742590e-04      273.437      273.363
    1580.804       874.743      0.77051      199.679      4.486818e-04       2.231896e-02       1.896351e-03      273.437      273.956
    1573.715       854.427      0.78519      202.017      4.481068e-04       2.230804e-02       1.493401e-03      273.437      273.029
    1572.365       840.821      0.79692      222.875      4.490392e-04       2.233619e-02       4.939466e-04      273.437      273.302
    1576.389       864.599      0.77738      196.192      4.480124e-04       2.231027e-02       6.239935e-04      273.437      273.267
    1576.146       846.614      0.79330      195.951      4.479093e-04       2.230856e-02       2.122143e-04      273.437      273.496
    1576.788       851.201      0.78999      182.755      4.480589e-04       2.231211e-02       3.386929e-04      273.437      273.345
    1579.536       851.634      0.79071      183.842      4.482529e-04       2.231171e-02       1.489014e-03      273.437      273.845
    1575.176       853.730      0.78657      197.393      4.478746e-04       2.230645e-02       7.388050e-04      273.437      273.235
    1575.648       856.124      0.78422      210.801      4.481359e-04       2.231429e-02       1.095348e-04      273.437      273.467
    1576.511       852.433      0.78854      189.578      4.478636e-04       2.230743e-02       2.109177e-04      273.437      273.380
    1575.702       836.685      0.80265      193.534      4.483345e-04       2.231887e-02       3.987588e-04      273.437      273.547
    1576.351       857.608      0.78362      195.526      4.478363e-04       2.230665e-02       2.915671e-04      273.437      273.358
    1576.336       860.146      0.78172      193.563      4.478844e-04       2.230738e-02       5.196553e-04      273.437      273.295
    1575.084       862.232      0.77902      191.453      4.481924e-04       2.230939e-02       1.595054e-03      273.437      273.001
    1576.578       852.853      0.78817      195.286      4.478182e-04       2.230637e-02       1.284658e-04      273.437      273.473
    1575.927       848.174      0.79176      195.308      4.478674e-04       2.230762e-02       5.916936e-05      273.437      273.421
    1577.522       851.801      0.78946      190.471      4.478854e-04       2.230738e-02       5.284279e-04      273.437      273.582
    1575.764       853.248      0.78729      195.651      4.478312e-04       2.230629e-02       4.200492e-04      273.437      273.323
    1576.634       859.905      0.78208      192.699      4.478690e-04       2.230735e-02       3.581214e-04      273.437      273.340
    1576.123       851.103      0.78933      194.654      4.478292e-04       2.230664e-02       1.239186e-04      273.437      273.404
    1575.902       854.972      0.78566      201.065      4.478640e-04       2.230749e-02       1.450253e-04      273.437      273.398
    1576.361       853.068      0.78782      192.418      4.478271e-04       2.230654e-02       1.913533e-04      273.437      273.385
    1576.017       847.532      0.79271      193.477      4.478885e-04       2.230815e-02       3.864297e-05      273.437      273.427
    1576.285       855.087      0.78588      195.013      4.478170e-04       2.230626e-02       2.179917e-04      273.437      273.378
    1576.912       852.807      0.78830      193.036      4.478278e-04       2.230653e-02       2.190561e-04      273.437      273.497
    1576.940       855.806      0.78576      193.219      4.478173e-04       2.230636e-02       9.110018e-05      273.437      273.462
    1576.169       855.599      0.78552      194.931      4.478225e-04       2.230627e-02       3.150833e-04      273.437      273.351
    1576.623       856.606      0.78485      196.817      4.478198e-04       2.230644e-02       3.209262e-05      273.437      273.446
    1577.047       854.576      0.78681      195.233      4.478224e-04       2.230623e-02       3.335303e-04      273.437      273.529
    1576.828       854.832      0.78649      195.157      4.478139e-04       2.230623e-02       1.715360e-04      273.437      273.484
    1576.688       852.684      0.78831      192.530      4.478262e-04       2.230660e-02       5.060844e-05      273.437      273.451
    1576.642       855.625      0.78571      195.741      4.478127e-04       2.230627e-02       3.861383e-05      273.437      273.448
    1576.758       857.823      0.78376      194.278      4.478274e-04       2.230661e-02       9.255433e-05      273.437      273.412
    1576.627       854.095      0.78706      195.034      4.478122e-04       2.230624e-02       7.538970e-05      273.437      273.458
    1576.250       854.014      0.78681      197.263      4.478191e-04       2.230642e-02       5.741957e-05      273.437      273.422
    1576.768       855.358      0.78603      194.226      4.478125e-04       2.230626e-02       5.414198e-05      273.437      273.452
    1577.148       854.867      0.78676      195.066      4.478254e-04       2.230621e-02       3.879762e-04      273.437      273.544
    1576.501       855.032      0.78610      195.026      4.478119e-04       2.230624e-02       6.641289e-05      273.437      273.419
    1576.442       855.223      0.78596      194.856      4.478129e-04       2.230624e-02       1.203551e-04      273.437      273.405
    1576.538       855.125      0.78609      194.931      4.478115e-04       2.230623e-02       4.733299e-05      273.437      273.425
    1576.575       854.180      0.78693      193.869      4.478134e-04       2.230628e-02       3.114473e-05      273.437      273.429
    1576.625       855.264      0.78602      195.272      4.478114e-04       2.230624e-02       2.142091e-05      273.437      273.443
    1576.378       854.400      0.78661      195.907      4.478127e-04       2.230626e-02       6.247382e-05      273.437      273.420
    1576.671       855.118      0.78617      194.646      4.478114e-04       2.230624e-02       2.503442e-05      273.437      273.444
    1576.538       856.175      0.78513      194.904      4.478159e-04       2.230632e-02       1.102100e-04      273.437      273.407
    1576.606       854.615      0.78658      195.001      4.478111e-04       2.230623e-02       2.944589e-05      273.437      273.446
    1576.719       855.029      0.78633      194.899      4.478114e-04       2.230622e-02       8.074061e-05      273.437      273.460
    1576.772       854.888      0.78645      194.978      4.478124e-04       2.230622e-02       1.257211e-04      273.437      273.472
    1576.597       855.066      0.78618      194.943      4.478111e-04       2.230623e-02       4.075016e-06      273.437      273.436
    1576.671       854.650      0.78662      194.473      4.478115e-04       2.230623e-02       4.397102e-05      273.437      273.450
    1576.637       855.110      0.78617      195.072      4.478111e-04       2.230623e-02       2.712362e-05      273.437      273.445
    1576.609       854.791      0.78646      195.312      4.478110e-04       2.230622e-02       4.154843e-05      273.437      273.449
    1576.578       854.628      0.78660      195.646      4.478115e-04       2.230623e-02       4.980467e-05      273.437      273.451
    1576.505       854.763      0.78636      195.265      4.478113e-04       2.230623e-02       3.363793e-05      273.437      273.428
    1576.558       854.829      0.78636      195.174      4.478111e-04       2.230623e-02       5.041787e-06      273.437      273.436
    1576.548       854.540      0.78662      195.143      4.478110e-04       2.230623e-02       3.734143e-06      273.437      273.439
    1576.503       854.255      0.78685      195.178      4.478113e-04       2.230623e-02       7.977688e-06      273.437      273.435
    1576.563       854.322      0.78682      195.372      4.478115e-04       2.230624e-02       3.885246e-05      273.437      273.448
    1576.588       854.880      0.78634      195.050      4.478109e-04       2.230623e-02       6.704157e-06      273.437      273.439
    1576.546       854.905      0.78631      195.338      4.478110e-04       2.230623e-02       5.944626e-06      273.437      273.436
    1576.587       854.729      0.78651      195.248      4.478109e-04       2.230622e-02       2.811688e-05      273.437      273.445
    1576.602       854.680      0.78659      195.285      4.478109e-04       2.230622e-02       4.463901e-05      273.437      273.450
    1576.526       854.736      0.78644      195.077      4.478110e-04       2.230623e-02       2.526313e-05      273.437      273.431
    1576.579       854.537      0.78665      194.921      4.478110e-04       2.230623e-02       1.259688e-05      273.437      273.441
    1576.625       854.607      0.78663      195.103      4.478111e-04       2.230622e-02       5.084755e-05      273.437      273.451
    1576.551       854.704      0.78648      195.084      4.478109e-04       2.230622e-02       6.187869e-06      273.437      273.436
    1576.558       854.889      0.78633      195.341      4.478110e-04       2.230623e-02       3.512296e-06      273.437      273.438
    1576.594       855.061      0.78621      195.219      4.478109e-04       2.230623e-02       1.220905e-05      273.437      273.441
    1576.602       854.798      0.78644      194.959      4.478109e-04       2.230622e-02       1.683294e-05      273.437      273.442
    1576.624       854.752      0.78650      194.768      4.478110e-04       2.230623e-02       2.351939e-05      273.437      273.444
    1576.579       854.766      0.78648      195.205      4.478108e-04       2.230622e-02       1.879438e-05      273.437      273.443
    1576.574       854.709      0.78655      195.282      4.478107e-04       2.230622e-02       2.487107e-05      273.437      273.444
    1576.563       854.409      0.78678      195.067      4.478110e-04       2.230623e-02       1.945301e-05      273.437      273.443
    1576.587       854.898      0.78635      195.181      4.478108e-04       2.230622e-02       1.408483e-05      273.437      273.441
    1576.624       854.863      0.78645      195.251      4.478108e-04       2.230622e-02       4.814833e-05      273.437      273.451
    1576.606       854.905      0.78639      195.088      4.478107e-04       2.230622e-02       2.385534e-05      273.437      273.444
    1576.616       854.993      0.78632      195.009      4.478107e-04       2.230622e-02       2.180373e-05      273.437      273.443
    1576.598       854.934      0.78639      195.402      4.478107e-04       2.230622e-02       3.758292e-05      273.437      273.448
    1576.563       854.904      0.78637      195.186      4.478107e-04       2.230622e-02       9.466507e-07      273.437      273.438
    1576.589       854.872      0.78646      195.259      4.478105e-04       2.230621e-02       2.852137e-05      273.437      273.445
    1576.590       854.859      0.78651      195.297      4.478103e-04       2.230621e-02       3.572966e-05      273.437      273.447
    1576.610       855.135      0.78625      195.166      4.478104e-04       2.230621e-02       2.323110e-05      273.437      273.444
    1576.591       855.011      0.78633      194.927      4.478104e-04       2.230621e-02       3.324823e-06      273.437      273.438
    1576.641       855.095      0.78634      195.013      4.478103e-04       2.230620e-02       4.102562e-05      273.437      273.449
    1576.679       855.191      0.78633      194.927      4.478102e-04       2.230620e-02       6.106124e-05      273.437      273.454
    1576.620       855.105      0.78639      195.149      4.478099e-04       2.230620e-02       3.983422e-05      273.437      273.448
    1576.621       855.161      0.78642      195.219      4.478095e-04       2.230619e-02       4.887931e-05      273.437      273.451
    1576.659       855.162      0.78643      195.378      4.478101e-04       2.230619e-02       8.117397e-05      273.437      273.460
    1576.665       855.051      0.78660      195.245      4.478099e-04       2.230618e-02       9.021061e-05      273.437      273.462
    1576.722       855.423      0.78638      195.087      4.478097e-04       2.230617e-02       1.048989e-04      273.437      273.466
    1576.654       855.208      0.78658      195.538      4.478096e-04       2.230617e-02       1.015262e-04      273.437      273.465
    1576.672       855.260      0.78657      195.167      4.478091e-04       2.230616e-02       9.153163e-05      273.437      273.463
    1576.679       855.309      0.78663      195.062      4.478087e-04       2.230615e-02       9.671327e-05      273.437      273.464
    1576.673       855.500      0.78641      195.208      4.478087e-04       2.230615e-02       8.582614e-05      273.437      273.461
    1576.592       855.165      0.78665      195.426      4.478086e-04       2.230616e-02       6.153312e-05      273.437      273.454
    1576.527       855.036      0.78678      195.596      4.478085e-04       2.230616e-02       3.984718e-05      273.437      273.448
    1576.596       855.295      0.78654      195.004      4.478081e-04       2.230615e-02       3.419794e-05      273.437      273.447
    1576.567       855.339      0.78652      194.737      4.478080e-04       2.230615e-02       5.674277e-07      273.437      273.438
    1576.602       855.431      0.78675      195.082      4.478069e-04       2.230611e-02       6.244134e-05      273.437      273.455
    1576.592       855.566      0.78691      195.013      4.478057e-04       2.230608e-02       6.900567e-05      273.437      273.456
    1576.509       855.125      0.78701      194.996      4.478068e-04       2.230612e-02       1.704935e-05      273.437      273.442
    1576.419       855.224      0.78698      195.109      4.478063e-04       2.230611e-02       3.349341e-05      273.437      273.428
    1576.516       855.590      0.78693      194.333      4.478057e-04       2.230610e-02       1.330047e-05      273.437      273.434
    1576.450       855.413      0.78740      194.988      4.478045e-04       2.230606e-02       1.843982e-05      273.437      273.443
    1576.390       855.449      0.78783      195.114      4.478040e-04       2.230605e-02       2.637054e-05      273.437      273.445
    1576.449       855.790      0.78731      194.788      4.478031e-04       2.230603e-02       7.427220e-06      273.437      273.440
    1576.419       856.121      0.78746      194.685      4.478014e-04       2.230599e-02       2.236193e-06      273.437      273.438
    1576.539       856.139      0.78759      194.463      4.478025e-04       2.230600e-02       7.543308e-05      273.437      273.458
    1576.452       856.046      0.78797      195.305      4.478025e-04       2.230599e-02       9.927383e-05      273.437      273.465
    1576.303       856.309      0.78851      194.769      4.478015e-04       2.230599e-02       2.980111e-05      273.437      273.446
    1576.468       856.859      0.78793      194.497      4.477993e-04       2.230592e-02       7.721013e-05      273.437      273.459
    1576.506       857.564      0.78798      194.190      4.477977e-04       2.230587e-02       1.020896e-04      273.437      273.465
    1576.433       857.021      0.78780      193.750      4.478001e-04       2.230596e-02       6.329969e-06      273.437      273.439
    1576.291       857.368      0.78829      194.234      4.477973e-04       2.230589e-02       5.744289e-06      273.437      273.436
    1576.163       857.981      0.78864      194.119      4.477962e-04       2.230585e-02       4.812296e-05      273.437      273.424
    1576.459       858.037      0.78743      193.603      4.477967e-04       2.230587e-02       2.809474e-06      273.437      273.438
    1576.358       859.176      0.78847      193.147      4.477958e-04       2.230585e-02       2.596927e-05      273.437      273.445
    1576.318       860.697      0.78897      192.381      4.477981e-04       2.230590e-02       3.163890e-05      273.437      273.446
    1576.309       859.356      0.78845      193.779      4.477916e-04       2.230574e-02       3.428266e-05      273.437      273.447
    1576.242       860.521      0.78878      193.793      4.477882e-04       2.230565e-02       4.536218e-05      273.437      273.450
    1576.104       860.292      0.78868      193.142      4.477925e-04       2.230575e-02       8.971704e-05      273.437      273.413
    1575.959       860.937      0.78985      193.498      4.477950e-04       2.230582e-02       4.578166e-05      273.437      273.425
    1576.164       862.480      0.78924      192.672      4.477906e-04       2.230572e-02       1.309425e-05      273.437      273.441
    1575.869       862.932      0.78981      193.405      4.477880e-04       2.230564e-02       6.966133e-05      273.437      273.418
    1575.609       864.798      0.79047      193.534      4.477882e-04       2.230562e-02       1.274705e-04      273.437      273.403
    1576.234       862.178      0.78841      193.009      4.477848e-04       2.230557e-02       2.910978e-06      273.437      273.437
    1576.368       862.798      0.78769      192.764      4.477832e-04       2.230553e-02       1.722168e-05      273.437      273.442
    1576.218       864.073      0.78908      193.175      4.477810e-04       2.230546e-02       9.270433e-05      273.437      273.463
    1576.268       865.958      0.78928      193.191      4.477782e-04       2.230533e-02       1.796366e-04      273.437      273.487
    1576.218       863.630      0.78853      193.905      4.477750e-04       2.230532e-02       7.801475e-05      273.437      273.459
    1576.244       864.205      0.78818      194.523      4.477696e-04       2.230517e-02       1.102397e-04      273.437      273.468
    1576.129       867.425      0.78870      193.148      4.477666e-04       2.230511e-02       7.111425e-05      273.437      273.457
    1576.058       870.868      0.78866      192.825      4.477575e-04       2.230488e-02       7.465788e-05      273.437      273.458
    1576.611       868.996      0.78711      193.245      4.477649e-04       2.230490e-02       2.679709e-04      273.437      273.511
    1576.199       872.198      0.78892      194.128      4.477526e-04       2.230457e-02       2.844322e-04      273.437      273.515
    1576.067       876.864      0.78952      194.812      4.477450e-04       2.230421e-02       3.886445e-04      273.437      273.544
    1576.248       874.532      0.78747      194.511      4.477356e-04       2.230418e-02       2.577580e-04      273.437      273.508
    1576.230       878.821      0.78657      195.172      4.477199e-04       2.230375e-02       2.917373e-04      273.437      273.517
    1576.190       883.542      0.78776      193.503      4.477221e-04       2.230367e-02       3.695048e-04      273.437      273.539
    1575.575       885.983      0.78913      194.910      4.477024e-04       2.230338e-02       2.397960e-04      273.437      273.503
    1574.904       894.362      0.79012      195.745      4.476803e-04       2.230293e-02       1.293437e-04      273.437      273.473
    1575.584       895.901      0.78834      196.799      4.476765e-04       2.230230e-02       4.821361e-04      273.437      273.569
    1575.158       908.297      0.78819      198.802      4.476463e-04       2.230132e-02       5.681559e-04      273.437      273.593
    1575.209       905.700      0.78684      196.792      4.476297e-04       2.230147e-02       3.125026e-04      273.437      273.523
    1574.609       920.031      0.78555      197.786      4.475828e-04       2.230047e-02       1.662316e-04      273.437      273.483
    1574.213       917.170      0.78745      200.273      4.475898e-04       2.230064e-02       1.803881e-04      273.437      273.487
    1572.251       940.364      0.78899      201.146      4.475639e-04       2.229972e-02       3.765053e-04      273.437      273.335
    1568.760       969.929      0.79011      204.167      4.478128e-04       2.229941e-02       1.659205e-03      273.437      272.984
    1572.970       948.475      0.78509      203.290      4.475190e-04       2.229895e-02       1.028110e-05      273.437      273.435
    1571.399       975.171      0.78274      207.116      4.475287e-04       2.229868e-02       4.574691e-04      273.437      273.312
    1571.667       954.597      0.78541      202.444      4.475534e-04       2.229855e-02       7.124008e-04      273.437      273.243
    1571.306       964.408      0.78512      202.051      4.475501e-04       2.229816e-02       7.936213e-04      273.437      273.220
    1568.527       983.079      0.78672      206.728      4.477849e-04       2.229823e-02       1.717283e-03      273.437      272.968
    1573.464       936.100      0.78585      200.003      4.475379e-04       2.229941e-02       6.832844e-05      273.437      273.419
    1572.516       961.525      0.78179      202.746      4.475312e-04       2.229891e-02       3.733948e-04      273.437      273.335
    1573.527       950.696      0.78350      201.597      4.475198e-04       2.229893e-02       1.316213e-04      273.437      273.473
    1574.669       933.748      0.78295      201.763      4.475861e-04       2.230009e-02       4.639871e-04      273.437      273.564
    1572.257       956.838      0.78459      201.979      4.475166e-04       2.229848e-02       4.083635e-04      273.437      273.326
    1572.027       972.588      0.78169      204.816      4.475185e-04       2.229863e-02       3.518268e-04      273.437      273.341
    1572.915       952.806      0.78563      203.091      4.475096e-04       2.229870e-02       7.932727e-05      273.437      273.459
    1573.105       948.456      0.78757      203.264      4.475358e-04       2.229915e-02       3.013373e-04      273.437      273.520
    1571.517       964.604      0.78498      204.996      4.475226e-04       2.229841e-02       5.026715e-04      273.437      273.300
    1573.052       954.197      0.78387      202.444      4.475094e-04       2.229871e-02       9.939864e-06      273.437      273.435
    1572.124       969.716      0.78280      202.872      4.475041e-04       2.229827e-02       3.553827e-04      273.437      273.340
    1571.618       980.288      0.78168      202.663      4.475231e-04       2.229822e-02       5.808989e-04      273.437      273.279
    1573.102       944.188      0.78680      200.388      4.475242e-04       2.229908e-02       2.246387e-05      273.437      273.431
    1572.321       965.494      0.78295      203.705      4.475057e-04       2.229846e-02       2.540564e-04      273.437      273.368
    1572.970       964.283      0.78303      204.079      4.475050e-04       2.229855e-02       1.520471e-04      273.437      273.479
    1572.311       974.061      0.78072      203.458      4.475237e-04       2.229882e-02       3.171798e-04      273.437      273.351
    1572.774       958.117      0.78439      203.183      4.475014e-04       2.229851e-02       1.346049e-05      273.437      273.434
    1571.982       974.561      0.78272      204.478      4.474960e-04       2.229821e-02       2.636561e-04      273.437      273.365
    1571.345       984.667      0.78216      205.498      4.475049e-04       2.229809e-02       4.550351e-04      273.437      273.313
    1572.622       967.856      0.78352      203.600      4.474906e-04       2.229824e-02       2.515253e-05      273.437      273.444
    1572.769       969.033      0.78380      203.548      4.474896e-04       2.229815e-02       1.620986e-04      273.437      273.482
    1571.854       971.425      0.78382      202.961      4.474969e-04       2.229803e-02       3.882629e-04      273.437      273.331
    1572.586       966.868      0.78456      204.213      4.474912e-04       2.229823e-02       1.172828e-04      273.437      273.470
    1571.724       982.754      0.78307      204.417      4.474799e-04       2.229784e-02       2.346416e-04      273.437      273.373
    1571.048       994.958      0.78244      205.036      4.474869e-04       2.229767e-02       4.406271e-04      273.437      273.317
    1572.699       975.199      0.78326      205.370      4.474972e-04       2.229820e-02       2.925825e-04      273.437      273.518
    1572.065       972.368      0.78368      203.562      4.474871e-04       2.229804e-02       2.177913e-04      273.437      273.378
    1572.610       970.967      0.78484      203.393      4.474843e-04       2.229800e-02       1.900201e-04      273.437      273.489
    1571.992       980.691      0.78314      203.247      4.474777e-04       2.229785e-02       1.716956e-04      273.437      273.391
    1571.658       987.580      0.78243      202.765      4.474853e-04       2.229783e-02       3.394109e-04      273.437      273.345
    1571.390       984.323      0.78356      203.761      4.474847e-04       2.229769e-02       4.026091e-04      273.437      273.327
    1571.762       986.973      0.78362      203.846      4.474671e-04       2.229763e-02       1.110389e-04      273.437      273.407
    1571.545       994.221      0.78359      203.989      4.474612e-04       2.229749e-02       9.989376e-05      273.437      273.410
    1572.589       980.027      0.78376      203.761      4.474803e-04       2.229780e-02       2.727131e-04      273.437      273.512
    1571.255       997.848      0.78197      204.315      4.474801e-04       2.229769e-02       3.436827e-04      273.437      273.344
    1570.662       997.726      0.78214      204.222      4.475157e-04       2.229765e-02       7.013403e-04      273.437      273.246
    1572.125       984.465      0.78335      203.877      4.474700e-04       2.229773e-02       4.014856e-05      273.437      273.448
    1572.390       973.194      0.78463      203.450      4.474786e-04       2.229793e-02       8.106664e-05      273.437      273.460
    1572.340       983.562      0.78427      202.866      4.474711e-04       2.229768e-02       1.838958e-04      273.437      273.488
    1571.548       998.236      0.78257      203.538      4.474658e-04       2.229758e-02       1.446690e-04      273.437      273.398
    1571.726       999.496      0.78374      203.887      4.474584e-04       2.229741e-02       1.219173e-04      273.437      273.471
    1571.462      1008.786      0.78404      204.208      4.474566e-04       2.229731e-02       1.856395e-04      273.437      273.488
    1570.971      1009.276      0.78252      204.943      4.474615e-04       2.229741e-02       2.106321e-04      273.437      273.380
    1570.405      1020.593      0.78302      204.462      4.474642e-04       2.229733e-02       3.243961e-04      273.437      273.349
    1570.591      1018.150      0.78400      205.264      4.474521e-04       2.229725e-02       1.127159e-04      273.437      273.407
    1569.929      1027.938      0.78470      206.129      4.474583e-04       2.229733e-02       2.129827e-04      273.437      273.379
    1571.828       994.582      0.78407      204.739      4.474622e-04       2.229747e-02       1.719338e-04      273.437      273.485
    1571.518      1001.123      0.78380      204.670      4.474561e-04       2.229737e-02       7.720106e-05      273.437      273.459
    1571.659      1001.933      0.78520      204.122      4.474650e-04       2.229741e-02       2.820433e-04      273.437      273.515
    1571.144      1007.439      0.78319      204.738      4.474551e-04       2.229734e-02       8.683452e-05      273.437      273.414
    1570.655      1023.390      0.78392      205.452      4.474511e-04       2.229726e-02       3.105780e-05      273.437      273.446
    1569.919      1037.713      0.78409      206.185      4.474563e-04       2.229737e-02       8.920763e-05      273.437      273.413
    1570.557      1016.323      0.78342      205.855      4.474551e-04       2.229727e-02       1.898387e-04      273.437      273.386
    1569.799      1031.390      0.78347      205.985      4.474648e-04       2.229729e-02       3.562846e-04      273.437      273.340
    1571.161      1008.754      0.78372      204.998      4.474525e-04       2.229730e-02       1.508820e-05      273.437      273.442
    1570.263      1025.801      0.78434      206.048      4.474527e-04       2.229728e-02       8.825144e-05      273.437      273.413
    1570.807      1021.750      0.78456      205.026      4.474546e-04       2.229731e-02       1.305527e-04      273.437      273.473
    1570.750      1020.399      0.78428      205.233      4.474517e-04       2.229727e-02       5.406827e-05      273.437      273.452
    1571.271      1009.504      0.78362      204.427      4.474532e-04       2.229731e-02       5.411333e-05      273.437      273.452
    1570.543      1021.752      0.78416      205.642      4.474511e-04       2.229726e-02       3.511586e-05      273.437      273.428
    1569.960      1032.955      0.78446      205.797      4.474570e-04       2.229736e-02       1.411976e-04      273.437      273.399
    1570.918      1014.856      0.78391      205.198      4.474510e-04       2.229726e-02       1.225058e-05      273.437      273.441
    1570.848      1022.054      0.78413      205.498      4.474533e-04       2.229726e-02       1.479524e-04      273.437      273.478
    1570.657      1019.127      0.78403      205.322      4.474511e-04       2.229726e-02       4.677159e-05      273.437      273.425
    1570.644      1019.172      0.78373      205.574      4.474511e-04       2.229725e-02       6.814347e-05      273.437      273.419
    1570.714      1014.054      0.78399      205.416      4.474522e-04       2.229726e-02       1.071592e-04      273.437      273.408
    1570.677      1021.062      0.78394      205.443      4.474508e-04       2.229725e-02       7.633741e-07      273.437      273.438
    1570.896      1015.348      0.78364      205.127      4.474512e-04       2.229726e-02       2.126490e-05      273.437      273.432
    1570.636      1020.156      0.78403      205.513      4.474508e-04       2.229725e-02       2.845518e-05      273.437      273.430
    1570.805      1018.434      0.78422      205.164      4.474514e-04       2.229727e-02       4.037461e-05      273.437      273.449
    1570.684      1018.987      0.78385      205.471      4.474508e-04       2.229725e-02       4.094940e-05      273.437      273.426
    1570.806      1018.407      0.78383      205.490      4.474507e-04       2.229725e-02       2.158216e-05      273.437      273.443
    1570.880      1018.047      0.78373      205.574      4.474510e-04       2.229725e-02       5.538668e-05      273.437      273.453
    1570.465      1024.433      0.78392      205.761      4.474511e-04       2.229726e-02       4.803818e-05      273.437      273.424
    1570.812      1017.257      0.78391      205.339      4.474508e-04       2.229725e-02       2.120452e-06      273.437      273.438
    1570.852      1017.700      0.78374      205.358      4.474508e-04       2.229725e-02       1.982486e-05      273.437      273.443
    1570.891      1018.228      0.78386      205.343      4.474511e-04       2.229725e-02       6.446472e-05      273.437      273.455
    1570.736      1018.797      0.78385      205.439      4.474507e-04       2.229725e-02       1.458223e-05      273.437      273.434
    1570.662      1020.061      0.78403      205.497      4.474508e-04       2.229725e-02       1.517276e-05      273.437      273.433
    1570.711      1019.472      0.78396      205.462      4.474507e-04       2.229725e-02       5.925680e-06      273.437      273.436
    1570.850      1015.900      0.78384      205.422      4.474508e-04       2.229726e-02       2.857917e-06      273.437      273.437
    1570.722      1019.774      0.78391      205.438      4.474507e-04       2.229725e-02       1.392553e-06      273.437      273.438
    1570.673      1020.966      0.78387      205.576      4.474506e-04       2.229725e-02       2.363098e-06      273.437      273.437
    1570.599      1022.816      0.78385      205.695      4.474507e-04       2.229725e-02       7.280173e-06      273.437      273.436
    1570.614      1021.095      0.78397      205.468      4.474509e-04       2.229725e-02       3.330775e-05      273.437      273.428
    1570.758      1019.080      0.78387      205.485      4.474506e-04       2.229725e-02       8.381430e-06      273.437      273.440
    1570.735      1019.837      0.78379      205.507      4.474506e-04       2.229725e-02       2.736573e-06      273.437      273.438
    1570.747      1020.020      0.78371      205.529      4.474506e-04       2.229725e-02       7.006006e-06      273.437      273.439
    1570.729      1019.567      0.78378      205.566      4.474506e-04       2.229725e-02       3.958150e-06      273.437      273.436
    1570.733      1019.464      0.78371      205.630      4.474506e-04       2.229725e-02       6.754493e-06      273.437      273.436
    1570.711      1020.928      0.78380      205.627      4.474506e-04       2.229725e-02       1.669631e-05      273.437      273.442
    1570.665      1021.568      0.78375      205.653      4.474506e-04       2.229725e-02       2.247755e-06      273.437      273.437
    1570.747      1019.985      0.78369      205.600      4.474506e-04       2.229725e-02       8.978324e-06      273.437      273.440
    1570.692      1021.187      0.78372      205.717      4.474506e-04       2.229725e-02       7.228455e-06      273.437      273.439
    1570.670      1021.861      0.78368      205.822      4.474506e-04       2.229725e-02       9.241625e-06      273.437      273.440
    1570.706      1020.226      0.78367      205.641      4.474506e-04       2.229725e-02       1.145873e-05      273.437      273.434
    1570.707      1020.402      0.78370      205.637      4.474506e-04       2.229725e-02       4.318405e-06      273.437      273.436
    1570.649      1021.378      0.78378      205.686      4.474506e-04       2.229725e-02       1.078987e-05      273.437      273.435
    1570.724      1019.698      0.78374      205.650      4.474506e-04       2.229725e-02       3.946816e-06      273.437      273.436
    1570.657      1021.764      0.78369      205.779      4.474506e-04       2.229725e-02       2.231892e-06      273.437      273.437
    1570.740      1020.148      0.78364      205.705      4.474506e-04       2.229725e-02       9.103678e-06      273.437      273.440
    1570.672      1021.070      0.78375      205.691      4.474506e-04       2.229725e-02       5.655578e-06      273.437      273.436
    1570.665      1021.458      0.78374      205.781      4.474506e-04       2.229725e-02       2.221864e-06      273.437      273.438
    1570.643      1021.986      0.78376      205.853      4.474506e-04       2.229725e-02       5.215263e-06      273.437      273.439
    1570.617      1023.040      0.78371      205.834      4.474506e-04       2.229725e-02       3.260941e-06      273.437      273.438
    1570.698      1020.534      0.78373      205.696      4.474506e-04       2.229725e-02       1.558789e-06      273.437      273.437
    1570.707      1020.360      0.78378      205.663      4.474506e-04       2.229725e-02       3.212040e-06      273.437      273.438
    1570.732      1019.658      0.78382      205.605      4.474506e-04       2.229725e-02       5.532035e-06      273.437      273.439
    1570.679      1020.525      0.78378      205.699      4.474506e-04       2.229725e-02       8.052644e-06      273.437      273.435
    1570.702      1020.369      0.78377      205.728      4.474506e-04       2.229725e-02       3.551257e-06      273.437      273.438
    1570.717      1020.017      0.78378      205.747      4.474506e-04       2.229725e-02       8.112776e-06      273.437      273.440
    1570.707      1020.836      0.78373      205.735      4.474506e-04       2.229725e-02       1.191557e-05      273.437      273.441
    1570.686      1020.603      0.78377      205.708      4.474506e-04       2.229725e-02       3.083094e-06      273.437      273.437
    1570.682      1020.861      0.78380      205.744      4.474506e-04       2.229725e-02       4.525034e-06      273.437      273.439
    1570.723      1019.637      0.78381      205.641      4.474506e-04       2.229725e-02       1.578887e-06      273.437      273.438
    1570.680      1021.003      0.78376      205.746      4.474506e-04       2.229725e-02       2.179312e-06      273.437      273.438
    1570.668      1021.057      0.78377      205.800      4.474506e-04       2.229725e-02       3.916449e-07      273.437      273.438
    1570.686      1020.655      0.78374      205.747      4.474506e-04       2.229725e-02       3.027760e-06      273.437      273.437
    1570.683      1020.809      0.78378      205.745      4.474506e-04       2.229725e-02       2.667852e-06      273.437      273.438
    1570.656      1021.367      0.78377      205.771      4.474506e-04       2.229725e-02       2.649362e-06      273.437      273.437
    1570.691      1020.618      0.78377      205.739      4.474506e-04       2.229725e-02       2.055339e-06      273.437      273.438
    1570.702      1020.460      0.78377      205.669      4.474506e-04       2.229725e-02       1.529295e-06      273.437      273.438
    1570.677      1020.908      0.78377      205.767      4.474506e-04       2.229725e-02       6.464699e-07      273.437      273.438
    1570.679      1021.067      0.78377      205.791      4.474506e-04       2.229725e-02       6.886946e-06      273.437      273.439
    1570.684      1020.719      0.78377      205.729      4.474506e-04       2.229725e-02       6.037533e-07      273.437      273.437
    1570.688      1020.524      0.78379      205.744      4.474506e-04       2.229725e-02       1.865457e-07      273.437      273.438
    1570.692      1020.284      0.78380      205.743      4.474506e-04       2.229725e-02       7.972674e-07      273.437      273.437
    1570.687      1020.575      0.78377      205.745      4.474506e-04       2.229725e-02       1.477554e-06      273.437      273.437
    1570.684      1020.751      0.78378      205.745      4.474506e-04       2.229725e-02       1.659992e-06      273.437      273.438
    1570.676      1020.832      0.78378      205.753      4.474506e-04       2.229725e-02       1.110847e-06      273.437      273.437
    1570.689      1020.505      0.78379      205.718      4.474506e-04       2.229725e-02       5.923317e-07      273.437      273.437
    1570.680      1020.807      0.78378      205.755      4.474506e-04       2.229725e-02       3.191230e-07      273.437      273.438
    1570.679      1020.738      0.78379      205.770      4.474506e-04       2.229725e-02       1.187071e-06      273.437      273.438
    1570.683      1020.723      0.78378      205.739      4.474506e-04       2.229725e-02       2.048589e-07      273.437      273.437
    1570.679      1020.692      0.78378      205.751      4.474506e-04       2.229725e-02       2.008899e-06      273.437      273.437
    1570.680      1020.707      0.78378      205.749      4.474506e-04       2.229725e-02       1.042870e-06      273.437      273.437
    1570.681      1020.765      0.78378      205.747      4.474506e-04       2.229725e-02       5.806592e-08      273.437      273.438
    1570.684      1020.665      0.78378      205.750      4.474506e-04       2.229725e-02       3.064159e-07      273.437      273.438
    1570.678      1020.820      0.78378      205.754      4.474506e-04       2.229725e-02       3.955566e-07      273.437      273.437
    1570.682      1020.779      0.78378      205.750      4.474506e-04       2.229725e-02       9.895819e-07      273.437      273.438
    1570.679      1020.750      0.78378      205.753      4.474506e-04       2.229725e-02       8.442642e-07      273.437      273.437
    1570.680      1020.757      0.78378      205.752      4.474506e-04       2.229725e-02       3.612540e-07      273.437      273.437
    1570.685      1020.678      0.78378      205.748      4.474506e-04       2.229725e-02       6.033002e-07      273.437      273.438
    1570.685      1020.626      0.78378      205.743      4.474506e-04       2.229725e-02       1.902117e-08      273.437      273.437
    1570.688      1020.535      0.78378      205.737      4.474506e-04       2.229725e-02       2.429173e-07      273.437      273.437
    1570.688      1020.610      0.78378      205.741      4.474506e-04       2.229725e-02       8.334460e-07      273.437      273.438
    1570.682      1020.720      0.78378      205.750      4.474506e-04       2.229725e-02       6.131383e-08      273.437      273.437
    1570.681      1020.711      0.78378      205.747      4.474506e-04       2.229725e-02       4.605890e-07      273.437      273.437
    1570.684      1020.686      0.78378      205.747      4.474506e-04       2.229725e-02       3.130887e-07      273.437      273.438
    1570.685      1020.651      0.78378      205.744      4.474506e-04       2.229725e-02       3.421579e-07      273.437      273.438
    1570.683      1020.703      0.78378      205.748      4.474506e-04       2.229725e-02       3.970853e-08      273.437      273.438
    1570.684      1020.668      0.78378      205.745      4.474506e-04       2.229725e-02       2.417726e-07      273.437      273.438
    1570.687      1020.557      0.78378      205.746      4.474506e-04       2.229725e-02       2.609799e-07      273.437      273.438
    1570.683      1020.713      0.78378      205.747      4.474506e-04       2.229725e-02       1.351051e-07      273.437      273.438
    1570.684      1020.677      0.78378      205.746      4.474506e-04       2.229725e-02       3.262533e-07      273.437      273.438
    1570.685      1020.656      0.78378      205.745      4.474506e-04       2.229725e-02       9.826560e-08      273.437      273.438
    1570.684      1020.676      0.78378      205.749      4.474506e-04       2.229725e-02       3.097637e-07      273.437      273.438
    1570.683      1020.726      0.78378      205.747      4.474506e-04       2.229725e-02       1.859131e-07      273.437      273.438
    1570.683      1020.726      0.78378      205.750      4.474506e-04       2.229725e-02       4.685879e-07      273.437      273.438
    1570.683      1020.732      0.78377      205.747      4.474506e-04       2.229725e-02       3.371582e-07      273.437      273.438
    1570.683      1020.718      0.78378      205.747      4.474506e-04       2.229725e-02       3.306273e-07      273.437      273.438
    1570.684      1020.682      0.78378      205.747      4.474506e-04       2.229725e-02       2.708787e-07      273.437      273.438
    1570.683      1020.706      0.78378      205.749      4.474506e-04       2.229725e-02       3.908784e-07      273.437      273.438
    1570.683      1020.706      0.78378      205.747      4.474506e-04       2.229725e-02       2.983259e-07      273.437      273.438
    1570.684      1020.681      0.78378      205.748      4.474506e-04       2.229725e-02       3.114171e-07      273.437      273.438
    1570.683      1020.708      0.78378      205.749      4.474506e-04       2.229725e-02       3.375316e-07      273.437      273.438
    1570.683      1020.701      0.78378      205.748      4.474506e-04       2.229725e-02       3.207194e-07      273.437      273.438
    1570.683      1020.719      0.78378      205.748      4.474506e-04       2.229725e-02       3.500752e-07      273.437      273.438
    1570.684      1020.690      0.78378      205.748      4.474506e-04       2.229725e-02       2.723394e-07      273.437      273.438
    1570.684      1020.686      0.78378      205.747      4.474506e-04       2.229725e-02       2.113587e-07      273.437      273.438
    1570.683      1020.701      0.78378      205.748      4.474506e-04       2.229725e-02       3.458640e-07      273.437      273.438
    1570.684      1020.694      0.78378      205.748      4.474506e-04       2.229725e-02       3.172125e-07      273.437      273.438
    1570.684      1020.696      0.78378      205.747      4.474506e-04       2.229725e-02       3.060162e-07      273.437      273.438
    1570.684      1020.688      0.78378      205.748      4.474506e-04       2.229725e-02       2.927141e-07      273.437      273.438
    1570.684      1020.696      0.78378      205.748      4.474506e-04       2.229725e-02       3.519934e-07      273.437      273.438
    1570.684      1020.698      0.78378      205.748      4.474506e-04       2.229725e-02       3.511234e-07      273.437      273.438
    1570.684      1020.694      0.78378      205.747      4.474506e-04       2.229725e-02       3.442165e-07      273.437      273.438
    1570.684      1020.694      0.78378      205.748      4.474506e-04       2.229725e-02       3.374954e-07      273.437      273.438
    1570.684      1020.691      0.78378      205.747      4.474506e-04       2.229725e-02       3.018876e-07      273.437      273.438
    1570.684      1020.688      0.78378      205.747      4.474506e-04       2.229725e-02       2.762386e-07      273.437      273.438
    1570.684      1020.691      0.78378      205.747      4.474506e-04       2.229725e-02       2.982846e-07      273.437      273.438
    1570.684      1020.693      0.78378      205.747      4.474506e-04       2.229725e-02       3.278120e-07      273.437      273.438
    1570.684      1020.688      0.78378      205.747      4.474506e-04       2.229725e-02       3.075182e-07      273.437      273.438
    1570.684      1020.693      0.78378      205.747      4.474506e-04       2.229725e-02       3.039426e-07      273.437      273.438
    1570.684      1020.694      0.78378      205.747      4.474506e-04       2.229725e-02       3.261879e-07      273.437      273.438
    1570.684      1020.692      0.78378      205.747      4.474506e-04       2.229725e-02       3.194130e-07      273.437      273.438
    1570.684      1020.691      0.78378      205.747      4.474506e-04       2.229725e-02       3.001256e-07      273.437      273.438
    1570.684      1020.691      0.78378      205.747      4.474506e-04       2.229725e-02       3.052262e-07      273.437      273.438
    1570.684      1020.696      0.78378      205.747      4.474506e-04       2.229725e-02       3.108052e-07      273.437      273.438
    1570.684      1020.690      0.78378      205.747      4.474506e-04       2.229725e-02       3.086332e-07      273.437      273.438
    1570.684      1020.692      0.78378      205.747      4.474506e-04       2.229725e-02       3.140473e-07      273.437      273.438
    1570.684      1020.692      0.78378      205.747      4.474506e-04       2.229725e-02       3.025971e-07      273.437      273.438
    1570.684      1020.691      0.78378      205.747      4.474506e-04       2.229725e-02       3.035476e-07      273.437      273.438
    1570.684      1020.690      0.78378      205.747      4.474506e-04       2.229725e-02       3.047029e-07      273.437      273.438
    1570.684      1020.691      0.78378      205.747      4.474506e-04       2.229725e-02       3.080510e-07      273.437      273.438
    1570.684      1020.694      0.78378      205.747      4.474506e-04       2.229725e-02       3.089064e-07      273.437      273.438
    1570.684      1020.693      0.78378      205.747      4.474506e-04       2.229725e-02       3.078656e-07      273.437      273.438
    1570.684      1020.693      0.78378      205.747      4.474506e-04       2.229725e-02       3.051681e-07      273.437      273.438
    1570.684      1020.692      0.78378      205.747      4.474506e-04       2.229725e-02       2.943839e-07      273.437      273.438
    1570.684      1020.692      0.78378      205.747      4.474506e-04       2.229725e-02       3.017377e-07      273.437      273.438
    1570.684      1020.692      0.78378      205.747      4.474506e-04       2.229725e-02       3.024121e-07      273.437      273.438
    1570.684      1020.692      0.78378      205.747      4.474506e-04       2.229725e-02       3.045983e-07      273.437      273.438
    1570.684      1020.691      0.78378      205.747      4.474506e-04       2.229725e-02       2.981358e-07      273.437      273.438
    1570.684      1020.692      0.78378      205.747      4.474506e-04       2.229725e-02       3.034887e-07      273.437      273.438
    1570.684      1020.691      0.78378      205.747      4.474506e-04       2.229725e-02       3.022724e-07      273.437      273.438
    1570.684      1020.691      0.78378      205.747      4.474506e-04       2.229725e-02       3.018423e-07      273.437      273.438
    1570.684      1020.691      0.78378      205.747      4.474506e-04       2.229725e-02       3.074348e-07      273.437      273.438
    1570.684      1020.691      0.78378      205.747      4.474506e-04       2.229725e-02       3.043536e-07      273.437      273.438
    1570.684      1020.690      0.78378      205.747      4.474506e-04       2.229725e-02       3.028827e-07      273.437      273.438
    1570.684      1020.691      0.78378      205.747      4.474506e-04       2.229725e-02       3.070735e-07      273.437      273.438
    1570.684      1020.690      0.78378      205.747      4.474506e-04       2.229725e-02       3.003557e-07      273.437      273.438
    1570.684      1020.691      0.78378      205.747      4.474506e-04       2.229725e-02       3.056651e-07      273.437      273.438
    1570.684      1020.691      0.78378      205.747      4.474506e-04       2.229725e-02       3.041726e-07      273.437      273.438
    1570.684      1020.691      0.78378      205.747      4.474506e-04       2.229725e-02       3.026637e-07      273.437      273.438
    1570.684      1020.691      0.78378      205.747      4.474506e-04       2.229725e-02       3.034587e-07      273.437      273.438
    1570.684      1020.691      0.78378      205.747      4.474506e-04       2.229725e-02       3.046817e-07      273.437      273.438
    1570.684      1020.690      0.78378      205.747      4.474506e-04       2.229725e-02       3.010823e-07      273.437      273.438
    1570.684      1020.690      0.78378      205.747      4.474506e-04       2.229725e-02       3.015040e-07      273.437      273.438
    1570.684      1020.691      0.78378      205.747      4.474506e-04       2.229725e-02       3.036745e-07      273.437      273.438
    1570.684      1020.691      0.78378      205.747      4.474506e-04       2.229725e-02       3.029014e-07      273.437      273.438
    1570.684      1020.691      0.78378      205.747      4.474506e-04       2.229725e-02       3.039813e-07      273.437      273.438
    1570.684      1020.690      0.78378      205.747      4.474506e-04       2.229725e-02       3.022870e-07      273.437      273.438
    1570.684      1020.691      0.78378      205.747      4.474506e-04       2.229725e-02       3.027229e-07      273.437      273.438
    1570.684      1020.691      0.78378      205.747      4.474506e-04       2.229725e-02       3.031205e-07      273.437      273.438
    1570.684      1020.691      0.78378      205.747      4.474506e-04       2.229725e-02       3.038358e-07      273.437      273.438
    1570.684      1020.690      0.78378      205.747      4.474506e-04       2.229725e-02       3.022325e-07      273.437      273.438
    1570.684      1020.691      0.78378      205.747      4.474506e-04       2.229725e-02       3.037795e-07      273.437      273.438
    1570.684      1020.691      0.78378      205.747      4.474506e-04       2.229725e-02       3.030894e-07      273.437      273.438
    1570.684      1020.691      0.78378      205.747      4.474506e-04       2.229725e-02       3.040790e-07      273.437      273.438
    1570.684      1020.691      0.78378      205.747      4.474506e-04       2.229725e-02       3.030579e-07      273.437      273.438
    1570.684      1020.691      0.78378      205.747      4.474506e-04       2.229725e-02       3.033282e-07      273.437      273.438
    1570.684      1020.691      0.78378      205.747      4.474506e-04       2.229725e-02       3.036350e-07      273.437      273.438
    1570.684      1020.691      0.78378      205.747      4.474506e-04       2.229725e-02       3.021056e-07      273.437      273.438
    1570.684      1020.691      0.78378      205.747      4.474506e-04       2.229725e-02       3.035955e-07      273.437      273.438
    1570.684      1020.691      0.78378      205.747      4.474506e-04       2.229725e-02       3.042655e-07      273.437      273.438
    1570.684      1020.691      0.78378      205.747      4.474506e-04       2.229725e-02       3.037952e-07      273.437      273.438
    1570.684      1020.691      0.78378      205.747      4.474506e-04       2.229725e-02       3.032093e-07      273.437      273.438
    1570.684      1020.691      0.78378      205.747      4.474506e-04       2.229725e-02       3.035966e-07      273.437      273.438
    1570.684      1020.691      0.78378      205.747      4.474506e-04       2.229725e-02       3.034624e-07      273.437      273.438
    1570.684      1020.691      0.78378      205.747      4.474506e-04       2.229725e-02       3.027028e-07      273.437      273.438
    1570.684      1020.691      0.78378      205.747      4.474506e-04       2.229725e-02       3.027452e-07      273.437      273.438
    1570.684      1020.691      0.78378      205.747      4.474506e-04       2.229725e-02       3.028187e-07      273.437      273.438
    1570.684      1020.691      0.78378      205.747      4.474506e-04       2.229725e-02       3.031325e-07      273.437      273.438
    1570.684      1020.691      0.78378      205.747      4.474506e-04       2.229725e-02       3.031486e-07      273.437      273.438
    1570.684      1020.691      0.78378      205.747      4.474506e-04       2.229725e-02       3.028187e-07      273.437      273.438
    1570.684      1020.691      0.78378      205.747      4.474506e-04       2.229725e-02       3.032082e-07      273.437      273.438
    1570.684      1020.691      0.78378      205.747      4.474506e-04       2.229725e-02       3.032667e-07      273.437      273.438
    1570.684      1020.691      0.78378      205.747      4.474506e-04       2.229725e-02       3.033424e-07      273.437      273.438
    1570.684      1020.691      0.78378      205.747      4.474506e-04       2.229725e-02       3.030751e-07      273.437      273.438
    1570.684      1020.691      0.78378      205.747      4.474506e-04       2.229725e-02       3.031307e-07      273.437      273.438
    1570.684      1020.691      0.78378      205.747      4.474506e-04       2.229725e-02       3.031519e-07      273.437      273.438
    1570.684      1020.691      0.78378      205.747      4.474506e-04       2.229725e-02       3.030155e-07      273.437      273.438
    1570.684      1020.691      0.78378      205.747      4.474506e-04       2.229725e-02       3.032496e-07      273.437      273.438
    1570.684      1020.691      0.78378      205.747      4.474506e-04       2.229725e-02       3.032496e-07      273.437      273.438
    1570.684      1020.691      0.78378      205.747      4.474506e-04       2.229725e-02       3.031307e-07      273.437      273.438
    1570.684      1020.691      0.78378      205.747      4.474506e-04       2.229725e-02       3.031903e-07      273.437      273.438
    1570.684      1020.691      0.78378      205.747      4.474506e-04       2.229725e-02       3.032667e-07      273.437      273.438
    1570.684      1020.691      0.78378      205.747      4.474506e-04       2.229725e-02       3.032667e-07      273.437      273.438
    1570.684      1020.691      0.78378      205.747      4.474506e-04       2.229725e-02       3.033051e-07      273.437      273.438
    1570.684      1020.691      0.78378      205.747      4.474506e-04       2.229725e-02       3.033838e-07      273.437      273.438
    1570.684      1020.691      0.78378      205.747      4.474506e-04       2.229725e-02       3.034606e-07      273.437      273.438
    1570.684      1020.691      0.78378      205.747      4.474506e-04       2.229725e-02       3.029208e-07      273.437      273.438
    1570.684      1020.691      0.78378      205.747      4.474506e-04       2.229725e-02       3.030762e-07      273.437      273.438
    1570.684      1020.691      0.78378      205.747      4.474506e-04       2.229725e-02       3.029398e-07      273.437      273.438
    1570.684      1020.691      0.78378      205.747      4.474506e-04       2.229725e-02       3.031142e-07      273.437      273.438
    1570.684      1020.691      0.78378      205.747      4.474506e-04       2.229725e-02       3.030378e-07      273.437      273.438
    1570.684      1020.691      0.78378      205.747      4.474506e-04       2.229725e-02       3.029208e-07      273.437      273.438
    1570.684      1020.691      0.78378      205.747      4.474506e-04       2.229725e-02       3.029014e-07      273.437      273.438
    1570.684      1020.691      0.78378      205.747      4.474506e-04       2.229725e-02       3.028824e-07      273.437      273.438
    1570.684      1020.691      0.78378      205.747      4.474506e-04       2.229725e-02       3.034412e-07      273.437      273.438
    1570.684      1020.691      0.78378      205.747      4.474506e-04       2.229725e-02       3.030378e-07      273.437      273.438
    1570.684      1020.691      0.78378      205.747      4.474506e-04       2.229725e-02       3.029994e-07      273.437      273.438
    1570.684      1020.691      0.78378      205.747      4.474506e-04       2.229725e-02       3.028634e-07      273.437      273.438
    1570.684      1020.691      0.78378      205.747      4.474506e-04       2.229725e-02       3.029800e-07      273.437      273.438
    1570.684      1020.691      0.78378      205.747      4.474506e-04       2.229725e-02       3.029208e-07      273.437      273.438
    1570.684      1020.691      0.78378      205.747      4.474506e-04       2.229725e-02       3.029208e-07      273.437      273.438
    1570.684      1020.691      0.78378      205.747      4.474506e-04       2.229725e-02       3.029014e-07      273.437      273.438
    1570.684      1020.691      0.78378      205.747      4.474506e-04       2.229725e-02       3.029994e-07      273.437      273.438
    1570.684      1020.691      0.78378      205.747      4.474506e-04       2.229725e-02       3.029014e-07      273.437      273.438
    1570.684      1020.691      0.78378      205.747      4.474506e-04       2.229725e-02       3.029014e-07      273.437      273.438
    1570.684      1020.691      0.78378      205.747      4.474506e-04       2.229725e-02       3.029800e-07      273.437      273.438
    1570.684      1020.691      0.78378      205.747      4.474506e-04       2.229725e-02       3.029014e-07      273.437      273.438
    1570.684      1020.691      0.78378      205.747      4.474506e-04       2.229725e-02       3.029208e-07      273.437      273.438
    1570.684      1020.691      0.78378      205.747      4.474506e-04       2.229725e-02       3.029208e-07      273.437      273.438
    1570.684      1020.691      0.78378      205.747      4.474506e-04       2.229725e-02       3.029014e-07      273.437      273.438
    1570.684      1020.691      0.78378      205.747      4.474506e-04       2.229725e-02       3.029014e-07      273.437      273.438
    1570.684      1020.691      0.78378      205.747      4.474506e-04       2.229725e-02       3.029208e-07      273.437      273.438
    1570.684      1020.691      0.78378      205.747      4.474506e-04       2.229725e-02       3.029208e-07      273.437      273.438
    1570.684      1020.691      0.78378      205.747      4.474506e-04       2.229725e-02       3.029208e-07      273.437      273.438
    1570.684      1020.691      0.78378      205.747      4.474506e-04       2.229725e-02       3.029208e-07      273.437      273.438
    1570.684      1020.691      0.78378      205.747      4.474506e-04       2.229725e-02       3.029208e-07      273.437      273.438
    1570.684      1020.691      0.78378      205.747      4.474506e-04       2.229725e-02       3.029208e-07      273.437      273.438
    1570.684      1020.691      0.78378      205.747      4.474506e-04       2.229725e-02       3.029208e-07      273.437      273.438
    1570.684      1020.691      0.78378      205.747      4.474506e-04       2.229725e-02       3.029208e-07      273.437      273.438
    1570.684      1020.691      0.78378      205.747      4.474506e-04       2.229725e-02       3.029208e-07      273.437      273.438
    1570.684      1020.691      0.78378      205.747      4.474506e-04       2.229725e-02       3.029208e-07      273.437      273.438
    1570.684      1020.691      0.78378      205.747      4.474506e-04       2.229725e-02       3.029208e-07      273.437      273.438
    1570.684      1020.691      0.78378      205.747      4.474506e-04       2.229725e-02       3.029208e-07      273.437      273.438
    1570.684      1020.691      0.78378      205.747      4.474506e-04       2.229725e-02       3.029208e-07      273.437      273.438
    1570.684      1020.691      0.78378      205.747      4.474506e-04       2.229725e-02       3.029208e-07      273.437      273.438
    1570.684      1020.691      0.78378      205.747      4.474506e-04       2.229725e-02       3.029208e-07      273.437      273.438
    1570.684      1020.691      0.78378      205.747      4.474506e-04       2.229725e-02       3.029208e-07      273.437      273.438
    1570.684      1020.691      0.78378      205.747      4.474506e-04       2.229725e-02       3.029208e-07      273.437      273.438
    1570.684      1020.691      0.78378      205.747      4.474506e-04       2.229725e-02       3.029208e-07      273.437      273.438
    1570.684      1020.691      0.78378      205.747      4.474506e-04       2.229725e-02       3.029208e-07      273.437      273.438
    1570.684      1020.691      0.78378      205.747      4.474506e-04       2.229725e-02       3.029208e-07      273.437      273.438
    1570.684      1020.691      0.78378      205.747      4.474506e-04       2.229725e-02       3.029208e-07      273.437      273.438
    1570.684      1020.691      0.78378      205.747      4.474506e-04       2.229725e-02       3.029208e-07      273.437      273.438
    1570.684      1020.691      0.78378      205.747      4.474506e-04       2.229725e-02       3.029208e-07      273.437      273.438
    1570.684      1020.691      0.78378      205.747      4.474506e-04       2.229725e-02       3.029208e-07      273.437      273.438
    1570.684      1020.691      0.78378      205.747      4.474506e-04       2.229725e-02       3.029208e-07      273.437      273.438
    1570.684      1020.691      0.78378      205.747      4.474506e-04       2.229725e-02       3.029208e-07      273.437      273.438
    1570.684      1020.691      0.78378      205.747      4.474506e-04       2.229725e-02       3.029208e-07      273.437      273.438
    1570.684      1020.691      0.78378      205.747      4.474506e-04       2.229725e-02       3.029208e-07      273.437      273.438
    1570.684      1020.691      0.78378      205.747      4.474506e-04       2.229725e-02       3.029208e-07      273.437      273.438
    1570.684      1020.691      0.78378      205.747      4.474506e-04       2.229725e-02       3.029208e-07      273.437      273.438
    1570.684      1020.691      0.78378      205.747      4.474506e-04       2.229725e-02       3.029208e-07      273.437      273.438
    1570.684      1020.691      0.78378      205.747      4.474506e-04       2.229725e-02       3.029208e-07      273.437      273.438
    1570.684      1020.691      0.78378      205.747      4.474506e-04       2.229725e-02       3.029208e-07      273.437      273.438
    1570.684      1020.691      0.78378      205.747      4.474506e-04       2.229725e-02       3.029208e-07      273.437      273.438
    1570.684      1020.691      0.78378      205.747      4.474506e-04       2.229725e-02       3.029208e-07      273.437      273.438
    1570.684      1020.691      0.78378      205.747      4.474506e-04       2.229725e-02       3.029208e-07      273.437      273.438
    1570.684      1020.691      0.78378      205.747      4.474506e-04       2.229725e-02       3.029208e-07      273.437      273.438
    1570.684      1020.691      0.78378      205.747      4.474506e-04       2.229725e-02       3.029208e-07      273.437      273.438
    1570.684      1020.691      0.78378      205.747      4.474506e-04       2.229725e-02       3.029208e-07      273.437      273.438
    1570.684      1020.691      0.78378      205.747      4.474506e-04       2.229725e-02       3.029208e-07      273.437      273.438
    1570.684      1020.691      0.78378      205.747      4.474506e-04       2.229725e-02       3.029208e-07      273.437      273.438
    1570.684      1020.691      0.78378      205.747      4.474506e-04       2.229725e-02       3.029208e-07      273.437      273.438
    1570.684      1020.691      0.78378      205.747      4.474506e-04       2.229725e-02       3.029208e-07      273.437      273.438
    1570.684      1020.691      0.78378      205.747      4.474506e-04       2.229725e-02       3.029208e-07      273.437      273.438
    1570.684      1020.691      0.78378      205.747      4.474506e-04       2.229725e-02       3.029208e-07      273.437      273.438
    1570.684      1020.691      0.78378      205.747      4.474506e-04       2.229725e-02       3.029208e-07      273.437      273.438
    1570.684      1020.691      0.78378      205.747      4.474506e-04       2.229725e-02       3.029208e-07      273.437      273.438
    1570.684      1020.691      0.78378      205.747      4.474506e-04       2.229725e-02       3.029208e-07      273.437      273.438
    1570.684      1020.691      0.78378      205.747      4.474506e-04       2.229725e-02       3.029208e-07      273.437      273.438
    1570.684      1020.691      0.78378      205.747      4.474506e-04       2.229725e-02       3.029208e-07      273.437      273.438
    1570.684      1020.691      0.78378      205.747      4.474506e-04       2.229725e-02       3.029208e-07      273.437      273.438
    1570.684      1020.691      0.78378      205.747      4.474506e-04       2.229725e-02       3.029208e-07      273.437      273.438
    1570.684      1020.691      0.78378      205.747      4.474506e-04       2.229725e-02       3.029208e-07      273.437      273.438
    1570.684      1020.691      0.78378      205.747      4.474506e-04       2.229725e-02       3.029208e-07      273.437      273.438
    1570.684      1020.691      0.78378      205.747      4.474506e-04       2.229725e-02       3.029208e-07      273.437      273.438
    1570.684      1020.691      0.78378      205.747      4.474506e-04       2.229725e-02       3.029208e-07      273.437      273.438
    1570.684      1020.691      0.78378      205.747      4.474506e-04       2.229725e-02       3.029208e-07      273.437      273.438
    1570.684      1020.691      0.78378      205.747      4.474506e-04       2.229725e-02       3.029208e-07      273.437      273.438
    1570.684      1020.691      0.78378      205.747      4.474506e-04       2.229725e-02       3.029208e-07      273.437      273.438
    1570.684      1020.691      0.78378      205.747      4.474506e-04       2.229725e-02       3.029208e-07      273.437      273.438
    1570.684      1020.691      0.78378      205.747      4.474506e-04       2.229725e-02       3.029208e-07      273.437      273.438
    1570.684      1020.691      0.78378      205.747      4.474506e-04       2.229725e-02       3.029208e-07      273.437      273.438
    1570.684      1020.691      0.78378      205.747      4.474506e-04       2.229725e-02       3.029208e-07      273.437      273.438
    1570.684      1020.691      0.78378      205.747      4.474506e-04       2.229725e-02       3.029208e-07      273.437      273.438
    1570.684      1020.691      0.78378      205.747      4.474506e-04       2.229725e-02       3.029208e-07      273.437      273.438
    1570.684      1020.691      0.78378      205.747      4.474506e-04       2.229725e-02       3.029208e-07      273.437      273.438
    1570.684      1020.691      0.78378      205.747      4.474506e-04       2.229725e-02       3.029208e-07      273.437      273.438
    1570.684      1020.691      0.78378      205.747      4.474506e-04       2.229725e-02       3.029208e-07      273.437      273.438
    1570.684      1020.691      0.78378      205.747      4.474506e-04       2.229725e-02       3.029208e-07      273.437      273.438
    1570.684      1020.691      0.78378      205.747      4.474506e-04       2.229725e-02       3.029208e-07      273.437      273.438
    1570.684      1020.691      0.78378      205.747      4.474506e-04       2.229725e-02       3.029208e-07      273.437      273.438
    1570.684      1020.691      0.78378      205.747      4.474506e-04       2.229725e-02       3.029208e-07      273.437      273.438
    1570.684      1020.691      0.78378      205.747      4.474506e-04       2.229725e-02       3.029208e-07      273.437      273.438
    1570.684      1020.691      0.78378      205.747      4.474506e-04       2.229725e-02       3.029208e-07      273.437      273.438
    1570.684      1020.691      0.78378      205.747      4.474506e-04       2.229725e-02       3.029208e-07      273.437      273.438
    1570.684      1020.691      0.78378      205.747      4.474506e-04       2.229725e-02       3.029208e-07      273.437      273.438
    1570.684      1020.691      0.78378      205.747      4.474506e-04       2.229725e-02       3.029208e-07      273.437      273.438
    1570.684      1020.691      0.78378      205.747      4.474506e-04       2.229725e-02       3.029208e-07      273.437      273.438
    1570.684      1020.691      0.78378      205.747      4.474506e-04       2.229725e-02       3.029208e-07      273.437      273.438
    1570.684      1020.691      0.78378      205.747      4.474506e-04       2.229725e-02       3.029208e-07      273.437      273.438
    1570.684      1020.691      0.78378      205.747      4.474506e-04       2.229725e-02       3.029208e-07      273.437      273.438
