[ER, ET, CPRT, GRT]  O.F.1  IT_1 IT_Force Force_Exp Force_FEMU 
    1297.657       548.382      1.02550      211.200      6.120482e-03       7.823351e-02       2.950434e-01      326.355      230.066
    6540.652       851.854      1.02550      211.200      4.978438e-03       7.055804e-02       2.421933e+00      326.355     1116.765
  -22156.987     -9363.413      4.98137      211.200      4.978438e-03       7.055804e-02       2.421933e+00      326.355     1116.765
    2124.846      4420.879      0.20829      211.200      3.163433e-03       5.624440e-02       1.003895e-01      326.355      359.117
    1297.657       548.382      1.02550     2730.272      1.422250e-02       1.192581e-01       2.676889e-01      326.355      238.993
    1951.020      1088.356      1.01605      551.126      7.206364e-03       8.489030e-02       8.192205e-02      326.355      353.091
    1787.279       947.968      1.01767       21.127      1.001131e-02       1.000565e-01       6.099992e-02      326.355      306.447
    4200.973      2343.469      0.39444      211.200      2.236238e-04       1.495405e-02       1.177980e+00      326.355      710.794
    -313.530      -344.472      1.01605      211.200      2.236238e-04       1.495405e-02       1.177980e+00      326.355      710.794
    1936.423      2127.528      0.39444      211.200      2.025312e-04       1.423134e-02       8.192606e-03      326.355      329.029
    1936.423      2127.528      0.39444     1118.606      4.987531e-04       2.233278e-02       1.365066e-02      326.355      330.810
     383.376       112.081      1.74130      575.813      4.987531e-04       2.233278e-02       1.365066e-02      326.355      330.810
    1719.154       935.163      0.90468      467.893      2.163927e-03       4.651803e-02       6.446290e-02      326.355      305.317
    2976.965      2262.723      0.39444      211.200      2.064195e-04       1.436731e-02       5.459088e-01      326.355      504.515
    1184.531      1301.432      0.66976      211.200      2.475279e-05       4.975217e-03       3.669204e-01      326.355      206.609
    1936.423      2127.528      0.39444      575.813      2.920191e-04       1.708857e-02       1.181710e-02      326.355      330.211
    2053.081      3186.840      0.27919      211.200      1.355312e-03       3.681457e-02       6.493160e-02      326.355      347.546
    1763.457      1049.328      0.79647      371.137      4.174326e-04       2.043117e-02       5.429704e-02      326.355      308.635
    1954.524      1520.284      0.59698      326.952      1.175222e-06       1.084076e-03       3.054614e-02      326.355      336.324
    2092.930      1608.221      0.63468       47.080      6.367170e-05       7.979455e-03       9.120563e-02      326.355      356.120
     539.374       624.714      0.78732      155.335      6.590080e-04       2.567115e-02       7.035569e-01      326.355       96.746
    2413.303      2010.126      0.47528      196.428      2.386682e-05       4.885367e-03       2.581778e-01      326.355      410.612
    1632.394      1106.352      0.85097      148.956      8.991554e-04       2.998592e-02       1.269770e-01      326.355      284.915
    1958.168      1899.722      0.48613      194.619      1.552428e-05       3.940086e-03       2.331574e-02      326.355      333.964
    1691.899      1847.207      0.48068      549.735      7.325393e-05       8.558851e-03       1.097855e-01      326.355      290.526
    1996.635      1668.618      0.59330      120.925      1.235083e-06       1.111343e-03       4.573257e-02      326.355      341.280
    2866.832      1909.133      0.40437      195.668      1.666257e-04       1.290836e-02       4.884797e-01      326.355      485.773
    1652.946      1596.761      0.60197      207.261      3.344394e-07       5.783060e-04       1.277691e-01      326.355      284.657
    1342.003      1265.812      0.67452      215.979      2.126260e-05       4.611138e-03       2.853773e-01      326.355      233.221
    1624.958      1482.653      0.61928      211.004      9.708600e-07       9.853213e-04       1.416324e-01      326.355      280.132
    1567.949      1221.689      0.74203      226.462      1.221368e-04       1.105155e-02       1.631463e-01      326.355      273.111
    1891.928      1738.709      0.54191      202.353      7.826797e-07       8.846918e-04       7.865884e-03      326.355      323.788
    1580.734      1509.444      0.58550      384.973      8.376235e-06       2.894172e-03       1.626894e-01      326.355      273.260
    1888.856      1629.601      0.59139      172.953      8.459584e-08       2.908536e-04       7.767617e-03      326.355      323.820
    1578.784      1687.463      0.58040      101.436      1.706895e-06       1.306481e-03       1.717176e-01      326.355      270.314
    1860.767      1570.337      0.59243      258.504      2.676135e-07       5.173137e-04       1.966708e-02      326.355      319.936
    2021.905      1783.403      0.54625      207.339      5.288551e-07       7.272240e-04       5.994803e-02      326.355      345.919
    1812.231      1554.055      0.62536      218.663      1.059659e-06       1.029397e-03       4.358845e-02      326.355      312.130
    1875.860      1694.174      0.56208      206.371      1.578016e-07       3.972424e-04       1.490451e-02      326.355      321.491
    1612.052      1457.860      0.63032      213.051      1.959641e-06       1.399871e-03       1.475915e-01      326.355      278.188
    1921.947      1705.552      0.56623      208.759      1.040229e-07       3.225257e-04       9.335715e-03      326.355      329.402
    2115.354      1672.553      0.55281      213.888      2.456428e-07       4.956224e-04       1.082990e-01      326.355      361.699
    2040.419      1787.110      0.54527      149.274      1.239418e-06       1.113291e-03       6.737026e-02      326.355      348.342
    1906.217      1624.057      0.58009      228.394      6.598229e-08       2.568702e-04       2.348885e-03      326.355      327.121
    1676.151      1625.955      0.59596      193.600      1.812130e-07       4.256896e-04       1.165247e-01      326.355      288.326
    1788.020      1648.519      0.58550      198.577      7.357642e-08       2.712491e-04       5.916446e-02      326.355      307.046
    1875.410      1610.769      0.59988      197.018      1.045495e-07       3.233411e-04       1.328489e-02      326.355      322.019
    1876.182      1631.734      0.59025      199.336      5.413937e-08       2.326786e-04       1.335972e-02      326.355      321.995
    1805.746      1562.144      0.60816      190.124      2.317842e-07       4.814395e-04       4.926024e-02      326.355      310.279
    1893.683      1669.905      0.57643      204.019      5.262368e-08       2.293985e-04       4.907989e-03      326.355      324.753
    1843.396      1658.826      0.57486      244.998      1.947399e-07       4.412933e-04       2.978186e-02      326.355      316.635
    1877.514      1636.907      0.58721      189.788      4.894007e-08       2.212240e-04       1.320834e-02      326.355      322.044
    1989.233      1628.179      0.58141      211.815      2.548612e-08       1.596431e-04       4.481992e-02      326.355      340.982
    2090.076      1611.158      0.57927      218.594      1.540171e-08       1.240999e-04       9.687983e-02      326.355      357.972
    1962.869      1654.753      0.58649      178.734      5.819867e-08       2.412438e-04       3.050412e-02      326.355      336.310
    1948.648      1647.059      0.58490      190.577      3.786408e-08       1.945868e-04       2.346163e-02      326.355      334.012
    2028.061      1650.830      0.57357      201.816      3.524802e-08       1.877435e-04       6.411662e-02      326.355      347.280
    2079.561      1603.336      0.58635      196.075      1.864057e-08       1.365274e-04       9.111752e-02      326.355      356.092
    2195.895      1610.285      0.57454      213.834      1.483393e-08       1.217852e-04       1.510440e-01      326.355      375.649
    2355.136      1582.706      0.56778      226.396      2.447228e-08       1.564188e-04       2.330647e-01      326.355      402.417
    2246.795      1581.277      0.57156      225.105      1.637007e-08       1.279333e-04       1.773156e-01      326.355      384.223
    2279.442      1549.609      0.58267      225.027      2.644506e-09       5.138787e-05       1.947615e-01      326.355      389.916
    2406.560      1492.641      0.58768      237.107      6.135563e-10       2.463240e-05       2.607873e-01      326.355      411.464
    2388.258      1538.290      0.56952      252.884      2.166594e-08       1.471722e-04       2.508063e-01      326.355      408.207
    2157.194      1590.751      0.58230      209.599      8.620366e-09       9.283664e-05       1.313355e-01      326.355      369.217
    2176.497      1573.776      0.59007      214.282      8.911558e-09       9.439038e-05       1.419113e-01      326.355      372.668
    2379.502      1520.362      0.58812      218.557      1.701297e-09       4.117310e-05       2.464246e-01      326.355      406.777
    2364.182      1481.554      0.60031      225.777      1.302889e-08       1.141191e-04       2.393583e-01      326.355      404.471
    2321.876      1513.945      0.59355      222.761      4.341192e-09       6.585193e-05       2.171443e-01      326.355      397.221
    2455.435      1481.190      0.58550      229.642      2.291036e-10       1.486435e-05       2.855662e-01      326.355      419.551
    2594.683      1426.623      0.58302      237.522      3.816143e-11       5.040090e-06       3.571964e-01      326.355      442.928
    2698.097      1373.685      0.59483      249.070      9.248157e-10       3.013121e-05       4.114076e-01      326.355      460.620
    2716.965      1386.723      0.58276      248.462      4.496658e-11       5.224327e-06       4.203925e-01      326.355      463.552
    2827.774      1311.858      0.58588      268.755      7.369492e-10       2.672288e-05       4.778774e-01      326.355      482.313
    2575.089      1439.849      0.57522      246.530      2.169277e-09       4.644614e-05       3.468966e-01      326.355      439.566
    2667.172      1390.203      0.58980      248.434      5.415642e-11       6.208015e-06       3.951831e-01      326.355      455.325
    2364.651      1528.262      0.58581      218.259      1.632887e-09       4.033848e-05       2.386339e-01      326.355      404.234
    2711.986      1369.708      0.58585      255.638      4.831790e-11       5.552964e-06       4.181207e-01      326.355      462.811
    2939.856      1282.017      0.58276      258.057      1.100512e-09       3.273965e-05       5.350459e-01      326.355      500.970
    2539.476      1444.950      0.58654      242.262      3.939943e-11       5.344387e-06       3.291954e-01      326.355      433.789
    2614.346      1424.872      0.57939      243.427      2.931310e-10       1.672251e-05       3.672695e-01      326.355      446.215
    2653.938      1398.853      0.58716      247.177      1.603496e-11       9.828362e-07       3.881880e-01      326.355      453.042
    2540.475      1458.353      0.58396      232.315      9.067064e-11       8.934530e-06       3.293146e-01      326.355      433.828
    2669.094      1392.342      0.58536      249.702      1.788649e-11       1.487009e-06       3.959204e-01      326.355      455.565
    2511.831      1443.154      0.58818      239.863      8.496972e-11       8.663178e-06       3.149454e-01      326.355      429.139
    2665.585      1401.557      0.58415      246.298      1.753528e-11       1.418659e-06       3.939885e-01      326.355      454.935
    2752.197      1362.715      0.58322      248.062      6.358603e-11       6.660550e-06       4.384417e-01      326.355      469.442
    2592.627      1425.215      0.58574      243.705      1.509825e-11       1.545636e-06       3.565005e-01      326.355      442.701
    2696.145      1382.279      0.58824      256.085      6.963362e-11       7.266805e-06       4.102092e-01      326.355      460.229
    2619.966      1415.633      0.58430      242.097      1.562069e-11       1.378594e-06       3.704075e-01      326.355      447.239
    2596.930      1428.178      0.58532      239.977      1.507159e-11       1.487320e-06       3.586011e-01      326.355      443.386
    2560.836      1445.709      0.58530      235.187      3.373989e-11       4.710065e-06       3.399291e-01      326.355      437.292
    2566.145      1431.973      0.58707      240.185      2.076202e-11       3.001177e-06       3.428551e-01      326.355      438.247
    2640.717      1409.346      0.58489      244.763      1.484878e-11       5.631933e-07       3.812033e-01      326.355      450.762
    2571.297      1440.212      0.58301      238.129      4.485239e-11       5.738833e-06       3.452272e-01      326.355      439.021
    2633.235      1409.266      0.58611      244.899      1.432522e-11       2.831474e-07       3.774261e-01      326.355      449.530
    2611.761      1420.433      0.58672      244.570      1.485692e-11       1.195292e-06       3.664451e-01      326.355      445.946
    2648.746      1408.338      0.58578      243.390      1.485768e-11       8.475871e-08       3.853634e-01      326.355      452.120
    2670.352      1395.345      0.58644      248.874      1.651101e-11       8.823201e-07       3.966424e-01      326.355      455.801
    2615.267      1420.049      0.58559      242.186      1.392914e-11       6.157415e-07       3.681033e-01      326.355      446.487
    2601.789      1421.164      0.58587      244.817      1.496121e-11       1.382459e-06       3.612481e-01      326.355      444.250
    2636.993      1411.575      0.58580      243.746      1.440928e-11       1.424826e-07       3.793281e-01      326.355      450.150
    2651.314      1404.597      0.58447      243.226      1.582125e-11       9.368743e-07       3.865685e-01      326.355      452.513
    2621.661      1416.514      0.58616      244.233      1.407462e-11       5.241167e-07       3.714825e-01      326.355      447.590
    2612.839      1419.311      0.58694      242.770      1.454041e-11       1.036734e-06       3.669550e-01      326.355      446.112
    2619.817      1416.841      0.58643      243.267      1.402943e-11       5.484797e-07       3.705212e-01      326.355      447.276
    2608.005      1419.732      0.58634      243.544      1.409342e-11       9.008693e-07       3.644429e-01      326.355      445.293
    2599.132      1427.246      0.58615      241.720      1.437163e-11       1.192847e-06       3.598436e-01      326.355      443.792
    2624.712      1413.783      0.58612      244.103      1.406353e-11       3.850051e-07       3.730321e-01      326.355      448.096
    2632.730      1413.838      0.58581      243.349      1.426808e-11       2.130063e-07       3.771301e-01      326.355      449.433
    2614.184      1418.268      0.58621      243.496      1.393844e-11       6.515251e-07       3.676134e-01      326.355      446.327
    2615.329      1417.958      0.58601      242.293      1.382962e-11       5.253163e-07       3.681530e-01      326.355      446.503
    2612.165      1418.679      0.58594      241.326      1.383583e-11       6.359319e-07       3.664890e-01      326.355      445.960
    2607.586      1422.761      0.58600      241.521      1.395044e-11       8.300634e-07       3.641625e-01      326.355      445.201
    2606.372      1422.676      0.58548      241.481      1.400726e-11       8.911816e-07       3.634976e-01      326.355      444.984
    2609.731      1421.218      0.58572      241.927      1.386243e-11       7.221323e-07       3.652527e-01      326.355      445.557
    2619.667      1415.977      0.58576      243.431      1.391590e-11       4.432952e-07       3.703969e-01      326.355      447.236
    2615.813      1419.335      0.58534      241.425      1.409590e-11       7.269939e-07       3.683392e-01      326.355      446.564
    2614.592      1418.535      0.58599      242.977      1.384893e-11       5.671128e-07       3.677950e-01      326.355      446.387
    2614.393      1416.798      0.58615      243.128      1.383406e-11       5.604071e-07       3.676956e-01      326.355      446.354
    2607.353      1421.269      0.58617      241.733      1.388869e-11       7.971472e-07       3.640501e-01      326.355      445.164
    2610.433      1419.950      0.58607      242.157      1.382073e-11       6.720725e-07       3.656371e-01      326.355      445.682
    2617.642      1415.402      0.58639      243.351      1.394759e-11       5.502993e-07       3.693881e-01      326.355      446.906
    2611.709      1419.765      0.58589      242.283      1.381275e-11       6.294275e-07       3.662864e-01      326.355      445.894
    2611.341      1418.701      0.58607      241.954      1.378708e-11       6.203212e-07       3.660913e-01      326.355      445.831
    2609.715      1418.783      0.58611      241.443      1.379706e-11       6.760693e-07       3.652395e-01      326.355      445.553
    2610.012      1421.388      0.58587      241.217      1.393670e-11       7.654223e-07       3.653879e-01      326.355      445.601
    2613.298      1417.946      0.58608      242.649      1.380310e-11       5.705061e-07       3.671188e-01      326.355      446.166
    2608.061      1420.220      0.58604      242.228      1.379877e-11       7.204180e-07       3.644142e-01      326.355      445.283
    2611.771      1418.367      0.58597      242.400      1.376781e-11       5.907002e-07       3.663179e-01      326.355      445.905
    2612.440      1417.575      0.58591      242.522      1.375404e-11       5.569726e-07       3.666581e-01      326.355      446.016
    2610.861      1417.458      0.58616      242.393      1.375561e-11       6.087944e-07       3.658549e-01      326.355      445.753
    2608.055      1419.030      0.58601      241.899      1.373677e-11       6.772719e-07       3.643909e-01      326.355      445.276
    2605.434      1419.571      0.58598      241.524      1.373210e-11       7.437821e-07       3.630274e-01      326.355      444.831
    2611.975      1416.432      0.58603      241.968      1.371169e-11       5.354687e-07       3.664009e-01      326.355      445.932
    2613.931      1414.536      0.58602      241.839      1.370773e-11       4.581678e-07       3.673936e-01      326.355      446.256
    2609.993      1415.871      0.58597      242.185      1.364840e-11       5.463117e-07       3.653758e-01      326.355      445.597
    2609.319      1414.457      0.58592      242.301      1.359599e-11       5.217086e-07       3.650179e-01      326.355      445.480
    2609.701      1415.614      0.58576      241.699      1.363612e-11       5.472525e-07       3.651936e-01      326.355      445.538
    2606.754      1414.517      0.58593      241.161      1.354818e-11       5.686522e-07       3.636594e-01      326.355      445.037
    2603.914      1412.990      0.58593      240.481      1.347903e-11       6.024581e-07       3.621612e-01      326.355      444.548
    2612.988      1409.222      0.58583      241.635      1.356937e-11       3.338238e-07       3.668505e-01      326.355      446.078
    2604.035      1411.607      0.58570      241.219      1.339641e-11       5.253922e-07       3.622205e-01      326.355      444.567
    2599.093      1410.143      0.58554      240.909      1.328119e-11       5.893006e-07       3.596375e-01      326.355      443.724
    2602.954      1407.798      0.58586      240.963      1.326050e-11       4.268638e-07       3.616392e-01      326.355      444.378
    2599.583      1403.897      0.58591      240.596      1.309012e-11       3.741366e-07       3.598631e-01      326.355      443.798
    2598.471      1403.676      0.58569      239.514      1.312395e-11       4.676701e-07       3.592385e-01      326.355      443.594
    2587.569      1406.122      0.58570      239.118      1.294935e-11       6.671682e-07       3.536134e-01      326.355      441.758
    2574.897      1404.563      0.58564      237.864      1.282961e-11       8.875231e-07       3.470146e-01      326.355      439.605
    2582.113      1398.173      0.58546      238.958      1.259703e-11       5.446792e-07       3.507186e-01      326.355      440.814
    2571.244      1390.791      0.58522      238.199      1.226525e-11       6.015104e-07       3.450135e-01      326.355      438.952
    2573.010      1391.347      0.58569      237.182      1.222597e-11       5.090970e-07       3.459304e-01      326.355      439.251
    2560.014      1381.994      0.58576      235.329      1.177961e-11       5.297578e-07       3.391012e-01      326.355      437.022
    2554.455      1386.946      0.58558      236.478      1.169304e-11       6.198011e-07       3.362868e-01      326.355      436.104
    2532.580      1378.612      0.58552      234.967      1.109469e-11       7.348323e-07       3.248802e-01      326.355      432.381
    2520.033      1374.128      0.58516      232.613      1.125964e-11       1.062990e-06       3.182718e-01      326.355      430.224
    2517.106      1358.366      0.58519      232.696      1.033163e-11       5.518888e-07       3.166552e-01      326.355      429.697
    2488.424      1335.523      0.58496      230.133      9.401845e-12       5.534263e-07       3.015885e-01      326.355      424.780
    2479.572      1344.424      0.58548      228.365      9.332220e-12       7.126110e-07       2.970590e-01      326.355      423.302
    2434.336      1321.527      0.58562      223.526      8.279037e-12       8.969528e-07       2.733956e-01      326.355      415.579
    2428.245      1323.014      0.58486      225.305      8.551962e-12       1.116978e-06       2.702651e-01      326.355      414.557
    2421.878      1305.452      0.58533      224.347      7.318148e-12       4.438236e-07       2.668552e-01      326.355      413.444
    2373.486      1271.737      0.58542      220.270      5.931295e-12       3.142513e-07       2.415066e-01      326.355      405.172
    2331.325      1248.624      0.58489      214.847      5.157642e-12       5.875867e-07       2.193715e-01      326.355      397.948
    2233.658      1185.938      0.58455      205.125      3.528465e-12       8.367746e-07       1.681747e-01      326.355      381.240
    2248.074      1215.793      0.58529      207.135      3.523607e-12       6.545139e-07       1.759323e-01      326.355      383.771
    2132.318      1157.980      0.58547      196.092      2.086031e-12       8.683247e-07       1.154142e-01      326.355      364.021
    2159.490      1146.943      0.58572      197.366      1.751886e-12       2.771163e-07       1.294254e-01      326.355      368.593
    2030.754      1063.443      0.58623      184.092      7.299382e-13       5.881347e-07       6.197062e-02      326.355      346.579
    1959.587      1024.844      0.58519      180.010      1.856954e-13       3.526594e-07       2.476424e-02      326.355      334.437
    1740.748       890.176      0.58498      160.023      2.950216e-12       1.464018e-06       8.982583e-02      326.355      297.040
    1819.973       953.677      0.58530      164.195      1.785500e-12       1.245804e-06       4.831887e-02      326.355      310.586
    1748.915       919.888      0.58671      158.230      1.714648e-12       9.928540e-07       8.537500e-02      326.355      298.492
    1658.185       833.929      0.58636      148.493      7.794691e-12       2.453910e-06       1.331547e-01      326.355      282.899
    2008.517      1072.260      0.58565      183.570      4.406081e-13       4.307922e-07       5.050012e-02      326.355      342.836
    2054.138      1086.873      0.58652      188.855      5.665867e-13       1.159675e-07       7.437326e-02      326.355      350.627
    2295.287      1213.580      0.58523      211.974      4.081299e-12       2.518195e-07       2.004466e-01      326.355      391.772
    1878.757       989.567      0.58628      170.928      1.919134e-13       4.018091e-07       1.745362e-02      326.355      320.659
    1919.470      1022.816      0.58559      177.501      1.742687e-14       1.258911e-07       3.972798e-03      326.355      327.651
    1864.950      1002.757      0.58527      174.250      5.815588e-13       7.223672e-07       2.444265e-02      326.355      318.378
    1831.564       969.140      0.58478      167.413      7.150595e-13       7.330678e-07       4.215105e-02      326.355      312.599
    1997.335      1056.819      0.58610      183.373      2.004995e-13       3.572055e-08       4.463446e-02      326.355      340.922
    1869.750       975.588      0.58595      172.365      8.566239e-14       1.909954e-07       2.217727e-02      326.355      319.117
    1818.168       950.754      0.58538      167.178      3.051379e-13       2.515782e-07       4.917787e-02      326.355      310.305
    1951.784      1029.792      0.58593      179.254      4.342571e-14       1.527401e-08       2.078279e-02      326.355      333.137
    1971.784      1037.013      0.58505      183.727      9.365194e-13       9.158825e-07       3.125358e-02      326.355      336.555
    1901.810      1001.327      0.58597      174.084      8.928351e-15       7.765318e-08       5.383618e-03      326.355      324.598
    1862.187       989.832      0.58654      171.621      9.023112e-14       1.508240e-07       2.597754e-02      326.355      317.877
    1886.320       998.542      0.58620      173.699      1.834882e-14       1.951381e-08       1.340449e-02      326.355      321.980
    1960.263      1051.196      0.58590      179.929      1.675162e-13       3.214787e-07       2.533134e-02      326.355      334.622
    1892.203       994.255      0.58593      174.241      1.198397e-14       3.440144e-08       1.039255e-02      326.355      322.963
    1848.763       978.943      0.58592      170.557      1.094285e-13       1.404420e-08       3.305016e-02      326.355      315.569
    1925.774      1016.962      0.58592      177.059      5.209225e-15       6.088551e-09       7.191769e-03      326.355      328.702
    1933.407      1019.131      0.58552      177.748      2.191828e-14       9.739729e-08       1.114991e-02      326.355      329.994
    1898.040      1003.671      0.58602      174.707      5.320845e-15       1.462733e-09       7.292945e-03      326.355      323.975
    1889.438       985.397      0.58634      172.559      6.105736e-14       2.164793e-07       1.191389e-02      326.355      322.467
    1911.949      1013.410      0.58578      176.258      7.001973e-16       2.646118e-08       5.738982e-06      326.355      326.353
    1926.622      1023.505      0.58591      176.814      1.389259e-14       8.951481e-08       7.667913e-03      326.355      328.857
    1900.783      1001.532      0.58593      174.882      3.528096e-15       7.621171e-09       5.890683e-03      326.355      324.432
    1916.444      1016.465      0.58586      177.374      6.568128e-15       7.748542e-08       2.375158e-03      326.355      327.130
    1912.782      1012.672      0.58588      176.549      4.903337e-16       2.171530e-08       4.333532e-04      326.355      326.496
    1927.641      1018.629      0.58573      177.672      7.665511e-15       3.130547e-08       8.176478e-03      326.355      329.023
    1905.419      1007.400      0.58595      175.446      1.182785e-15       1.366462e-09       3.436448e-03      326.355      325.233
    1889.770      1000.568      0.58584      174.512      1.452162e-14       3.259691e-08       1.160132e-02      326.355      322.569
    1916.742      1012.851      0.58590      176.421      6.266781e-16       3.595277e-09       2.477402e-03      326.355      327.163
    1922.685      1021.675      0.58583      177.459      4.639821e-15       3.824384e-08       5.636692e-03      326.355      328.194
    1906.249      1006.552      0.58590      175.525      9.274559e-16       4.361600e-09       3.014021e-03      326.355      325.371
    1918.449      1015.346      0.58578      176.932      1.786295e-15       2.529455e-08       3.385972e-03      326.355      327.460
    1908.673      1009.384      0.58591      175.817      3.185210e-16       4.267276e-09       1.732949e-03      326.355      325.789
    1918.831      1017.619      0.58583      176.999      1.858625e-15       2.366245e-08       3.603767e-03      326.355      327.531
    1909.391      1009.314      0.58589      175.893      2.217260e-16       6.034042e-09       1.361310e-03      326.355      325.911
    1911.841      1008.700      0.58602      176.081      1.287111e-17       3.478560e-09       8.779140e-05      326.355      326.326
    1911.786      1006.347      0.58614      175.992      3.357479e-16       1.827758e-08       1.295316e-04      326.355      326.313
    1904.610      1007.187      0.58594      175.749      1.744117e-15       1.624975e-08       3.847158e-03      326.355      325.099
    1913.706      1011.434      0.58591      176.253      9.130637e-17       3.361640e-09       8.944593e-04      326.355      326.647
    1909.023      1006.747      0.58598      175.473      2.786029e-16       5.453641e-09       1.577532e-03      326.355      325.840
    1913.308      1008.711      0.58599      176.033      5.401933e-17       3.089274e-09       6.669011e-04      326.355      326.573
    1915.102      1012.336      0.58592      176.657      4.561724e-16       1.374768e-08       1.634545e-03      326.355      326.888
    1910.542      1008.143      0.58596      175.769      6.292336e-17       1.694570e-09       7.749309e-04      326.355      326.102
    1915.309      1009.179      0.58606      176.175      3.254691e-16       5.706319e-09       1.711453e-03      326.355      326.913
    1910.870      1009.280      0.58593      175.963      4.163908e-17       2.533027e-09       5.934885e-04      326.355      326.161
    1909.575      1005.987      0.58604      175.670      2.005343e-16       5.865680e-09       1.288907e-03      326.355      325.934
    1912.673      1010.071      0.58594      176.107      1.482875e-17       1.638222e-09       3.484964e-04      326.355      326.469
    1913.805      1010.239      0.58597      176.323      1.073871e-16       4.311211e-09       9.423406e-04      326.355      326.662
    1911.357      1008.667      0.58597      175.907      1.359858e-17       1.282080e-09       3.457578e-04      326.355      326.242
    1910.063      1009.647      0.58594      175.996      1.142519e-16       3.611014e-09       1.006044e-03      326.355      326.027
    1912.497      1008.945      0.58598      176.024      9.368998e-18       1.785566e-09       2.486112e-04      326.355      326.436
    1913.315      1008.911      0.58602      176.096      5.362406e-17       2.829523e-09       6.754100e-04      326.355      326.575
    1911.481      1009.188      0.58595      175.996      1.036821e-17       1.653232e-09       2.763157e-04      326.355      326.265
    1910.915      1007.680      0.58601      175.897      4.207809e-17       2.923417e-09       5.790658e-04      326.355      326.166
    1912.233      1009.473      0.58596      176.054      3.256978e-18       1.377577e-09       1.165873e-04      326.355      326.393
    1912.669      1009.487      0.58599      176.170      2.044273e-17       2.906030e-09       3.463771e-04      326.355      326.468
    1911.685      1008.872      0.58597      175.973      4.684683e-18       1.304232e-09       1.727328e-04      326.355      326.299
    1912.107      1009.539      0.58591      175.943      1.138791e-17       3.343340e-09       4.582429e-05      326.355      326.370
    1912.040      1009.329      0.58594      175.977      3.500382e-18       1.866786e-09       1.244725e-05      326.355      326.359
    1912.747      1009.121      0.58597      176.018      1.704571e-17       1.642619e-09       3.787811e-04      326.355      326.479
    1911.797      1009.171      0.58596      176.002      3.476287e-18       1.486408e-09       1.125557e-04      326.355      326.318
    1911.382      1009.477      0.58594      175.980      1.352350e-17       1.687583e-09       3.267348e-04      326.355      326.248
    1912.218      1009.078      0.58597      176.013      3.357387e-18       1.503134e-09       1.047843e-04      326.355      326.389
    1912.459      1009.654      0.58594      176.050      8.752263e-18       1.817824e-09       2.334048e-04      326.355      326.431
    1911.879      1009.067      0.58596      175.992      2.346061e-18       1.356048e-09       7.121760e-05      326.355      326.332
    1912.023      1009.066      0.58598      176.053      2.946647e-18       1.715396e-09       6.373407e-06      326.355      326.357
    1912.379      1009.171      0.58598      176.054      5.770146e-18       1.459293e-09       1.908038e-04      326.355      326.417
    1911.943      1009.171      0.58596      176.015      2.168386e-18       1.426028e-09       3.671919e-05      326.355      326.343
    1911.821      1009.310      0.58597      176.045      3.069412e-18       1.457276e-09       9.725010e-05      326.355      326.323
    1911.600      1008.834      0.58598      175.998      7.020756e-18       1.534908e-09       2.159818e-04      326.355      326.284
    1912.075      1009.313      0.58597      176.040      1.987196e-18       1.369409e-09       3.345356e-05      326.355      326.366
    1912.139      1008.999      0.58597      176.006      2.738545e-18       1.529458e-09       6.319047e-05      326.355      326.376
    1911.994      1009.209      0.58595      175.973      2.988200e-18       1.724457e-09       1.201983e-05      326.355      326.351
    1912.016      1009.102      0.58598      176.033      2.191291e-18       1.480196e-09       1.762801e-06      326.355      326.355
    1911.818      1009.328      0.58596      176.035      2.932942e-18       1.393489e-09       9.955547e-05      326.355      326.322
    1912.058      1009.081      0.58597      176.013      2.115612e-18       1.436997e-09       2.250596e-05      326.355      326.362
    1912.167      1009.266      0.58597      176.058      3.051071e-18       1.543769e-09       8.172190e-05      326.355      326.382
    1911.951      1009.117      0.58597      176.009      1.990336e-18       1.371694e-09       3.298355e-05      326.355      326.344
    1911.998      1009.240      0.58596      176.005      2.094851e-18       1.444767e-09       8.659601e-06      326.355      326.352
    1912.098      1009.204      0.58596      176.019      2.003447e-18       1.345703e-09       4.387839e-05      326.355      326.369
    1912.002      1009.356      0.58596      176.024      1.844648e-18       1.357369e-09       4.688606e-06      326.355      326.353
    1911.974      1009.494      0.58595      176.029      1.868311e-18       1.354637e-09       1.823981e-05      326.355      326.349
    1912.066      1009.256      0.58597      176.041      1.908136e-18       1.351706e-09       2.846545e-05      326.355      326.364
    1911.949      1009.317      0.58597      176.038      1.981843e-18       1.371554e-09       3.173062e-05      326.355      326.345
    1912.095      1009.504      0.58596      176.062      2.105533e-18       1.377017e-09       4.575560e-05      326.355      326.370
    1911.987      1009.214      0.58597      176.022      1.813178e-18       1.339973e-09       1.328559e-05      326.355      326.351
    1911.927      1009.258      0.58596      176.022      1.869550e-18       1.294424e-09       4.404730e-05      326.355      326.341
    1912.042      1009.225      0.58596      176.016      1.737435e-18       1.309610e-09       1.495184e-05      326.355      326.360
    1912.089      1009.179      0.58596      176.005      1.845731e-18       1.303348e-09       3.834257e-05      326.355      326.367
    1911.913      1009.271      0.58596      176.001      2.205672e-18       1.391052e-09       5.202382e-05      326.355      326.338
    1912.028      1009.259      0.58597      176.031      1.766484e-18       1.326470e-09       8.342487e-06      326.355      326.358
    1912.103      1009.269      0.58596      176.025      2.030914e-18       1.346295e-09       4.673380e-05      326.355      326.370
    1911.971      1009.261      0.58596      176.023      1.785562e-18       1.319038e-09       2.137755e-05      326.355      326.348
    1912.011      1009.123      0.58597      176.022      1.833607e-18       1.354069e-09       1.021291e-06      326.355      326.355
    1912.009      1009.181      0.58597      176.023      1.743601e-18       1.320316e-09       1.912933e-06      326.355      326.354
    1912.038      1009.249      0.58597      176.024      1.605006e-18       1.259848e-09       1.333750e-05      326.355      326.359
    1912.063      1009.267      0.58597      176.025      1.595373e-18       1.234702e-09       2.662417e-05      326.355      326.364
    1912.100      1009.206      0.58597      176.024      1.873987e-18       1.291616e-09       4.535593e-05      326.355      326.370
    1912.003      1009.247      0.58597      176.023      1.658450e-18       1.286966e-09       4.656729e-06      326.355      326.353
    1912.031      1009.201      0.58597      176.012      1.588057e-18       1.256848e-09       9.160447e-06      326.355      326.358
    1912.033      1009.172      0.58597      176.003      1.591314e-18       1.257857e-09       9.544569e-06      326.355      326.358
    1912.061      1009.289      0.58596      176.016      1.562802e-18       1.224913e-09       2.497794e-05      326.355      326.363
    1912.086      1009.342      0.58596      176.012      1.687243e-18       1.240964e-09       3.837333e-05      326.355      326.367
    1912.037      1009.277      0.58597      176.022      1.493685e-18       1.215176e-09       1.305107e-05      326.355      326.359
    1912.035      1009.303      0.58597      176.024      1.387952e-18       1.171884e-09       1.210017e-05      326.355      326.359
    1912.092      1009.283      0.58597      176.015      1.484600e-18       1.146981e-09       4.111375e-05      326.355      326.368
    1912.046      1009.270      0.58596      176.009      1.397562e-18       1.169822e-09       1.705198e-05      326.355      326.360
    1912.085      1009.372      0.58596      176.020      1.358880e-18       1.100435e-09       3.846068e-05      326.355      326.367
    1912.112      1009.457      0.58596      176.024      1.354330e-18       1.035500e-09       5.311029e-05      326.355      326.372
    1912.082      1009.368      0.58597      176.021      1.191705e-18       1.028076e-09       3.671041e-05      326.355      326.367
    1912.092      1009.408      0.58597      176.023      1.014162e-18       9.123952e-10       4.262592e-05      326.355      326.369
    1912.051      1009.436      0.58597      176.025      1.031792e-18       9.931233e-10       2.133017e-05      326.355      326.362
    1912.099      1009.532      0.58597      176.039      1.054563e-18       9.103061e-10       4.752955e-05      326.355      326.370
    1912.143      1009.614      0.58597      176.031      1.096284e-18       7.768784e-10       7.019570e-05      326.355      326.378
    1912.080      1009.538      0.58597      176.035      7.445852e-19       7.760339e-10       3.773017e-05      326.355      326.367
    1912.064      1009.579      0.58598      176.041      5.667886e-19       6.903266e-10       3.003961e-05      326.355      326.365
    1912.010      1009.364      0.58597      176.033      9.687966e-19       9.842568e-10       5.922589e-07      326.355      326.355
    1912.009      1009.362      0.58597      176.022      7.894762e-19       8.885193e-10       3.092066e-07      326.355      326.355
    1912.037      1009.420      0.58598      176.035      6.403386e-19       7.857967e-10       1.512026e-05      326.355      326.360
    1911.968      1009.454      0.58598      176.043      7.045025e-19       8.154654e-10       1.987932e-05      326.355      326.348
    1912.029      1009.543      0.58598      176.037      3.746701e-19       6.003894e-10       1.191752e-05      326.355      326.359
    1912.038      1009.632      0.58599      176.040      2.418089e-19       4.592493e-10       1.757811e-05      326.355      326.361
    1912.044      1009.681      0.58599      176.057      3.931359e-19       5.882189e-10       2.171046e-05      326.355      326.362
    1912.123      1009.702      0.58599      176.044      5.741338e-19       4.344371e-10       6.208045e-05      326.355      326.375
    1912.097      1009.877      0.58599      176.056      3.842490e-19       3.587316e-10       5.055301e-05      326.355      326.371
    1911.998      1009.682      0.58599      176.053      3.505472e-19       5.916660e-10       2.187327e-06      326.355      326.354
    1912.025      1009.858      0.58600      176.061      2.343047e-19       4.639376e-10       1.380817e-05      326.355      326.359
    1912.005      1009.997      0.58602      176.072      3.885134e-19       6.207106e-10       5.684901e-06      326.355      326.357
    1912.035      1009.844      0.58599      176.048      1.322554e-19       3.147601e-10       1.821578e-05      326.355      326.361
    1912.031      1009.926      0.58600      176.044      7.476024e-20       2.186491e-10       1.641731e-05      326.355      326.360
    1911.948      1009.672      0.58600      176.043      2.843855e-19       4.554374e-10       2.774208e-05      326.355      326.346
    1912.023      1009.862      0.58600      176.041      7.097397e-20       2.366113e-10       1.224297e-05      326.355      326.359
    1912.035      1009.951      0.58601      176.035      7.003051e-20       1.799199e-10       1.940601e-05      326.355      326.361
    1912.116      1010.012      0.58600      176.047      4.001828e-19       1.533438e-10       6.137333e-05      326.355      326.375
    1911.990      1009.757      0.58600      176.044      1.315222e-19       3.585031e-10       5.475161e-06      326.355      326.353
    1912.003      1010.114      0.58602      176.052      1.052769e-19       3.213432e-10       4.489321e-06      326.355      326.356
    1912.005      1010.016      0.58601      176.026      8.123357e-21       8.246488e-11       3.637171e-06      326.355      326.356
    1911.995      1010.096      0.58601      176.009      1.529968e-21       3.622972e-11       1.474366e-06      326.355      326.354
    1912.041      1010.286      0.58602      176.026      9.192967e-20       1.732081e-10       2.488546e-05      326.355      326.363
    1912.048      1010.016      0.58600      176.004      6.327850e-20       4.217309e-13       2.515518e-05      326.355      326.363
    1912.013      1009.708      0.58599      176.020      4.491340e-20       2.062945e-10       4.853857e-06      326.355      326.356
    1912.015      1009.960      0.58601      175.990      8.514848e-21       5.331605e-11       7.531432e-06      326.355      326.357
    1912.000      1009.938      0.58599      175.976      3.911293e-21       6.102244e-11       1.369507e-06      326.355      326.354
    1911.963      1009.835      0.58600      175.993      4.176114e-20       1.796022e-11       2.035647e-05      326.355      326.348
    1911.973      1010.206      0.58602      175.964      1.264331e-19       3.322188e-10       1.267431e-05      326.355      326.351
    1912.003      1009.833      0.58600      176.006      1.868490e-21       4.296311e-11       4.760413e-07      326.355      326.355
    1912.043      1010.078      0.58600      175.997      5.304518e-20       1.770535e-11       2.296338e-05      326.355      326.362
    1911.983      1009.896      0.58600      175.994      9.182749e-21       7.782811e-12       9.551009e-06      326.355      326.352
    1912.023      1010.017      0.58600      175.996      1.471390e-20       7.119520e-12       1.210918e-05      326.355      326.359
    1911.993      1009.926      0.58600      175.995      1.723177e-21       6.589092e-12       4.098489e-06      326.355      326.354
    1911.981      1009.937      0.58599      176.003      1.378373e-20       4.631596e-11       1.078822e-05      326.355      326.351
    1912.006      1009.954      0.58601      175.993      1.160719e-21       1.680148e-11       2.963831e-06      326.355      326.356
    1911.998      1009.966      0.58601      176.025      2.154100e-20       1.467316e-10       3.292866e-07      326.355      326.355
    1912.000      1009.945      0.58600      175.989      2.024679e-22       1.064059e-11       9.447001e-07      326.355      326.355
    1911.994      1010.128      0.58601      175.987      8.717455e-21       9.060063e-11       2.256061e-06      326.355      326.354
    1912.001      1009.906      0.58600      176.001      1.012976e-22       9.853377e-12       2.051481e-07      326.355      326.355
    1912.007      1010.024      0.58600      176.001      1.866893e-21       6.697279e-12       4.268535e-06      326.355      326.356
    1911.997      1009.951      0.58600      175.996      4.303696e-22       4.766244e-12       2.019041e-06      326.355      326.354
    1912.007      1009.783      0.58600      175.981      3.094422e-21       5.398294e-11       1.342623e-06      326.355      326.355
    1911.998      1010.017      0.58601      176.002      1.629375e-22       1.019141e-11       7.685878e-07      326.355      326.355
    1911.991      1009.956      0.58600      176.001      2.448866e-21       3.945758e-12       4.932846e-06      326.355      326.353
    1912.002      1009.954      0.58600      175.995      1.602405e-22       7.892879e-12       9.896613e-07      326.355      326.355
    1912.004      1009.961      0.58600      175.997      2.370438e-22       1.716792e-12       1.530021e-06      326.355      326.355
    1912.002      1009.958      0.58600      175.997      5.236392e-23       2.787889e-12       6.677694e-07      326.355      326.355
    1912.002      1009.973      0.58601      176.009      1.002704e-21       2.893402e-11       1.286571e-06      326.355      326.355
    1912.000      1009.952      0.58600      175.994      2.817456e-23       3.633835e-12       3.869083e-07      326.355      326.355
    1912.005      1009.868      0.58600      175.992      3.934882e-22       1.498268e-11       1.300029e-06      326.355      326.355
    1911.999      1009.980      0.58600      175.999      4.263217e-23       6.126086e-12       2.259035e-07      326.355      326.355
    1911.999      1009.944      0.58600      176.000      1.235390e-22       3.172035e-12       1.065257e-06      326.355      326.355
    1912.000      1009.947      0.58600      175.999      3.698864e-23       2.568714e-12       5.512744e-07      326.355      326.355
    1912.000      1010.012      0.58600      175.993      8.372398e-23       9.139721e-12       4.352991e-08      326.355      326.355
    1912.000      1009.986      0.58600      175.995      1.216408e-23       3.313587e-12       1.088220e-07      326.355      326.355
    1911.998      1009.974      0.58600      175.997      1.748394e-22       2.191558e-12       1.303980e-06      326.355      326.354
    1912.001      1009.962      0.58600      175.997      9.745804e-24       2.588151e-12       1.745646e-07      326.355      326.355
    1912.001      1009.943      0.58600      175.993      2.849843e-23       4.908893e-12       2.097903e-07      326.355      326.355
    1912.001      1009.975      0.58600      175.990      7.443758e-23       8.139624e-12       2.860788e-07      326.355      326.355
    1912.000      1009.954      0.58600      175.997      1.544527e-23       1.939605e-12       3.418070e-07      326.355      326.355
    1912.000      1009.984      0.58600      175.998      3.958622e-23       6.173470e-12       1.214285e-07      326.355      326.355
    1912.001      1009.953      0.58600      175.994      1.235984e-23       2.890389e-12       2.001373e-07      326.355      326.355
    1912.001      1009.976      0.58600      175.998      6.697759e-24       1.918435e-12       1.737057e-07      326.355      326.355
    1912.001      1009.987      0.58600      176.000      2.097508e-23       1.601249e-12       4.290814e-07      326.355      326.355
    1912.001      1009.985      0.58600      175.995      2.374259e-23       3.261742e-12       3.619894e-07      326.355      326.355
    1912.000      1009.962      0.58600      175.996      6.040844e-24       1.690324e-12       1.784278e-07      326.355      326.355
    1912.000      1009.989      0.58600      175.999      1.615687e-23       3.451476e-12       2.060141e-07      326.355      326.355
    1912.001      1009.962      0.58600      175.995      5.261586e-24       2.126382e-12       8.602813e-08      326.355      326.355
    1912.001      1009.945      0.58600      175.998      8.844623e-24       2.565278e-12       1.504650e-07      326.355      326.355
    1912.000      1009.960      0.58600      175.997      3.890256e-24       1.564553e-12       1.201012e-07      326.355      326.355
    1912.000      1009.959      0.58600      175.997      1.033433e-23       1.337036e-12       2.923468e-07      326.355      326.355
    1912.000      1009.985      0.58600      175.995      1.509839e-23       3.122402e-12       2.312789e-07      326.355      326.355
    1912.001      1009.955      0.58600      175.997      3.468584e-24       1.813382e-12       4.245348e-08      326.355      326.355
    1912.000      1009.944      0.58600      175.995      1.974698e-23       2.804029e-12       3.447376e-07      326.355      326.355
    1912.001      1009.968      0.58600      175.997      1.559223e-24       1.233865e-12       1.918341e-08      326.355      326.355
    1912.001      1009.961      0.58600      175.997      3.458727e-24       1.526689e-12       1.062049e-07      326.355      326.355
    1912.001      1009.959      0.58600      175.999      3.807641e-24       1.610628e-12       1.101598e-07      326.355      326.355
    1912.001      1009.961      0.58600      175.998      8.704844e-24       1.406308e-12       2.593673e-07      326.355      326.355
    1912.001      1009.960      0.58600      175.997      2.326989e-24       1.503970e-12       2.550751e-08      326.355      326.355
    1912.001      1009.963      0.58600      175.996      4.339715e-24       2.046386e-12       3.898946e-08      326.355      326.355
    1912.001      1009.960      0.58600      175.998      2.693735e-24       1.470044e-12       7.298680e-08      326.355      326.355
    1912.001      1009.970      0.58600      175.998      1.365939e-24       1.083826e-12       4.373337e-08      326.355      326.355
    1912.000      1009.977      0.58600      175.998      9.318946e-25       8.573798e-13       4.436152e-08      326.355      326.355
    1912.000      1009.972      0.58600      175.998      1.131300e-24       9.351783e-13       5.066969e-08      326.355      326.355
    1912.000      1009.978      0.58600      175.997      1.697850e-24       1.035851e-12       7.904830e-08      326.355      326.355
    1912.000      1009.987      0.58600      175.998      3.663787e-24       1.867590e-12       4.193993e-08      326.355      326.355
    1912.000      1009.967      0.58600      175.998      1.487536e-24       1.201959e-12       2.069588e-08      326.355      326.355
    1912.001      1009.963      0.58600      175.998      2.224110e-24       1.288274e-12       7.513048e-08      326.355      326.355
    1912.000      1009.974      0.58600      175.997      1.176719e-24       1.005792e-12       4.063276e-08      326.355      326.355
    1912.000      1009.977      0.58600      175.998      8.724160e-25       7.691938e-13       5.298649e-08      326.355      326.355
    1912.000      1009.982      0.58600      175.999      2.009277e-24       2.832158e-13       1.388908e-07      326.355      326.355
    1912.000      1009.983      0.58600      175.998      5.072849e-25       6.516462e-13       2.874754e-08      326.355      326.355
    1912.000      1009.991      0.58600      175.998      3.853972e-25       5.272674e-13       3.276985e-08      326.355      326.355
    1912.000      1009.984      0.58600      175.999      2.918483e-25       5.377599e-13       5.160027e-09      326.355      326.355
    1912.000      1009.989      0.58600      176.000      1.516866e-25       9.707276e-14       3.771784e-08      326.355      326.355
    1912.000      1009.995      0.58600      175.999      2.929662e-26       1.015010e-13       1.378193e-08      326.355      326.355
    1912.000      1010.007      0.58600      175.999      1.156938e-25       1.643966e-13       2.977709e-08      326.355      326.355
    1912.000      1010.000      0.58600      176.000      1.271111e-24       2.693470e-15       1.127432e-07      326.355      326.355
    1912.000      1009.983      0.58600      175.998      4.449266e-25       6.435785e-13       1.753092e-08      326.355      326.355
    1912.000      1010.002      0.58600      176.000      6.539427e-25       4.195298e-13       6.913302e-08      326.355      326.355
    1912.000      1009.996      0.58600      175.999      3.263894e-25       4.200318e-13       3.872502e-08      326.355      326.355
    1912.000      1010.003      0.58600      176.000      1.608173e-25       1.744856e-14       4.006405e-08      326.355      326.355
    1912.000      1010.000      0.58600      176.000      9.938602e-26       4.848594e-15       3.152182e-08      326.355      326.355
    1912.000      1009.998      0.58600      176.000      3.707366e-26       6.151087e-15       1.924469e-08      326.355      326.355
    1912.000      1009.988      0.58600      176.000      5.301461e-26       1.058187e-13       2.044921e-08      326.355      326.355
    1912.000      1010.002      0.58600      176.000      2.227788e-25       1.508686e-14       4.717533e-08      326.355      326.355
    1912.000      1009.992      0.58600      176.000      2.894070e-26       4.644725e-14       1.636562e-08      326.355      326.355
    1912.000      1009.987      0.58600      175.999      2.342391e-25       1.584363e-13       4.573150e-08      326.355      326.355
    1912.000      1009.997      0.58600      176.000      1.465050e-26       7.392905e-15       1.208133e-08      326.355      326.355
    1912.000      1010.003      0.58600      176.000      1.558030e-25       2.926093e-14       3.936328e-08      326.355      326.355
    1912.000      1009.992      0.58600      176.000      5.841280e-27       4.876056e-14       5.885311e-09      326.355      326.355
    1912.000      1009.990      0.58600      175.999      3.059505e-26       1.155389e-13       1.313233e-08      326.355      326.355
    1912.000      1009.992      0.58600      175.999      6.630419e-27       6.582920e-14       4.792635e-09      326.355      326.355
    1912.000      1009.991      0.58600      176.000      4.069444e-26       1.130854e-13       1.670513e-08      326.355      326.355
    1912.000      1009.994      0.58600      175.999      6.322802e-27       5.026083e-14       6.161697e-09      326.355      326.355
    1912.000      1009.996      0.58600      175.999      6.224187e-26       3.874913e-14       2.464556e-08      326.355      326.355
    1912.000      1009.993      0.58600      176.000      5.505613e-27       3.816322e-14       6.363318e-09      326.355      326.355
    1912.000      1009.989      0.58600      175.999      3.307151e-26       1.271175e-13       1.300486e-08      326.355      326.355
    1912.000      1009.995      0.58600      176.000      4.114645e-27       2.117225e-14       6.055065e-09      326.355      326.355
    1912.000      1009.995      0.58600      176.000      3.216340e-27       1.900773e-14       5.343263e-09      326.355      326.355
    1912.000      1009.997      0.58600      176.000      1.166149e-26       1.802731e-14       1.064730e-08      326.355      326.355
    1912.000      1009.993      0.58600      176.000      6.530387e-27       5.386796e-14       6.023810e-09      326.355      326.355
    1912.000      1009.994      0.58600      175.999      2.019854e-27       3.466266e-14       2.860690e-09      326.355      326.355
    1912.000      1009.997      0.58600      176.000      1.041995e-26       1.340964e-14       1.011935e-08      326.355      326.355
    1912.000      1009.993      0.58600      176.000      1.720507e-27       3.638939e-14       1.990778e-09      326.355      326.355
    1912.000      1009.996      0.58600      176.000      3.594598e-27       1.611006e-14       5.775002e-09      326.355      326.355
    1912.000      1009.994      0.58600      176.000      4.731519e-27       2.811415e-14       6.277829e-09      326.355      326.355
    1912.000      1009.995      0.58600      176.000      1.326638e-27       2.276884e-14       2.842917e-09      326.355      326.355
    1912.000      1009.993      0.58600      176.000      7.490785e-27       3.929970e-14       7.711237e-09      326.355      326.355
    1912.000      1009.995      0.58600      176.000      9.521742e-28       2.091261e-14       2.269002e-09      326.355      326.355
    1912.000      1009.993      0.58600      175.999      7.185748e-27       4.469921e-14       7.202589e-09      326.355      326.355
    1912.000      1009.995      0.58600      176.000      8.726094e-28       2.226674e-14       1.941138e-09      326.355      326.355
    1912.000      1009.995      0.58600      176.000      3.532444e-27       2.382540e-14       5.444993e-09      326.355      326.355
    1912.000      1009.994      0.58600      176.000      8.921476e-28       2.885676e-14       7.709399e-10      326.355      326.355
    1912.000      1009.996      0.58600      176.000      2.639972e-28       1.406286e-14       8.138380e-10      326.355      326.355
    1912.000      1009.998      0.58600      176.000      3.519793e-28       8.256406e-15       1.684669e-09      326.355      326.355
    1912.000      1009.995      0.58600      176.000      1.769161e-27       1.916026e-14       3.744390e-09      326.355      326.355
    1912.000      1009.995      0.58600      176.000      6.217303e-28       2.179656e-14       1.210952e-09      326.355      326.355
    1912.000      1009.995      0.58600      176.000      1.827323e-27       2.141446e-14       3.699654e-09      326.355      326.355
    1912.000      1009.995      0.58600      176.000      5.494357e-28       2.100518e-14       1.040279e-09      326.355      326.355
    1912.000      1009.996      0.58600      176.000      2.161993e-28       1.231067e-14       8.040326e-10      326.355      326.355
    1912.000      1009.997      0.58600      176.000      2.358215e-28       7.620781e-15       1.333211e-09      326.355      326.355
    1912.000      1009.996      0.58600      176.000      1.282959e-27       1.306610e-14       3.335020e-09      326.355      326.355
    1912.000      1009.995      0.58600      176.000      4.496205e-28       1.932525e-14       8.726697e-10      326.355      326.355
    1912.000      1009.996      0.58600      176.000      3.263462e-28       1.153600e-14       1.390204e-09      326.355      326.355
    1912.000      1009.997      0.58600      176.000      4.369367e-28       8.377258e-15       1.915093e-09      326.355      326.355
    1912.000      1009.997      0.58600      176.000      9.156806e-29       5.476145e-15       7.847286e-10      326.355      326.355
    1912.000      1009.999      0.58600      176.000      9.753860e-29       1.898841e-15       9.691904e-10      326.355      326.355
    1912.000      1009.996      0.58600      176.000      2.338815e-28       1.271961e-14       8.490756e-10      326.355      326.355
    1912.000      1009.997      0.58600      176.000      2.973873e-28       9.983229e-15       1.406138e-09      326.355      326.355
    1912.000      1009.997      0.58600      176.000      1.770737e-28       1.029147e-14       8.435603e-10      326.355      326.355
    1912.000      1009.997      0.58600      176.000      2.434395e-28       6.961679e-15       1.396333e-09      326.355      326.355
    1912.000      1009.997      0.58600      176.000      1.609201e-28       8.249435e-15       9.636748e-10      326.355      326.355
    1912.000      1009.997      0.58600      176.000      3.717378e-29       5.828516e-15       1.789464e-10      326.355      326.355
    1912.000      1009.998      0.58600      176.000      6.278662e-29       3.840103e-15       6.931106e-10      326.355      326.355
    1912.000      1009.998      0.58600      176.000      2.834018e-29       3.852600e-15       3.673914e-10      326.355      326.355
    1912.000      1009.999      0.58600      176.000      1.449313e-28       2.145592e-15       1.184600e-09      326.355      326.355
    1912.000      1009.998      0.58600      176.000      1.723677e-28       2.488574e-15       1.289088e-09      326.355      326.355
    1912.000      1009.998      0.58600      176.000      9.232445e-29       3.857498e-15       8.800236e-10      326.355      326.355
    1912.000      1009.998      0.58600      176.000      4.341136e-28       2.103209e-15       2.072897e-09      326.355      326.355
    1912.000      1009.997      0.58600      176.000      5.067100e-29       6.278005e-15       3.355243e-10      326.355      326.355
    1912.000      1009.997      0.58600      176.000      6.162360e-29       6.815879e-15       3.894534e-10      326.355      326.355
    1912.000      1009.997      0.58600      176.000      3.660597e-29       5.610565e-15       2.264405e-10      326.355      326.355
    1912.000      1009.998      0.58600      176.000      1.794528e-29       4.002321e-15       1.388059e-10      326.355      326.355
    1912.000      1009.998      0.58600      176.000      1.087495e-29       3.108840e-15       1.100030e-10      326.355      326.355
    1912.000      1009.998      0.58600      176.000      1.637221e-29       2.797698e-15       2.923199e-10      326.355      326.355
    1912.000      1009.998      0.58600      176.000      6.906109e-30       2.039148e-15       1.657704e-10      326.355      326.355
    1912.000      1009.999      0.58600      176.000      3.815534e-29       1.094444e-15       6.079270e-10      326.355      326.355
    1912.000      1009.999      0.58600      176.000      6.036841e-29       9.159908e-16       7.715528e-10      326.355      326.355
    1912.000      1009.998      0.58600      176.000      1.744663e-29       4.059455e-15       9.835915e-11      326.355      326.355
    1912.000      1009.998      0.58600      176.000      3.747011e-29       2.849865e-15       5.417415e-10      326.355      326.355
    1912.000      1009.998      0.58600      176.000      1.061729e-29       3.255234e-15       1.440163e-11      326.355      326.355
    1912.000      1009.999      0.58600      176.000      2.783034e-30       1.604553e-15       4.565572e-11      326.355      326.355
    1912.000      1009.999      0.58600      176.000      6.929709e-30       8.140300e-16       2.503410e-10      326.355      326.355
    1912.000      1009.998      0.58600      176.000      1.549297e-29       1.996802e-15       3.392013e-10      326.355      326.355
    1912.000      1009.998      0.58600      176.000      1.533833e-29       2.174636e-15       3.257190e-10      326.355      326.355
    1912.000      1009.998      0.58600      176.000      1.439094e-29       2.575456e-15       2.785312e-10      326.355      326.355
    1912.000      1009.998      0.58600      176.000      6.115272e-30       2.467366e-15       1.654626e-11      326.355      326.355
    1912.000      1009.999      0.58600      176.000      4.818706e-30       2.162022e-15       3.799543e-11      326.355      326.355
    1912.000      1009.999      0.58600      176.000      3.795760e-30       9.983698e-16       1.673026e-10      326.355      326.355
    1912.000      1009.999      0.58600      176.000      8.998723e-30       1.363623e-15       2.671939e-10      326.355      326.355
    1912.000      1009.999      0.58600      176.000      1.275459e-29       1.859905e-15       3.048827e-10      326.355      326.355
    1912.000      1009.999      0.58600      176.000      4.956593e-30       1.273369e-15       1.826232e-10      326.355      326.355
    1912.000      1009.999      0.58600      176.000      9.489362e-30       1.738180e-15       2.543245e-10      326.355      326.355
    1912.000      1009.998      0.58600      176.000      4.087390e-30       2.015196e-15       1.623989e-11      326.355      326.355
    1912.000      1009.999      0.58600      176.000      4.233791e-30       1.785046e-15       1.023426e-10      326.355      326.355
    1912.000      1009.999      0.58600      176.000      6.024934e-30       1.743081e-15       1.728180e-10      326.355      326.355
    1912.000      1009.999      0.58600      176.000      3.044474e-30       1.672743e-15       4.963932e-11      326.355      326.355
    1912.000      1009.998      0.58600      176.000      6.944346e-30       2.339231e-15       1.213402e-10      326.355      326.355
    1912.000      1009.999      0.58600      176.000      7.452057e-30       1.506273e-15       2.276664e-10      326.355      326.355
    1912.000      1009.999      0.58600      176.000      2.695260e-30       1.636179e-15       1.348232e-11      326.355      326.355
    1912.000      1009.998      0.58600      176.000      8.956826e-30       1.801263e-15       2.390037e-10      326.355      326.355
    1912.000      1009.999      0.58600      176.000      3.241365e-30       1.688382e-15       6.250854e-11      326.355      326.355
    1912.000      1009.999      0.58600      176.000      3.429519e-30       1.430053e-15       1.176633e-10      326.355      326.355
    1912.000      1009.999      0.58600      176.000      5.833184e-30       1.383833e-15       1.979442e-10      326.355      326.355
    1912.000      1009.999      0.58600      176.000      2.830689e-30       1.485166e-15       7.905515e-11      326.355      326.355
    1912.000      1009.998      0.58600      176.000      4.301037e-30       1.780594e-15       1.063260e-10      326.355      326.355
    1912.000      1009.999      0.58600      176.000      6.609329e-30       1.514380e-15       2.077494e-10      326.355      326.355
    1912.000      1009.999      0.58600      176.000      2.663486e-30       1.620194e-15       1.961056e-11      326.355      326.355
    1912.000      1009.999      0.58600      176.000      1.102811e-29       1.558587e-15       2.932392e-10      326.355      326.355
    1912.000      1009.999      0.58600      176.000      7.680068e-30       1.656794e-15       2.221509e-10      326.355      326.355
    1912.000      1009.999      0.58600      176.000      7.404197e-30       1.531603e-15       2.249086e-10      326.355      326.355
    1912.000      1009.999      0.58600      176.000      5.794357e-30       1.662901e-15       1.740436e-10      326.355      326.355
    1912.000      1009.999      0.58600      176.000      8.037054e-30       1.571720e-15       2.359396e-10      326.355      326.355
    1912.000      1009.999      0.58600      176.000      3.641308e-30       1.633345e-15       9.866570e-11      326.355      326.355
    1912.000      1009.998      0.58600      176.000      3.369716e-30       1.753730e-15       5.423532e-11      326.355      326.355
    1912.000      1009.999      0.58600      176.000      3.888959e-30       1.656915e-15       1.069389e-10      326.355      326.355
    1912.000      1009.999      0.58600      176.000      3.888959e-30       1.656915e-15       1.069389e-10      326.355      326.355
    1912.000      1009.999      0.58600      176.000      5.794357e-30       1.662901e-15       1.740436e-10      326.355      326.355
    1912.000      1009.999      0.58600      176.000      4.627883e-30       1.658877e-15       1.369675e-10      326.355      326.355
    1912.000      1009.999      0.58600      176.000      2.681084e-30       1.629927e-15       1.562713e-11      326.355      326.355
    1912.000      1009.999      0.58600      176.000      7.735354e-30       1.685530e-15       2.212316e-10      326.355      326.355
    1912.000      1009.999      0.58600      176.000      2.947699e-30       1.627949e-15       5.454187e-11      326.355      326.355
    1912.000      1009.999      0.58600      176.000      2.873532e-30       1.638357e-15       4.351091e-11      326.355      326.355
