 [Q11, Q12, Q22, Q66]  O.F.1  IT_1 IT_Force Force_Exp Force_FEMU 
     2335.68       1012.22       987.05       211.20      6.120482e-03       7.823351e-02       2.950434e-01      326.355      230.066
     7578.68       1012.22       987.05       211.20      4.978438e-03       7.055804e-02       2.421933e+00      326.355     1116.765
     2335.68       4916.85       987.05       211.20      4.978438e-03       7.055804e-02       2.421933e+00      326.355     1116.765
     2335.68       1012.22      4859.54       211.20      3.163433e-03       5.624440e-02       1.003895e-01      326.355      359.117
     2335.68       1012.22       987.05      2730.27      1.422250e-02       1.192581e-01       2.676889e-01      326.355      238.993
     4600.23       2607.37      2566.19       551.13      7.206364e-03       8.489030e-02       8.192205e-02      326.355      353.091
     3965.58       2140.49      2103.33        21.13      1.001131e-02       1.000565e-01       6.099992e-02      326.355      306.447
     4600.23       1012.22      2566.19       211.20      2.236238e-04       1.495405e-02       1.177980e+00      326.355      710.794
     2335.68       2607.37      2566.19       211.20      2.236238e-04       1.495405e-02       1.177980e+00      326.355      710.794
     2335.68       1012.22      2566.19       211.20      2.025312e-04       1.423134e-02       8.192606e-03      326.355      329.029
     2335.68       1012.22      2566.19      1118.61      4.987531e-04       2.233278e-02       1.365066e-02      326.355      330.810
     3376.23       1718.74       987.05       575.81      4.987531e-04       2.233278e-02       1.365066e-02      326.355      330.810
     3098.72       1524.92      1685.60       467.89      2.163927e-03       4.651803e-02       6.446290e-02      326.355      305.317
     3376.23       1012.22      2566.19       211.20      2.064195e-04       1.436731e-02       5.459088e-01      326.355      504.515
     2335.68       1718.74      2566.19       211.20      2.475279e-05       4.975217e-03       3.669204e-01      326.355      206.609
     2335.68       1012.22      2566.19       575.81      2.920191e-04       1.708857e-02       1.181710e-02      326.355      330.211
     2335.68       1012.22      3625.50       211.20      1.355312e-03       3.681457e-02       6.493160e-02      326.355      347.546
     2832.75       1342.54      1685.60       371.14      4.174326e-04       2.043117e-02       5.429704e-02      326.355      308.635
     2704.11       1255.64      2103.33       326.95      1.175222e-06       1.084076e-03       3.054614e-02      326.355      336.324
     3031.14       1478.25      2329.15        47.08      6.367170e-05       7.979455e-03       9.120563e-02      326.355      356.120
     1912.27       1743.77      2214.83       155.33      6.590080e-04       2.567115e-02       7.035569e-01      326.355       96.746
     2972.60       1176.79      2475.99       196.43      2.386682e-05       4.885367e-03       2.581778e-01      326.355      410.612
     3205.75       1848.90      2172.69       148.96      8.991554e-04       2.998592e-02       1.269770e-01      326.355      284.915
     2540.66       1198.22      2464.82       194.62      1.552428e-05       3.940086e-03       2.331574e-02      326.355      333.964
     2262.70       1187.48      2470.40       549.74      7.325393e-05       8.558851e-03       1.097855e-01      326.355      290.526
     2828.81       1402.62      2364.08       120.92      1.235083e-06       1.111343e-03       4.573257e-02      326.355      341.280
     3217.16        866.34      2142.43       195.67      1.666257e-04       1.290836e-02       4.884797e-01      326.355      485.773
     2543.20       1478.90      2456.76       207.26      3.344394e-07       5.783060e-04       1.277691e-01      326.355      284.657
     2350.87       1495.68      2217.40       215.98      2.126260e-05       4.611138e-03       2.853773e-01      326.355      233.221
     2499.65       1412.42      2280.74       211.00      9.708600e-07       9.853213e-04       1.416324e-01      326.355      280.132
     2746.03       1587.65      2139.61       226.46      1.221368e-04       1.105155e-02       1.631463e-01      326.355      273.111
     2591.27       1290.51      2381.41       202.35      7.826797e-07       8.846918e-04       7.865884e-03      326.355      323.788
     2350.02       1313.89      2244.03       384.97      8.376235e-06       2.894172e-03       1.626894e-01      326.355      273.260
     2705.07       1380.17      2333.78       172.95      8.459584e-08       2.908536e-04       7.767617e-03      326.355      323.820
     2467.03       1530.42      2636.85       101.44      1.706895e-06       1.306481e-03       1.717176e-01      326.355      270.314
     2643.85       1321.82      2231.20       258.50      2.676135e-07       5.173137e-04       1.966708e-02      326.355      319.936
     2744.15       1322.18      2420.45       207.34      5.288551e-07       7.272240e-04       5.994803e-02      326.355      345.919
     2726.64       1462.22      2338.20       218.66      1.059659e-06       1.029397e-03       4.358845e-02      326.355      312.130
     2624.80       1332.45      2370.57       206.37      1.578016e-07       3.972424e-04       1.490451e-02      326.355      321.491
     2516.09       1434.25      2275.43       213.05      1.959641e-06       1.399871e-03       1.475915e-01      326.355      278.188
     2686.23       1349.78      2383.79       208.76      1.040229e-07       3.225257e-04       9.335715e-03      326.355      329.402
     2789.35       1219.21      2205.46       213.89      2.456428e-07       4.956224e-04       1.082990e-01      326.355      361.699
     2758.85       1317.57      2416.35       149.27      1.239418e-06       1.113291e-03       6.737026e-02      326.355      348.342
     2672.38       1320.76      2276.81       228.39      6.598229e-08       2.568702e-04       2.348885e-03      326.355      327.121
     2557.18       1478.34      2480.60       193.60      1.812130e-07       4.256896e-04       1.165247e-01      326.355      288.326
     2614.30       1411.25      2410.34       198.58      7.357642e-08       2.712491e-04       5.916446e-02      326.355      307.046
     2714.35       1398.51      2331.32       197.02      1.045495e-07       3.233411e-04       1.328489e-02      326.355      322.019
     2691.82       1381.85      2341.10       199.34      5.413937e-08       2.326786e-04       1.335972e-02      326.355      321.995
     2655.37       1397.04      2297.15       190.12      2.317842e-07       4.814395e-04       4.926024e-02      326.355      310.279
     2678.50       1361.52      2361.98       204.02      5.262368e-08       2.293985e-04       4.907989e-03      326.355      324.753
     2623.58       1357.17      2360.89       245.00      1.947399e-07       4.412933e-04       2.978186e-02      326.355      316.635
     2684.58       1374.40      2340.55       189.79      4.894007e-08       2.212240e-04       1.320834e-02      326.355      322.044
     2750.17       1308.76      2251.00       211.81      2.548612e-08       1.596431e-04       4.481992e-02      326.355      340.982
     2819.35       1258.95      2173.33       218.59      1.540171e-08       1.240999e-04       9.687983e-02      326.355      357.972
     2764.53       1366.87      2330.57       178.73      5.819867e-08       2.412438e-04       3.050412e-02      326.355      336.310
     2741.35       1355.27      2317.08       190.58      3.786408e-08       1.945868e-04       2.346163e-02      326.355      334.012
     2769.77       1293.16      2254.58       201.82      3.524802e-08       1.877435e-04       6.411662e-02      326.355      347.280
     2829.61       1279.19      2181.62       196.08      1.864057e-08       1.365274e-04       9.111752e-02      326.355      356.092
     2897.20       1220.65      2124.57       213.83      1.483393e-08       1.217852e-04       1.510440e-01      326.355      375.649
     3006.46       1147.15      2020.41       226.40      2.447228e-08       1.564188e-04       2.330647e-01      326.355      402.417
     2917.60       1173.64      2053.39       225.11      1.637007e-08       1.279333e-04       1.773156e-01      326.355      384.223
     2963.40       1173.83      2014.57       225.03      2.644506e-09       5.138787e-05       1.947615e-01      326.355      389.916
     3062.59       1116.31      1899.54       237.11      6.135563e-10       2.463240e-05       2.607873e-01      326.355      411.464
     3018.98       1107.45      1944.54       252.88      2.166594e-08       1.471722e-04       2.508063e-01      326.355      408.207
     2876.40       1235.11      2121.10       209.60      8.620366e-09       9.283664e-05       1.313355e-01      326.355      369.217
     2908.82       1241.09      2103.31       214.28      8.911558e-09       9.439038e-05       1.419113e-01      326.355      372.668
     3054.55       1147.81      1951.68       218.56      1.701297e-09       4.117310e-05       2.464246e-01      326.355      406.777
     3053.83       1148.83      1913.73       225.78      1.302889e-08       1.141191e-04       2.393583e-01      326.355      404.471
     3014.30       1166.58      1965.43       222.76      4.341192e-09       6.585193e-05       2.171443e-01      326.355      397.221
     3095.59       1093.33      1867.35       229.64      2.291036e-10       1.486435e-05       2.855662e-01      326.355      419.551
     3191.07       1022.93      1754.53       237.52      3.816143e-11       5.040090e-06       3.571964e-01      326.355      442.928
     3290.93        996.64      1675.51       249.07      9.248157e-10       3.013121e-05       4.114076e-01      326.355      460.620
     3286.66        977.58      1677.49       248.46      4.496658e-11       5.224327e-06       4.203925e-01      326.355      463.552
     3363.36        914.16      1560.33       268.75      7.369492e-10       2.672288e-05       4.778774e-01      326.355      482.313
     3159.66       1016.25      1766.71       246.53      2.169277e-09       4.644614e-05       3.468966e-01      326.355      439.566
     3257.87       1001.53      1698.09       248.43      5.415642e-11       6.208015e-06       3.951831e-01      326.355      455.325
     3038.59       1150.43      1963.82       218.26      1.632887e-09       4.033848e-05       2.386339e-01      326.355      404.234
     3280.67        970.71      1656.93       255.64      4.831790e-11       5.552964e-06       4.181207e-01      326.355      462.811
     3450.93        876.99      1504.89       258.06      1.100512e-09       3.273965e-05       5.350459e-01      326.355      500.970
     3157.57       1053.80      1796.65       242.26      3.939943e-11       5.344387e-06       3.291954e-01      326.355      433.789
     3199.78       1010.43      1743.94       243.43      2.931310e-10       1.672251e-05       3.672695e-01      326.355      446.215
     3243.30       1003.75      1709.50       247.18      1.603496e-11       9.828362e-07       3.881880e-01      326.355      453.042
     3158.82       1058.90      1813.31       232.31      9.067064e-11       8.934530e-06       3.293146e-01      326.355      433.828
     3250.00        992.40      1695.37       249.70      1.788649e-11       1.487009e-06       3.959204e-01      326.355      455.565
     3134.96       1059.42      1801.17       239.86      8.496972e-11       8.663178e-06       3.149454e-01      326.355      429.139
     3248.41        997.73      1708.01       246.30      1.753528e-11       1.418659e-06       3.939885e-01      326.355      454.935
     3309.59        955.72      1638.70       248.06      6.358603e-11       6.660550e-06       4.384417e-01      326.355      469.442
     3195.25       1028.84      1756.49       243.71      1.509825e-11       1.545636e-06       3.565005e-01      326.355      442.701
     3277.61        988.48      1680.39       256.08      6.963362e-11       7.266805e-06       4.102092e-01      326.355      460.229
     3212.60       1014.26      1735.85       242.10      1.562069e-11       1.378594e-06       3.704075e-01      326.355      447.239
     3199.80       1030.00      1759.73       239.98      1.507159e-11       1.487320e-06       3.586011e-01      326.355      443.386
     3174.85       1049.06      1792.35       235.19      3.373989e-11       4.710065e-06       3.399291e-01      326.355      437.292
     3177.21       1040.86      1772.96       240.19      2.076202e-11       3.001177e-06       3.428551e-01      326.355      438.247
     3230.54       1008.43      1724.13       244.76      1.484878e-11       5.631933e-07       3.812033e-01      326.355      450.762
     3175.94       1037.11      1778.88       238.13      4.485239e-11       5.738833e-06       3.452272e-01      326.355      439.021
     3226.40       1012.04      1726.72       244.90      1.432522e-11       2.831474e-07       3.774261e-01      326.355      449.530
     3213.36       1025.36      1747.62       244.57      1.485692e-11       1.195292e-06       3.664451e-01      326.355      445.946
     3239.85       1009.08      1722.63       243.39      1.485768e-11       8.475871e-08       3.853634e-01      326.355      452.120
     3255.37        997.56      1701.03       248.87      1.651101e-11       8.823201e-07       3.966424e-01      326.355      455.801
     3213.65       1021.84      1744.96       242.19      1.392914e-11       6.157415e-07       3.681033e-01      326.355      446.487
     3202.17       1024.76      1749.11       244.82      1.496121e-11       1.382459e-06       3.612481e-01      326.355      444.250
     3230.41       1012.99      1729.23       243.75      1.440928e-11       1.424826e-07       3.793281e-01      326.355      450.150
     3237.15       1002.34      1714.96       243.23      1.582125e-11       9.368743e-07       3.865685e-01      326.355      452.513
     3219.30       1019.58      1739.42       244.23      1.407462e-11       5.241167e-07       3.714825e-01      326.355      447.590
     3214.34       1024.82      1746.05       242.77      1.454041e-11       1.036734e-06       3.669550e-01      326.355      446.112
     3218.39       1020.71      1740.56       243.27      1.402943e-11       5.484797e-07       3.705212e-01      326.355      447.276
     3208.47       1024.10      1746.61       243.54      1.409342e-11       9.008693e-07       3.644429e-01      326.355      445.293
     3203.53       1031.12      1759.13       241.72      1.437163e-11       1.192847e-06       3.598436e-01      326.355      443.792
     3220.67       1016.79      1734.79       244.10      1.406353e-11       3.850051e-07       3.730321e-01      326.355      448.096
     3227.54       1015.37      1733.27       243.35      1.426808e-11       2.130063e-07       3.771301e-01      326.355      449.433
     3213.24       1021.91      1743.27       243.50      1.393844e-11       6.515251e-07       3.676134e-01      326.355      446.327
     3213.67       1021.05      1742.36       242.29      1.382962e-11       5.253163e-07       3.681530e-01      326.355      446.503
     3210.87       1021.78      1743.84       241.33      1.383583e-11       6.359319e-07       3.664890e-01      326.355      445.960
     3208.81       1025.97      1750.80       241.52      1.395044e-11       8.300634e-07       3.641625e-01      326.355      445.201
     3206.30       1024.68      1750.14       241.48      1.400726e-11       8.911816e-07       3.634976e-01      326.355      444.984
     3209.32       1023.69      1747.75       241.93      1.386243e-11       7.221323e-07       3.652527e-01      326.355      445.557
     3216.14       1018.28      1738.38       243.43      1.391590e-11       4.432952e-07       3.703969e-01      326.355      447.236
     3213.16       1020.51      1743.45       241.42      1.409590e-11       7.269939e-07       3.683392e-01      326.355      446.564
     3213.22       1021.56      1743.32       242.98      1.384893e-11       5.671128e-07       3.677950e-01      326.355      446.387
     3212.52       1020.44      1740.94       243.13      1.383406e-11       5.604071e-07       3.676956e-01      326.355      446.354
     3208.23       1025.10      1748.81       241.73      1.388869e-11       7.971472e-07       3.640501e-01      326.355      445.164
     3210.21       1023.39      1746.20       242.16      1.382073e-11       6.720725e-07       3.656371e-01      326.355      445.682
     3215.49       1019.54      1738.67       243.35      1.394759e-11       5.502993e-07       3.693881e-01      326.355      446.906
     3210.86       1022.65      1745.47       242.28      1.381275e-11       6.294275e-07       3.662864e-01      326.355      445.894
     3210.42       1022.20      1744.17       241.95      1.378708e-11       6.203212e-07       3.660913e-01      326.355      445.831
     3209.02       1022.52      1744.60       241.44      1.379706e-11       6.760693e-07       3.652395e-01      326.355      445.553
     3210.06       1024.20      1748.17       241.22      1.393670e-11       7.654223e-07       3.653879e-01      326.355      445.601
     3211.91       1021.38      1742.74       242.65      1.380310e-11       5.705061e-07       3.671188e-01      326.355      446.166
     3208.02       1023.76      1746.93       242.23      1.379877e-11       7.204180e-07       3.644142e-01      326.355      445.283
     3210.40       1021.61      1743.46       242.40      1.376781e-11       5.907002e-07       3.663179e-01      326.355      445.905
     3210.49       1020.72      1742.09       242.52      1.375404e-11       5.569726e-07       3.666581e-01      326.355      446.016
     3209.56       1021.38      1742.49       242.39      1.375561e-11       6.087944e-07       3.658549e-01      326.355      445.753
     3207.34       1022.65      1745.10       241.90      1.373677e-11       6.772719e-07       3.643909e-01      326.355      445.276
     3205.06       1023.28      1746.28       241.52      1.373210e-11       7.437821e-07       3.630274e-01      326.355      444.831
     3209.74       1020.03      1740.59       241.97      1.371169e-11       5.354687e-07       3.664009e-01      326.355      445.932
     3210.59       1018.16      1737.42       241.84      1.370773e-11       4.581678e-07       3.673936e-01      326.355      446.256
     3207.43       1019.57      1739.97       242.19      1.364840e-11       5.463117e-07       3.653758e-01      326.355      445.597
     3205.94       1018.26      1737.87       242.30      1.359599e-11       5.217086e-07       3.650179e-01      326.355      445.480
     3206.49       1018.83      1739.34       241.70      1.363612e-11       5.472525e-07       3.651936e-01      326.355      445.538
     3203.55       1018.55      1738.36       241.16      1.354818e-11       5.686522e-07       3.636594e-01      326.355      445.037
     3200.08       1017.47      1736.49       240.48      1.347903e-11       6.024581e-07       3.621612e-01      326.355      444.548
     3206.49       1013.09      1729.31       241.64      1.356937e-11       3.338238e-07       3.668505e-01      326.355      446.078
     3198.91       1015.65      1734.08       241.22      1.339641e-11       5.253922e-07       3.622205e-01      326.355      444.567
     3193.07       1014.40      1732.41       240.91      1.328119e-11       5.893006e-07       3.596375e-01      326.355      443.724
     3196.30       1012.78      1728.71       240.96      1.326050e-11       4.268638e-07       3.616392e-01      326.355      444.378
     3191.22       1009.77      1723.41       240.60      1.309012e-11       3.741366e-07       3.598631e-01      326.355      443.798
     3189.49       1009.11      1722.94       239.51      1.312395e-11       4.676701e-07       3.592385e-01      326.355      443.594
     3180.46       1012.28      1728.31       239.12      1.294935e-11       6.671682e-07       3.536134e-01      326.355      441.758
     3167.49       1011.87      1727.81       237.86      1.282961e-11       8.875231e-07       3.470146e-01      326.355      439.605
     3170.57       1005.13      1716.81       238.96      1.259703e-11       5.446792e-07       3.507186e-01      326.355      440.814
     3155.87        998.98      1707.02       238.20      1.226525e-11       6.015104e-07       3.450135e-01      326.355      438.952
     3158.98       1000.48      1708.21       237.18      1.222597e-11       5.090970e-07       3.459304e-01      326.355      439.251
     3142.00        993.55      1696.17       235.33      1.177961e-11       5.297578e-07       3.391012e-01      326.355      437.022
     3138.84        997.97      1704.24       236.48      1.169304e-11       6.198011e-07       3.362868e-01      326.355      436.104
     3113.66        992.42      1694.93       234.97      1.109469e-11       7.348323e-07       3.248802e-01      326.355      432.381
     3098.56        988.67      1689.59       232.61      1.125964e-11       1.062990e-06       3.182718e-01      326.355      430.224
     3087.72        975.10      1666.30       232.70      1.033163e-11       5.518888e-07       3.166552e-01      326.355      429.697
     3048.21        956.96      1635.96       230.13      9.401845e-12       5.534263e-07       3.015885e-01      326.355      424.780
     3045.64        966.83      1651.34       228.36      9.332220e-12       7.126110e-07       2.970590e-01      326.355      423.302
     2991.23        950.95      1623.85       223.53      8.279037e-12       8.969528e-07       2.733956e-01      326.355      415.579
     2984.45        951.01      1626.06       225.31      8.551962e-12       1.116978e-06       2.702651e-01      326.355      414.557
     2970.44        937.19      1601.14       224.35      7.318148e-12       4.438236e-07       2.668552e-01      326.355      413.444
     2907.37        911.96      1557.80       220.27      5.931295e-12       3.142513e-07       2.415066e-01      326.355      405.172
     2854.29        894.13      1528.72       214.85      5.157642e-12       5.875867e-07       2.193715e-01      326.355      397.948
     2728.71        846.89      1448.78       205.12      3.528465e-12       8.367746e-07       1.681747e-01      326.355      381.240
     2759.26        873.39      1492.25       207.14      3.523607e-12       6.545139e-07       1.759323e-01      326.355      383.771
     2620.03        833.03      1422.84       196.09      2.086031e-12       8.683247e-07       1.154142e-01      326.355      364.021
     2640.64        821.47      1402.49       197.37      1.751886e-12       2.771163e-07       1.294254e-01      326.355      368.593
     2476.42        760.23      1296.83       184.09      7.299382e-13       5.881347e-07       6.197062e-02      326.355      346.579
     2387.11        730.57      1248.43       180.01      1.856954e-13       3.526594e-07       2.476424e-02      326.355      334.437
     2109.99        631.20      1079.00       160.02      2.950216e-12       1.464018e-06       8.982583e-02      326.355      297.040
     2218.17        680.32      1162.33       164.20      1.785500e-12       1.245804e-06       4.831887e-02      326.355      310.586
     2135.57        659.02      1123.26       158.23      1.714648e-12       9.928540e-07       8.537500e-02      326.355      298.492
     2004.84        591.20      1008.27       148.49      7.794691e-12       2.453910e-06       1.331547e-01      326.355      282.899
     2458.71        768.72      1312.60       183.57      4.406081e-13       4.307922e-07       5.050012e-02      326.355      342.836
     2511.23        779.32      1328.72       188.85      5.665867e-13       1.159675e-07       7.437326e-02      326.355      350.627
     2802.84        867.27      1481.94       211.97      4.081299e-12       2.518195e-07       2.004466e-01      326.355      391.772
     2294.10        708.43      1208.33       170.93      1.919134e-13       4.018091e-07       1.745362e-02      326.355      320.659
     2348.63        732.87      1251.50       177.50      1.742687e-14       1.258911e-07       3.972798e-03      326.355      327.651
     2285.97        719.37      1229.13       174.25      5.815588e-13       7.223672e-07       2.444265e-02      326.355      318.378
     2236.20        691.94      1183.25       167.41      7.150595e-13       7.330678e-07       4.215105e-02      326.355      312.599
     2441.01        756.99      1291.57       183.37      2.004995e-13       3.572055e-08       4.463446e-02      326.355      340.922
     2277.80        696.40      1188.50       172.37      8.566239e-14       1.909954e-07       2.217727e-02      326.355      319.117
     2215.09        678.05      1158.31       167.18      3.051379e-13       2.515782e-07       4.917787e-02      326.355      310.305
     2383.53        736.85      1257.59       179.25      4.342571e-14       1.527401e-08       2.078279e-02      326.355      333.137
     2404.67        739.91      1264.68       183.73      9.365194e-13       9.158825e-07       3.125358e-02      326.355      336.555
     2321.50        716.23      1222.30       174.08      8.928351e-15       7.765318e-08       5.383618e-03      326.355      324.598
     2278.92        710.50      1211.34       171.62      9.023112e-14       1.508240e-07       2.597754e-02      326.355      317.877
     2305.74        715.49      1220.56       173.70      1.834882e-14       1.951381e-08       1.340449e-02      326.355      321.980
     2402.52        754.85      1288.36       179.93      1.675162e-13       3.214787e-07       2.533134e-02      326.355      334.622
     2308.68        710.79      1213.09       174.24      1.198397e-14       3.440144e-08       1.039255e-02      326.355      322.963
     2259.49        701.01      1196.43       170.56      1.094285e-13       1.404420e-08       3.305016e-02      326.355      315.569
     2352.22        727.81      1242.16       177.06      5.209225e-15       6.088551e-09       7.191769e-03      326.355      328.702
     2359.86        728.33      1243.92       177.75      2.191828e-14       9.739729e-08       1.114991e-02      326.355      329.994
     2319.21        718.69      1226.38       174.71      5.320845e-15       1.462733e-09       7.292945e-03      326.355      323.975
     2302.23        704.01      1200.68       172.56      6.105736e-14       2.164793e-07       1.191389e-02      326.355      322.467
     2336.99        725.60      1238.70       176.26      7.001973e-16       2.646118e-08       5.738982e-06      326.355      326.353
     2356.36        733.45      1251.80       176.81      1.389259e-14       8.951481e-08       7.667913e-03      326.355      328.857
     2320.55        716.42      1222.71       174.88      3.528096e-15       7.621171e-09       5.890683e-03      326.355      324.432
     2342.97        728.04      1242.69       177.37      6.568128e-15       7.748542e-08       2.375158e-03      326.355      327.130
     2337.59        725.08      1237.58       176.55      4.903337e-16       2.171530e-08       4.333532e-04      326.355      326.496
     2354.50        728.77      1244.20       177.67      7.665511e-15       3.130547e-08       8.176478e-03      326.355      329.023
     2328.01        721.20      1230.82       175.45      1.182785e-15       1.366462e-09       3.436448e-03      326.355      325.233
     2309.44        716.35      1222.77       174.51      1.452162e-14       3.259691e-08       1.160132e-02      326.355      322.569
     2341.49        724.94      1237.30       176.42      6.266781e-16       3.595277e-09       2.477402e-03      326.355      327.163
     2351.53        732.03      1249.55       177.46      4.639821e-15       3.824384e-08       5.636692e-03      326.355      328.194
     2328.28        720.31      1229.40       175.52      9.274559e-16       4.361600e-09       3.014021e-03      326.355      325.371
     2344.17        726.76      1240.66       176.93      1.786295e-15       2.529455e-08       3.385972e-03      326.355      327.460
     2332.04        722.59      1233.28       175.82      3.185210e-16       4.267276e-09       1.732949e-03      326.355      325.789
     2345.79        728.81      1244.05       177.00      1.858625e-15       2.366245e-08       3.603767e-03      326.355      327.531
     2332.65        722.43      1233.05       175.89      2.217260e-16       6.034042e-09       1.361310e-03      326.355      325.911
     2334.90        721.92      1231.91       176.08      1.287111e-17       3.478560e-09       8.779140e-05      326.355      326.326
     2333.85        720.08      1228.52       175.99      3.357479e-16       1.827758e-08       1.295316e-04      326.355      326.313
     2327.12        721.07      1230.61       175.75      1.744117e-15       1.624975e-08       3.847158e-03      326.355      325.099
     2337.89        723.97      1235.62       176.25      9.130637e-17       3.361640e-09       8.944593e-04      326.355      326.647
     2331.15        720.38      1229.36       175.47      2.786029e-16       5.453641e-09       1.577532e-03      326.355      325.840
     2336.25        721.76      1231.69       176.03      5.401933e-17       3.089274e-09       6.669011e-04      326.355      326.573
     2339.70        724.66      1236.78       176.66      4.561724e-16       1.374768e-08       1.634545e-03      326.355      326.888
     2333.28        721.45      1231.21       175.77      6.292336e-17       1.694570e-09       7.749309e-04      326.355      326.102
     2338.51        722.12      1232.16       176.17      3.254691e-16       5.706319e-09       1.711453e-03      326.355      326.913
     2334.11        722.35      1232.83       175.96      4.163908e-17       2.533027e-09       5.934885e-04      326.355      326.161
     2331.38        719.77      1228.20       175.67      2.005343e-16       5.865680e-09       1.288907e-03      326.355      325.934
     2336.26        722.92      1233.77       176.11      1.482875e-17       1.638222e-09       3.484964e-04      326.355      326.469
     2337.48        723.02      1233.88       176.32      1.073871e-16       4.311211e-09       9.423406e-04      326.355      326.662
     2334.33        721.84      1231.88       175.91      1.359858e-17       1.282080e-09       3.457578e-04      326.355      326.242
     2333.56        722.76      1233.50       176.00      1.142519e-16       3.611014e-09       1.006044e-03      326.355      326.027
     2335.57        722.01      1232.14       176.02      9.368998e-18       1.785566e-09       2.486112e-04      326.355      326.436
     2336.42        721.99      1232.02       176.10      5.362406e-17       2.829523e-09       6.754100e-04      326.355      326.575
     2334.69        722.26      1232.63       176.00      1.036821e-17       1.653232e-09       2.763157e-04      326.355      326.265
     2333.49        721.10      1230.51       175.90      4.207809e-17       2.923417e-09       5.790658e-04      326.355      326.166
     2335.57        722.46      1232.95       176.05      3.256978e-18       1.377577e-09       1.165873e-04      326.355      326.393
     2336.03        722.48      1232.93       176.17      2.044273e-17       2.906030e-09       3.463771e-04      326.355      326.468
     2334.76        722.00      1232.14       175.97      4.684683e-18       1.304232e-09       1.727328e-04      326.355      326.299
     2335.40        722.45      1233.03       175.94      1.138791e-17       3.343340e-09       4.582429e-05      326.355      326.370
     2335.27        722.31      1232.75       175.98      3.500382e-18       1.866786e-09       1.244725e-05      326.355      326.359
     2335.90        722.13      1232.37       176.02      1.704571e-17       1.642619e-09       3.787811e-04      326.355      326.479
     2334.99        722.23      1232.56       176.00      3.476287e-18       1.486408e-09       1.125557e-04      326.355      326.318
     2334.72        722.50      1233.06       175.98      1.352350e-17       1.687583e-09       3.267348e-04      326.355      326.248
     2335.36        722.13      1232.37       176.01      3.357387e-18       1.503134e-09       1.047843e-04      326.355      326.389
     2335.84        722.57      1233.17       176.05      8.752263e-18       1.817824e-09       2.334048e-04      326.355      326.431
     2335.03        722.14      1232.40       175.99      2.346061e-18       1.356048e-09       7.121760e-05      326.355      326.332
     2335.20        722.17      1232.40       176.05      2.946647e-18       1.715396e-09       6.373407e-06      326.355      326.357
     2335.59        722.22      1232.50       176.05      5.770146e-18       1.459293e-09       1.908038e-04      326.355      326.417
     2335.14        722.23      1232.55       176.01      2.168386e-18       1.426028e-09       3.671919e-05      326.355      326.343
     2335.11        722.37      1232.78       176.04      3.069412e-18       1.457276e-09       9.725010e-05      326.355      326.323
     2334.67        721.99      1232.11       176.00      7.020756e-18       1.534908e-09       2.159818e-04      326.355      326.284
     2335.34        722.34      1232.74       176.04      1.987196e-18       1.369409e-09       3.345356e-05      326.355      326.366
     2335.25        722.07      1232.27       176.01      2.738545e-18       1.529458e-09       6.319047e-05      326.355      326.376
     2335.18        722.23      1232.58       175.97      2.988200e-18       1.724457e-09       1.201983e-05      326.355      326.351
     2335.20        722.18      1232.44       176.03      2.191291e-18       1.480196e-09       1.762801e-06      326.355      326.355
     2335.11        722.38      1232.80       176.03      2.932942e-18       1.393489e-09       9.955547e-05      326.355      326.322
     2335.21        722.15      1232.40       176.01      2.115612e-18       1.436997e-09       2.250596e-05      326.355      326.362
     2335.42        722.31      1232.66       176.06      3.051071e-18       1.543769e-09       8.172190e-05      326.355      326.382
     2335.13        722.18      1232.47       176.01      1.990336e-18       1.371694e-09       3.298355e-05      326.355      326.344
     2335.22        722.27      1232.63       176.01      2.094851e-18       1.444767e-09       8.659601e-06      326.355      326.352
     2335.31        722.25      1232.57       176.02      2.003447e-18       1.345703e-09       4.387839e-05      326.355      326.369
     2335.28        722.37      1232.81       176.02      1.844648e-18       1.357369e-09       4.688606e-06      326.355      326.353
     2335.32        722.49      1233.01       176.03      1.868311e-18       1.354637e-09       1.823981e-05      326.355      326.349
     2335.32        722.30      1232.66       176.04      1.908136e-18       1.351706e-09       2.846545e-05      326.355      326.364
     2335.23        722.36      1232.76       176.04      1.981843e-18       1.371554e-09       3.173062e-05      326.355      326.345
     2335.46        722.51      1233.02       176.06      2.105533e-18       1.377017e-09       4.575560e-05      326.355      326.370
     2335.21        722.26      1232.61       176.02      1.813178e-18       1.339973e-09       1.328559e-05      326.355      326.351
     2335.17        722.31      1232.68       176.02      1.869550e-18       1.294424e-09       4.404730e-05      326.355      326.341
     2335.26        722.27      1232.61       176.02      1.737435e-18       1.309610e-09       1.495184e-05      326.355      326.360
     2335.28        722.22      1232.54       176.01      1.845731e-18       1.303348e-09       3.834257e-05      326.355      326.367
     2335.15        722.30      1232.69       176.00      2.205672e-18       1.391052e-09       5.202382e-05      326.355      326.338
     2335.27        722.30      1232.67       176.03      1.766484e-18       1.326470e-09       8.342487e-06      326.355      326.358
     2335.34        722.30      1232.67       176.02      2.030914e-18       1.346295e-09       4.673380e-05      326.355      326.370
     2335.22        722.30      1232.68       176.02      1.785562e-18       1.319038e-09       2.137755e-05      326.355      326.348
     2335.20        722.20      1232.47       176.02      1.833607e-18       1.354069e-09       1.021291e-06      326.355      326.355
     2335.22        722.24      1232.56       176.02      1.743601e-18       1.320316e-09       1.912933e-06      326.355      326.354
     2335.28        722.29      1232.65       176.02      1.605006e-18       1.259848e-09       1.333750e-05      326.355      326.359
     2335.31        722.31      1232.68       176.02      1.595373e-18       1.234702e-09       2.662417e-05      326.355      326.364
     2335.32        722.25      1232.58       176.02      1.873987e-18       1.291616e-09       4.535593e-05      326.355      326.370
     2335.24        722.29      1232.65       176.02      1.658450e-18       1.286966e-09       4.656729e-06      326.355      326.353
     2335.24        722.25      1232.58       176.01      1.588057e-18       1.256848e-09       9.160447e-06      326.355      326.358
     2335.23        722.22      1232.54       176.00      1.591314e-18       1.257857e-09       9.544569e-06      326.355      326.358
     2335.31        722.32      1232.70       176.02      1.562802e-18       1.224913e-09       2.497794e-05      326.355      326.363
     2335.36        722.36      1232.78       176.01      1.687243e-18       1.240964e-09       3.837333e-05      326.355      326.367
     2335.29        722.32      1232.69       176.02      1.493685e-18       1.215176e-09       1.305107e-05      326.355      326.359
     2335.30        722.34      1232.73       176.02      1.387952e-18       1.171884e-09       1.210017e-05      326.355      326.359
     2335.34        722.32      1232.69       176.02      1.484600e-18       1.146981e-09       4.111375e-05      326.355      326.368
     2335.29        722.31      1232.68       176.01      1.397562e-18       1.169822e-09       1.705198e-05      326.355      326.360
     2335.38        722.39      1232.83       176.02      1.358880e-18       1.100435e-09       3.846068e-05      326.355      326.367
     2335.45        722.46      1232.95       176.02      1.354330e-18       1.035500e-09       5.311029e-05      326.355      326.372
     2335.38        722.39      1232.82       176.02      1.191705e-18       1.028076e-09       3.671041e-05      326.355      326.367
     2335.42        722.43      1232.88       176.02      1.014162e-18       9.123952e-10       4.262592e-05      326.355      326.369
     2335.38        722.45      1232.93       176.02      1.031792e-18       9.931233e-10       2.133017e-05      326.355      326.362
     2335.49        722.54      1233.07       176.04      1.054563e-18       9.103061e-10       4.752955e-05      326.355      326.370
     2335.56        722.60      1233.18       176.03      1.096284e-18       7.768784e-10       7.019570e-05      326.355      326.378
     2335.48        722.55      1233.08       176.04      7.445852e-19       7.760339e-10       3.773017e-05      326.355      326.367
     2335.49        722.60      1233.15       176.04      5.667886e-19       6.903266e-10       3.003961e-05      326.355      326.365
     2335.32        722.41      1232.83       176.03      9.687966e-19       9.842568e-10       5.922589e-07      326.355      326.355
     2335.32        722.41      1232.83       176.02      7.894762e-19       8.885193e-10       3.092066e-07      326.355      326.355
     2335.39        722.47      1232.92       176.04      6.403386e-19       7.857967e-10       1.512026e-05      326.355      326.360
     2335.35        722.51      1232.98       176.04      7.045025e-19       8.154654e-10       1.987932e-05      326.355      326.348
     2335.45        722.58      1233.11       176.04      3.746701e-19       6.003894e-10       1.191752e-05      326.355      326.359
     2335.51        722.67      1233.25       176.04      2.418089e-19       4.592493e-10       1.757811e-05      326.355      326.361
     2335.55        722.72      1233.32       176.06      3.931359e-19       5.882189e-10       2.171046e-05      326.355      326.362
     2335.63        722.72      1233.33       176.04      5.741338e-19       4.344371e-10       6.208045e-05      326.355      326.375
     2335.70        722.88      1233.60       176.06      3.842490e-19       3.587316e-10       5.055301e-05      326.355      326.371
     2335.50        722.72      1233.32       176.05      3.505472e-19       5.916660e-10       2.187327e-06      326.355      326.354
     2335.64        722.89      1233.60       176.06      2.343047e-19       4.639376e-10       1.380817e-05      326.355      326.359
     2335.72        723.04      1233.82       176.07      3.885134e-19       6.207106e-10       5.684901e-06      326.355      326.357
     2335.63        722.86      1233.57       176.05      1.322554e-19       3.147601e-10       1.821578e-05      326.355      326.361
     2335.67        722.94      1233.69       176.04      7.476024e-20       2.186491e-10       1.641731e-05      326.355      326.360
     2335.46        722.73      1233.33       176.04      2.843855e-19       4.554374e-10       2.774208e-05      326.355      326.346
     2335.64        722.90      1233.60       176.04      7.097397e-20       2.366113e-10       1.224297e-05      326.355      326.359
     2335.71        722.99      1233.74       176.04      7.003051e-20       1.799199e-10       1.940601e-05      326.355      326.361
     2335.81        723.02      1233.81       176.05      4.001828e-19       1.533438e-10       6.137333e-05      326.355      326.375
     2335.55        722.80      1233.45       176.04      1.315222e-19       3.585031e-10       5.475161e-06      326.355      326.353
     2335.77        723.14      1233.99       176.05      1.052769e-19       3.213432e-10       4.489321e-06      326.355      326.356
     2335.71        723.04      1233.84       176.03      8.123357e-21       8.246488e-11       3.637171e-06      326.355      326.356
     2335.74        723.11      1233.96       176.01      1.529968e-21       3.622972e-11       1.474366e-06      326.355      326.354
     2335.90        723.29      1234.25       176.03      9.192967e-20       1.732081e-10       2.488546e-05      326.355      326.363
     2335.74        723.02      1233.83       176.00      6.327850e-20       4.217309e-13       2.515518e-05      326.355      326.363
     2335.53        722.74      1233.36       176.02      4.491340e-20       2.062945e-10       4.853857e-06      326.355      326.356
     2335.70        723.00      1233.76       175.99      8.514848e-21       5.331605e-11       7.531432e-06      326.355      326.357
     2335.64        722.95      1233.71       175.98      3.911293e-21       6.102244e-11       1.369507e-06      326.355      326.354
     2335.57        722.87      1233.57       175.99      4.176114e-20       1.796022e-11       2.035647e-05      326.355      326.348
     2335.79        723.22      1234.13       175.96      1.264331e-19       3.322188e-10       1.267431e-05      326.355      326.351
     2335.60        722.86      1233.56       176.01      1.868490e-21       4.296311e-11       4.760413e-07      326.355      326.355
     2335.77        723.08      1233.92       176.00      5.304518e-20       1.770535e-11       2.296338e-05      326.355      326.362
     2335.62        722.93      1233.66       175.99      9.182749e-21       7.782811e-12       9.551009e-06      326.355      326.352
     2335.72        723.03      1233.83       176.00      1.471390e-20       7.119520e-12       1.210918e-05      326.355      326.359
     2335.65        722.95      1233.70       175.99      1.723177e-21       6.589092e-12       4.098489e-06      326.355      326.354
     2335.62        722.94      1233.71       176.00      1.378373e-20       4.631596e-11       1.078822e-05      326.355      326.351
     2335.68        722.98      1233.74       175.99      1.160719e-21       1.680148e-11       2.963831e-06      326.355      326.356
     2335.69        723.01      1233.77       176.03      2.154100e-20       1.467316e-10       3.292866e-07      326.355      326.355
     2335.65        722.96      1233.73       175.99      2.024679e-22       1.064059e-11       9.447001e-07      326.355      326.355
     2335.76        723.14      1234.01       175.99      8.717455e-21       9.060063e-11       2.256061e-06      326.355      326.354
     2335.64        722.93      1233.67       176.00      1.012976e-22       9.853377e-12       2.051481e-07      326.355      326.355
     2335.71        723.04      1233.85       176.00      1.866893e-21       6.697279e-12       4.268535e-06      326.355      326.356
     2335.66        722.97      1233.74       176.00      4.303696e-22       4.766244e-12       2.019041e-06      326.355      326.354
     2335.57        722.81      1233.48       175.98      3.094422e-21       5.398294e-11       1.342623e-06      326.355      326.355
     2335.70        723.04      1233.84       176.00      1.629375e-22       1.019141e-11       7.685878e-07      326.355      326.355
     2335.65        722.97      1233.74       176.00      2.448866e-21       3.945758e-12       4.932846e-06      326.355      326.353
     2335.67        722.98      1233.74       176.00      1.602405e-22       7.892879e-12       9.896613e-07      326.355      326.355
     2335.67        722.98      1233.75       176.00      2.370438e-22       1.716792e-12       1.530021e-06      326.355      326.355
     2335.67        722.98      1233.75       176.00      5.236392e-23       2.787889e-12       6.677694e-07      326.355      326.355
     2335.69        723.00      1233.77       176.01      1.002704e-21       2.893402e-11       1.286571e-06      326.355      326.355
     2335.66        722.97      1233.74       175.99      2.817456e-23       3.633835e-12       3.869083e-07      326.355      326.355
     2335.62        722.89      1233.61       175.99      3.934882e-22       1.498268e-11       1.300029e-06      326.355      326.355
     2335.68        723.00      1233.78       176.00      4.263217e-23       6.126086e-12       2.259035e-07      326.355      326.355
     2335.65        722.96      1233.73       176.00      1.235390e-22       3.172035e-12       1.065257e-06      326.355      326.355
     2335.66        722.97      1233.73       176.00      3.698864e-23       2.568714e-12       5.512744e-07      326.355      326.355
     2335.70        723.03      1233.83       175.99      8.372398e-23       9.139721e-12       4.352991e-08      326.355      326.355
     2335.68        723.00      1233.79       176.00      1.216408e-23       3.313587e-12       1.088220e-07      326.355      326.355
     2335.67        722.99      1233.77       176.00      1.748394e-22       2.191558e-12       1.303980e-06      326.355      326.354
     2335.67        722.98      1233.75       176.00      9.745804e-24       2.588151e-12       1.745646e-07      326.355      326.355
     2335.66        722.96      1233.72       175.99      2.849843e-23       4.908893e-12       2.097903e-07      326.355      326.355
     2335.68        722.99      1233.77       175.99      7.443758e-23       8.139624e-12       2.860788e-07      326.355      326.355
     2335.66        722.97      1233.74       176.00      1.544527e-23       1.939605e-12       3.418070e-07      326.355      326.355
     2335.68        723.00      1233.79       176.00      3.958622e-23       6.173470e-12       1.214285e-07      326.355      326.355
     2335.66        722.97      1233.74       175.99      1.235984e-23       2.890389e-12       2.001373e-07      326.355      326.355
     2335.68        722.99      1233.77       176.00      6.697759e-24       1.918435e-12       1.737057e-07      326.355      326.355
     2335.68        723.00      1233.79       176.00      2.097508e-23       1.601249e-12       4.290814e-07      326.355      326.355
     2335.68        723.00      1233.79       176.00      2.374259e-23       3.261742e-12       3.619894e-07      326.355      326.355
     2335.67        722.98      1233.75       176.00      6.040844e-24       1.690324e-12       1.784278e-07      326.355      326.355
     2335.69        723.01      1233.80       176.00      1.615687e-23       3.451476e-12       2.060141e-07      326.355      326.355
     2335.67        722.98      1233.75       176.00      5.261586e-24       2.126382e-12       8.602813e-08      326.355      326.355
     2335.66        722.96      1233.73       176.00      8.844623e-24       2.565278e-12       1.504650e-07      326.355      326.355
     2335.67        722.98      1233.75       176.00      3.890256e-24       1.564553e-12       1.201012e-07      326.355      326.355
     2335.66        722.98      1233.75       176.00      1.033433e-23       1.337036e-12       2.923468e-07      326.355      326.355
     2335.68        723.00      1233.79       176.00      1.509839e-23       3.122402e-12       2.312789e-07      326.355      326.355
     2335.66        722.97      1233.74       176.00      3.468584e-24       1.813382e-12       4.245348e-08      326.355      326.355
     2335.66        722.96      1233.72       176.00      1.974698e-23       2.804029e-12       3.447376e-07      326.355      326.355
     2335.67        722.99      1233.76       176.00      1.559223e-24       1.233865e-12       1.918341e-08      326.355      326.355
     2335.67        722.98      1233.75       176.00      3.458727e-24       1.526689e-12       1.062049e-07      326.355      326.355
     2335.67        722.98      1233.75       176.00      3.807641e-24       1.610628e-12       1.101598e-07      326.355      326.355
     2335.67        722.98      1233.75       176.00      8.704844e-24       1.406308e-12       2.593673e-07      326.355      326.355
     2335.67        722.98      1233.75       176.00      2.326989e-24       1.503970e-12       2.550751e-08      326.355      326.355
     2335.67        722.98      1233.75       176.00      4.339715e-24       2.046386e-12       3.898946e-08      326.355      326.355
     2335.67        722.98      1233.75       176.00      2.693735e-24       1.470044e-12       7.298680e-08      326.355      326.355
     2335.67        722.99      1233.76       176.00      1.365939e-24       1.083826e-12       4.373337e-08      326.355      326.355
     2335.67        722.99      1233.77       176.00      9.318946e-25       8.573798e-13       4.436152e-08      326.355      326.355
     2335.67        722.99      1233.77       176.00      1.131300e-24       9.351783e-13       5.066969e-08      326.355      326.355
     2335.68        722.99      1233.78       176.00      1.697850e-24       1.035851e-12       7.904830e-08      326.355      326.355
     2335.68        723.00      1233.79       176.00      3.663787e-24       1.867590e-12       4.193993e-08      326.355      326.355
     2335.67        722.98      1233.76       176.00      1.487536e-24       1.201959e-12       2.069588e-08      326.355      326.355
     2335.67        722.98      1233.75       176.00      2.224110e-24       1.288274e-12       7.513048e-08      326.355      326.355
     2335.67        722.99      1233.77       176.00      1.176719e-24       1.005792e-12       4.063276e-08      326.355      326.355
     2335.67        722.99      1233.78       176.00      8.724160e-25       7.691938e-13       5.298649e-08      326.355      326.355
     2335.68        723.00      1233.78       176.00      2.009277e-24       2.832158e-13       1.388908e-07      326.355      326.355
     2335.68        723.00      1233.78       176.00      5.072849e-25       6.516462e-13       2.874754e-08      326.355      326.355
     2335.68        723.01      1233.80       176.00      3.853972e-25       5.272674e-13       3.276985e-08      326.355      326.355
     2335.68        723.00      1233.79       176.00      2.918483e-25       5.377599e-13       5.160027e-09      326.355      326.355
     2335.68        723.00      1233.79       176.00      1.516866e-25       9.707276e-14       3.771784e-08      326.355      326.355
     2335.68        723.01      1233.80       176.00      2.929662e-26       1.015010e-13       1.378193e-08      326.355      326.355
     2335.69        723.02      1233.82       176.00      1.156938e-25       1.643966e-13       2.977709e-08      326.355      326.355
     2335.69        723.01      1233.81       176.00      1.271111e-24       2.693470e-15       1.127432e-07      326.355      326.355
     2335.68        723.00      1233.78       176.00      4.449266e-25       6.435785e-13       1.753092e-08      326.355      326.355
     2335.69        723.01      1233.81       176.00      6.539427e-25       4.195298e-13       6.913302e-08      326.355      326.355
     2335.68        723.01      1233.80       176.00      3.263894e-25       4.200318e-13       3.872502e-08      326.355      326.355
     2335.69        723.02      1233.81       176.00      1.608173e-25       1.744856e-14       4.006405e-08      326.355      326.355
     2335.68        723.01      1233.81       176.00      9.938602e-26       4.848594e-15       3.152182e-08      326.355      326.355
     2335.68        723.01      1233.81       176.00      3.707366e-26       6.151087e-15       1.924469e-08      326.355      326.355
     2335.68        723.00      1233.79       176.00      5.301461e-26       1.058187e-13       2.044921e-08      326.355      326.355
     2335.69        723.01      1233.81       176.00      2.227788e-25       1.508686e-14       4.717533e-08      326.355      326.355
     2335.68        723.01      1233.80       176.00      2.894070e-26       4.644725e-14       1.636562e-08      326.355      326.355
     2335.68        723.00      1233.79       176.00      2.342391e-25       1.584363e-13       4.573150e-08      326.355      326.355
     2335.68        723.01      1233.80       176.00      1.465050e-26       7.392905e-15       1.208133e-08      326.355      326.355
     2335.69        723.02      1233.81       176.00      1.558030e-25       2.926093e-14       3.936328e-08      326.355      326.355
     2335.68        723.00      1233.80       176.00      5.841280e-27       4.876056e-14       5.885311e-09      326.355      326.355
     2335.68        723.00      1233.79       176.00      3.059505e-26       1.155389e-13       1.313233e-08      326.355      326.355
     2335.68        723.01      1233.80       176.00      6.630419e-27       6.582920e-14       4.792635e-09      326.355      326.355
     2335.68        723.00      1233.80       176.00      4.069444e-26       1.130854e-13       1.670513e-08      326.355      326.355
     2335.68        723.01      1233.80       176.00      6.322802e-27       5.026083e-14       6.161697e-09      326.355      326.355
     2335.68        723.01      1233.80       176.00      6.224187e-26       3.874913e-14       2.464556e-08      326.355      326.355
     2335.68        723.01      1233.80       176.00      5.505613e-27       3.816322e-14       6.363318e-09      326.355      326.355
     2335.68        723.00      1233.79       176.00      3.307151e-26       1.271175e-13       1.300486e-08      326.355      326.355
     2335.68        723.01      1233.80       176.00      4.114645e-27       2.117225e-14       6.055065e-09      326.355      326.355
     2335.68        723.01      1233.80       176.00      3.216340e-27       1.900773e-14       5.343263e-09      326.355      326.355
     2335.68        723.01      1233.80       176.00      1.166149e-26       1.802731e-14       1.064730e-08      326.355      326.355
     2335.68        723.01      1233.80       176.00      6.530387e-27       5.386796e-14       6.023810e-09      326.355      326.355
     2335.68        723.01      1233.80       176.00      2.019854e-27       3.466266e-14       2.860690e-09      326.355      326.355
     2335.68        723.01      1233.80       176.00      1.041995e-26       1.340964e-14       1.011935e-08      326.355      326.355
     2335.68        723.01      1233.80       176.00      1.720507e-27       3.638939e-14       1.990778e-09      326.355      326.355
     2335.68        723.01      1233.80       176.00      3.594598e-27       1.611006e-14       5.775002e-09      326.355      326.355
     2335.68        723.01      1233.80       176.00      4.731519e-27       2.811415e-14       6.277829e-09      326.355      326.355
     2335.68        723.01      1233.80       176.00      1.326638e-27       2.276884e-14       2.842917e-09      326.355      326.355
     2335.68        723.01      1233.80       176.00      7.490785e-27       3.929970e-14       7.711237e-09      326.355      326.355
     2335.68        723.01      1233.80       176.00      9.521742e-28       2.091261e-14       2.269002e-09      326.355      326.355
     2335.68        723.01      1233.80       176.00      7.185748e-27       4.469921e-14       7.202589e-09      326.355      326.355
     2335.68        723.01      1233.80       176.00      8.726094e-28       2.226674e-14       1.941138e-09      326.355      326.355
     2335.68        723.01      1233.80       176.00      3.532444e-27       2.382540e-14       5.444993e-09      326.355      326.355
     2335.68        723.01      1233.80       176.00      8.921476e-28       2.885676e-14       7.709399e-10      326.355      326.355
     2335.68        723.01      1233.80       176.00      2.639972e-28       1.406286e-14       8.138380e-10      326.355      326.355
     2335.68        723.01      1233.80       176.00      3.519793e-28       8.256406e-15       1.684669e-09      326.355      326.355
     2335.68        723.01      1233.80       176.00      1.769161e-27       1.916026e-14       3.744390e-09      326.355      326.355
     2335.68        723.01      1233.80       176.00      6.217303e-28       2.179656e-14       1.210952e-09      326.355      326.355
     2335.68        723.01      1233.80       176.00      1.827323e-27       2.141446e-14       3.699654e-09      326.355      326.355
     2335.68        723.01      1233.80       176.00      5.494357e-28       2.100518e-14       1.040279e-09      326.355      326.355
     2335.68        723.01      1233.80       176.00      2.161993e-28       1.231067e-14       8.040326e-10      326.355      326.355
     2335.68        723.01      1233.80       176.00      2.358215e-28       7.620781e-15       1.333211e-09      326.355      326.355
     2335.68        723.01      1233.80       176.00      1.282959e-27       1.306610e-14       3.335020e-09      326.355      326.355
     2335.68        723.01      1233.80       176.00      4.496205e-28       1.932525e-14       8.726697e-10      326.355      326.355
     2335.68        723.01      1233.80       176.00      3.263462e-28       1.153600e-14       1.390204e-09      326.355      326.355
     2335.68        723.01      1233.80       176.00      4.369367e-28       8.377258e-15       1.915093e-09      326.355      326.355
     2335.68        723.01      1233.80       176.00      9.156806e-29       5.476145e-15       7.847286e-10      326.355      326.355
     2335.68        723.01      1233.81       176.00      9.753860e-29       1.898841e-15       9.691904e-10      326.355      326.355
     2335.68        723.01      1233.80       176.00      2.338815e-28       1.271961e-14       8.490756e-10      326.355      326.355
     2335.68        723.01      1233.80       176.00      2.973873e-28       9.983229e-15       1.406138e-09      326.355      326.355
     2335.68        723.01      1233.80       176.00      1.770737e-28       1.029147e-14       8.435603e-10      326.355      326.355
     2335.68        723.01      1233.80       176.00      2.434395e-28       6.961679e-15       1.396333e-09      326.355      326.355
     2335.68        723.01      1233.80       176.00      1.609201e-28       8.249435e-15       9.636748e-10      326.355      326.355
     2335.68        723.01      1233.80       176.00      3.717378e-29       5.828516e-15       1.789464e-10      326.355      326.355
     2335.68        723.01      1233.81       176.00      6.278662e-29       3.840103e-15       6.931106e-10      326.355      326.355
     2335.68        723.01      1233.81       176.00      2.834018e-29       3.852600e-15       3.673914e-10      326.355      326.355
     2335.68        723.01      1233.81       176.00      1.449313e-28       2.145592e-15       1.184600e-09      326.355      326.355
     2335.68        723.01      1233.81       176.00      1.723677e-28       2.488574e-15       1.289088e-09      326.355      326.355
     2335.68        723.01      1233.81       176.00      9.232445e-29       3.857498e-15       8.800236e-10      326.355      326.355
     2335.68        723.01      1233.81       176.00      4.341136e-28       2.103209e-15       2.072897e-09      326.355      326.355
     2335.68        723.01      1233.80       176.00      5.067100e-29       6.278005e-15       3.355243e-10      326.355      326.355
     2335.68        723.01      1233.80       176.00      6.162360e-29       6.815879e-15       3.894534e-10      326.355      326.355
     2335.68        723.01      1233.80       176.00      3.660597e-29       5.610565e-15       2.264405e-10      326.355      326.355
     2335.68        723.01      1233.81       176.00      1.794528e-29       4.002321e-15       1.388059e-10      326.355      326.355
     2335.68        723.01      1233.81       176.00      1.087495e-29       3.108840e-15       1.100030e-10      326.355      326.355
     2335.68        723.01      1233.81       176.00      1.637221e-29       2.797698e-15       2.923199e-10      326.355      326.355
     2335.68        723.01      1233.81       176.00      6.906109e-30       2.039148e-15       1.657704e-10      326.355      326.355
     2335.68        723.01      1233.81       176.00      3.815534e-29       1.094444e-15       6.079270e-10      326.355      326.355
     2335.68        723.01      1233.81       176.00      6.036841e-29       9.159908e-16       7.715528e-10      326.355      326.355
     2335.68        723.01      1233.81       176.00      1.744663e-29       4.059455e-15       9.835915e-11      326.355      326.355
     2335.68        723.01      1233.81       176.00      3.747011e-29       2.849865e-15       5.417415e-10      326.355      326.355
     2335.68        723.01      1233.81       176.00      1.061729e-29       3.255234e-15       1.440163e-11      326.355      326.355
     2335.68        723.01      1233.81       176.00      2.783034e-30       1.604553e-15       4.565572e-11      326.355      326.355
     2335.68        723.01      1233.81       176.00      6.929709e-30       8.140300e-16       2.503410e-10      326.355      326.355
     2335.68        723.01      1233.81       176.00      1.549297e-29       1.996802e-15       3.392013e-10      326.355      326.355
     2335.68        723.01      1233.81       176.00      1.533833e-29       2.174636e-15       3.257190e-10      326.355      326.355
     2335.68        723.01      1233.81       176.00      1.439094e-29       2.575456e-15       2.785312e-10      326.355      326.355
     2335.68        723.01      1233.81       176.00      6.115272e-30       2.467366e-15       1.654626e-11      326.355      326.355
     2335.68        723.01      1233.81       176.00      4.818706e-30       2.162022e-15       3.799543e-11      326.355      326.355
     2335.68        723.01      1233.81       176.00      3.795760e-30       9.983698e-16       1.673026e-10      326.355      326.355
     2335.68        723.01      1233.81       176.00      8.998723e-30       1.363623e-15       2.671939e-10      326.355      326.355
     2335.68        723.01      1233.81       176.00      1.275459e-29       1.859905e-15       3.048827e-10      326.355      326.355
     2335.68        723.01      1233.81       176.00      4.956593e-30       1.273369e-15       1.826232e-10      326.355      326.355
     2335.68        723.01      1233.81       176.00      9.489362e-30       1.738180e-15       2.543245e-10      326.355      326.355
     2335.68        723.01      1233.81       176.00      4.087390e-30       2.015196e-15       1.623989e-11      326.355      326.355
     2335.68        723.01      1233.81       176.00      4.233791e-30       1.785046e-15       1.023426e-10      326.355      326.355
     2335.68        723.01      1233.81       176.00      6.024934e-30       1.743081e-15       1.728180e-10      326.355      326.355
     2335.68        723.01      1233.81       176.00      3.044474e-30       1.672743e-15       4.963932e-11      326.355      326.355
     2335.68        723.01      1233.81       176.00      6.944346e-30       2.339231e-15       1.213402e-10      326.355      326.355
     2335.68        723.01      1233.81       176.00      7.452057e-30       1.506273e-15       2.276664e-10      326.355      326.355
     2335.68        723.01      1233.81       176.00      2.695260e-30       1.636179e-15       1.348232e-11      326.355      326.355
     2335.68        723.01      1233.81       176.00      8.956826e-30       1.801263e-15       2.390037e-10      326.355      326.355
     2335.68        723.01      1233.81       176.00      3.241365e-30       1.688382e-15       6.250854e-11      326.355      326.355
     2335.68        723.01      1233.81       176.00      3.429519e-30       1.430053e-15       1.176633e-10      326.355      326.355
     2335.68        723.01      1233.81       176.00      5.833184e-30       1.383833e-15       1.979442e-10      326.355      326.355
     2335.68        723.01      1233.81       176.00      2.830689e-30       1.485166e-15       7.905515e-11      326.355      326.355
     2335.68        723.01      1233.81       176.00      4.301037e-30       1.780594e-15       1.063260e-10      326.355      326.355
     2335.68        723.01      1233.81       176.00      6.609329e-30       1.514380e-15       2.077494e-10      326.355      326.355
     2335.68        723.01      1233.81       176.00      2.663486e-30       1.620194e-15       1.961056e-11      326.355      326.355
     2335.68        723.01      1233.81       176.00      1.102811e-29       1.558587e-15       2.932392e-10      326.355      326.355
     2335.68        723.01      1233.81       176.00      7.680068e-30       1.656794e-15       2.221509e-10      326.355      326.355
     2335.68        723.01      1233.81       176.00      7.404197e-30       1.531603e-15       2.249086e-10      326.355      326.355
     2335.68        723.01      1233.81       176.00      5.794357e-30       1.662901e-15       1.740436e-10      326.355      326.355
     2335.68        723.01      1233.81       176.00      8.037054e-30       1.571720e-15       2.359396e-10      326.355      326.355
     2335.68        723.01      1233.81       176.00      3.641308e-30       1.633345e-15       9.866570e-11      326.355      326.355
     2335.68        723.01      1233.81       176.00      3.369716e-30       1.753730e-15       5.423532e-11      326.355      326.355
     2335.68        723.01      1233.81       176.00      3.888959e-30       1.656915e-15       1.069389e-10      326.355      326.355
     2335.68        723.01      1233.81       176.00      3.888959e-30       1.656915e-15       1.069389e-10      326.355      326.355
     2335.68        723.01      1233.81       176.00      5.794357e-30       1.662901e-15       1.740436e-10      326.355      326.355
     2335.68        723.01      1233.81       176.00      4.627883e-30       1.658877e-15       1.369675e-10      326.355      326.355
     2335.68        723.01      1233.81       176.00      2.681084e-30       1.629927e-15       1.562713e-11      326.355      326.355
     2335.68        723.01      1233.81       176.00      7.735354e-30       1.685530e-15       2.212316e-10      326.355      326.355
     2335.68        723.01      1233.81       176.00      2.947699e-30       1.627949e-15       5.454187e-11      326.355      326.355
     2335.68        723.01      1233.81       176.00      2.873532e-30       1.638357e-15       4.351091e-11      326.355      326.355
