 [Q11, Q12, Q22, Q66]  O.F.1  IT_1 IT_Force Force_Exp Force_FEMU 
     2335.68       1012.22       987.05       211.20      6.120480e-03       7.823350e-02       2.950434e-01      326.355      230.066
     7578.68       1012.22       987.05       211.20      4.978436e-03       7.055803e-02       2.421933e+00      326.355     1116.765
     2335.68       4916.85       987.05       211.20      4.978436e-03       7.055803e-02       2.421933e+00      326.355     1116.765
     2335.68       1012.22      4859.54       211.20      3.163432e-03       5.624440e-02       1.003895e-01      326.355      359.117
     2335.68       1012.22       987.05      2730.27      1.422250e-02       1.192581e-01       2.676889e-01      326.355      238.993
     4600.23       2607.37      2566.19       551.13      7.206361e-03       8.489029e-02       8.192205e-02      326.355      353.091
     3965.58       2140.49      2103.33        21.13      1.001130e-02       1.000565e-01       6.099992e-02      326.355      306.447
     4600.23       1012.22      2566.19       211.20      2.236236e-04       1.495405e-02       1.177980e+00      326.355      710.794
     2335.68       2607.37      2566.19       211.20      2.236236e-04       1.495405e-02       1.177980e+00      326.355      710.794
     2335.68       1012.22      2566.19       211.20      2.025311e-04       1.423134e-02       8.192606e-03      326.355      329.029
     2335.68       1012.22      2566.19      1118.61      4.987530e-04       2.233278e-02       1.365066e-02      326.355      330.810
     3376.23       1718.74       987.05       575.81      4.987530e-04       2.233278e-02       1.365066e-02      326.355      330.810
     3098.72       1524.92      1685.60       467.89      2.163926e-03       4.651802e-02       6.446290e-02      326.355      305.317
     3376.23       1012.22      2566.19       211.20      2.064194e-04       1.436730e-02       5.459088e-01      326.355      504.515
     2335.68       1718.74      2566.19       211.20      2.475277e-05       4.975216e-03       3.669204e-01      326.355      206.609
     2335.68       1012.22      2566.19       575.81      2.920191e-04       1.708857e-02       1.181710e-02      326.355      330.211
     2335.68       1012.22      3625.50       211.20      1.355312e-03       3.681456e-02       6.493160e-02      326.355      347.546
     2832.75       1342.54      1685.60       371.14      4.174325e-04       2.043116e-02       5.429704e-02      326.355      308.635
     2704.11       1255.64      2103.33       326.95      1.175222e-06       1.084076e-03       3.054614e-02      326.355      336.324
     3031.14       1478.25      2329.15        47.08      6.367167e-05       7.979453e-03       9.120563e-02      326.355      356.120
     1912.27       1743.77      2214.83       155.33      6.590076e-04       2.567114e-02       7.035569e-01      326.355       96.746
     2972.60       1176.79      2475.99       196.43      2.386681e-05       4.885367e-03       2.581778e-01      326.355      410.612
     3205.75       1848.90      2172.69       148.96      8.991551e-04       2.998591e-02       1.269770e-01      326.355      284.915
     2540.66       1198.22      2464.82       194.62      1.552427e-05       3.940086e-03       2.331574e-02      326.355      333.964
     2262.70       1187.48      2470.40       549.74      7.325391e-05       8.558850e-03       1.097855e-01      326.355      290.526
     2828.81       1402.62      2364.08       120.92      1.235083e-06       1.111343e-03       4.573257e-02      326.355      341.280
     3217.16        866.34      2142.43       195.67      1.666256e-04       1.290835e-02       4.884797e-01      326.355      485.773
     2543.20       1478.90      2456.76       207.26      3.344377e-07       5.783059e-04       1.277691e-01      326.355      284.657
     2350.87       1495.68      2217.40       215.98      2.126258e-05       4.611137e-03       2.853773e-01      326.355      233.221
     2499.65       1412.42      2280.74       211.00      9.708577e-07       9.853211e-04       1.416324e-01      326.355      280.132
     2746.03       1587.65      2139.61       226.46      1.221367e-04       1.105155e-02       1.631463e-01      326.355      273.111
     2591.27       1290.51      2381.41       202.35      7.826797e-07       8.846918e-04       7.865884e-03      326.355      323.788
     2350.02       1313.89      2244.03       384.97      8.376233e-06       2.894172e-03       1.626894e-01      326.355      273.260
     2705.07       1380.17      2333.78       172.95      8.459583e-08       2.908536e-04       7.767617e-03      326.355      323.820
     2467.03       1530.42      2636.85       101.44      1.706893e-06       1.306481e-03       1.717176e-01      326.355      270.314
     2643.85       1321.82      2231.20       258.50      2.676135e-07       5.173137e-04       1.966708e-02      326.355      319.936
     2744.15       1322.18      2420.45       207.34      5.288547e-07       7.272240e-04       5.994803e-02      326.355      345.919
     2726.64       1462.22      2338.20       218.66      1.059659e-06       1.029397e-03       4.358845e-02      326.355      312.130
     2624.80       1332.45      2370.57       206.37      1.578016e-07       3.972424e-04       1.490451e-02      326.355      321.491
     2516.09       1434.25      2275.43       213.05      1.959638e-06       1.399871e-03       1.475915e-01      326.355      278.188
     2686.23       1349.78      2383.79       208.76      1.040229e-07       3.225258e-04       9.335715e-03      326.355      329.402
     2789.35       1219.21      2205.46       213.89      2.456416e-07       4.956224e-04       1.082990e-01      326.355      361.699
     2758.85       1317.57      2416.35       149.27      1.239418e-06       1.113291e-03       6.737026e-02      326.355      348.342
     2672.38       1320.76      2276.81       228.39      6.598230e-08       2.568702e-04       2.348885e-03      326.355      327.121
     2557.18       1478.34      2480.60       193.60      1.812116e-07       4.256896e-04       1.165247e-01      326.355      288.326
     2614.30       1411.25      2410.34       198.58      7.357607e-08       2.712491e-04       5.916446e-02      326.355      307.046
     2714.35       1398.51      2331.32       197.02      1.045494e-07       3.233410e-04       1.328489e-02      326.355      322.019
     2691.82       1381.85      2341.10       199.34      5.413935e-08       2.326786e-04       1.335972e-02      326.355      321.995
     2655.37       1397.04      2297.15       190.12      2.317839e-07       4.814394e-04       4.926024e-02      326.355      310.279
     2678.50       1361.52      2361.98       204.02      5.262369e-08       2.293985e-04       4.907989e-03      326.355      324.753
     2623.58       1357.17      2360.89       245.00      1.947398e-07       4.412933e-04       2.978186e-02      326.355      316.635
     2684.58       1374.40      2340.55       189.79      4.894005e-08       2.212240e-04       1.320834e-02      326.355      322.044
     2750.17       1308.76      2251.00       211.81      2.548592e-08       1.596431e-04       4.481992e-02      326.355      340.982
     2819.35       1258.95      2173.33       218.59      1.540078e-08       1.240999e-04       9.687983e-02      326.355      357.972
     2764.53       1366.87      2330.57       178.73      5.819858e-08       2.412438e-04       3.050412e-02      326.355      336.310
     2741.35       1355.27      2317.08       190.58      3.786403e-08       1.945868e-04       2.346163e-02      326.355      334.012
     2769.77       1293.16      2254.58       201.82      3.524762e-08       1.877435e-04       6.411662e-02      326.355      347.280
     2829.61       1279.19      2181.62       196.08      1.863974e-08       1.365274e-04       9.111752e-02      326.355      356.092
     2897.20       1220.65      2124.57       213.83      1.483165e-08       1.217853e-04       1.510440e-01      326.355      375.649
     3006.46       1147.15      2020.41       226.40      2.446685e-08       1.564188e-04       2.330647e-01      326.355      402.417
     2917.60       1173.64      2053.39       225.11      1.636693e-08       1.279333e-04       1.773156e-01      326.355      384.223
     2963.40       1173.83      2014.57       225.03      2.640713e-09       5.138787e-05       1.947615e-01      326.355      389.916
     3062.59       1116.31      1899.54       237.11      6.067552e-10       2.463240e-05       2.607873e-01      326.355      411.464
     3018.98       1107.45      1944.54       252.88      2.165965e-08       1.471722e-04       2.508063e-01      326.355      408.207
     2876.40       1235.11      2121.10       209.60      8.618643e-09       9.283665e-05       1.313355e-01      326.355      369.217
     2908.82       1241.09      2103.31       214.28      8.909543e-09       9.439037e-05       1.419113e-01      326.355      372.668
     3054.55       1147.81      1951.68       218.56      1.695224e-09       4.117310e-05       2.464246e-01      326.355      406.777
     3053.83       1148.83      1913.73       225.78      1.302315e-08       1.141190e-04       2.393583e-01      326.355      404.471
     3014.30       1166.58      1965.43       222.76      4.336475e-09       6.585192e-05       2.171443e-01      326.355      397.221
     3095.59       1093.33      1867.35       229.64      2.209488e-10       1.486435e-05       2.855662e-01      326.355      419.551
     3191.07       1022.93      1754.53       237.52      2.540251e-11       5.040090e-06       3.571964e-01      326.355      442.928
     3290.93        996.64      1675.51       249.07      9.078899e-10       3.013121e-05       4.114076e-01      326.355      460.620
     3286.66        977.58      1677.49       248.46      2.729359e-11       5.224326e-06       4.203925e-01      326.355      463.552
     3363.36        914.16      1560.33       268.75      7.141126e-10       2.672289e-05       4.778774e-01      326.355      482.313
     3159.66       1016.25      1766.71       246.53      2.157243e-09       4.644613e-05       3.468966e-01      326.355      439.566
     3257.87       1001.53      1698.09       248.43      3.853945e-11       6.208015e-06       3.951831e-01      326.355      455.325
     3038.59       1150.43      1963.82       218.26      1.627193e-09       4.033848e-05       2.386339e-01      326.355      404.234
     3280.67        970.71      1656.93       255.64      3.083542e-11       5.552965e-06       4.181207e-01      326.355      462.811
     3450.93        876.99      1504.89       258.06      1.071884e-09       3.273964e-05       5.350459e-01      326.355      500.970
     3157.57       1053.80      1796.65       242.26      2.856247e-11       5.344386e-06       3.291954e-01      326.355      433.789
     3199.78       1010.43      1743.94       243.43      2.796423e-10       1.672251e-05       3.672695e-01      326.355      446.215
     3243.30       1003.75      1709.50       247.18      9.659671e-13       9.828362e-07       3.881880e-01      326.355      453.042
     3158.82       1058.90      1813.31       232.31      7.982584e-11       8.934531e-06       3.293146e-01      326.355      433.828
     3250.00        992.40      1695.37       249.70      2.211195e-12       1.487009e-06       3.959204e-01      326.355      455.565
     3328.86        945.83      1623.72       249.15      1.049222e-10       1.024316e-05       4.516497e-01      326.355      473.753
     3199.99       1026.27      1752.61       243.97      1.771165e-12       1.330851e-06       3.597954e-01      326.355      443.776
     3156.06       1045.57      1779.06       240.71      2.694323e-11       5.190687e-06       3.302267e-01      326.355      434.126
     3188.47       1028.36      1753.39       242.64      2.708815e-12       1.645848e-06       3.527336e-01      326.355      441.471
     3249.83       1002.39      1700.91       254.35      8.916836e-11       9.442900e-06       3.911621e-01      326.355      454.013
     3205.71       1017.78      1741.05       241.68      1.547555e-12       1.244008e-06       3.656666e-01      326.355      445.692
     3261.15        991.82      1695.96       248.62      1.413415e-12       1.188871e-06       4.020791e-01      326.355      457.575
     3205.05       1027.48      1754.28       241.05      1.032236e-12       1.015990e-06       3.619099e-01      326.355      444.466
     3257.66        994.18      1697.84       245.27      5.502811e-14       2.345804e-07       3.991349e-01      326.355      456.615
     3286.69        978.32      1670.78       245.91      1.810024e-12       1.345371e-06       4.188397e-01      326.355      463.045
     3277.99        990.82      1687.78       249.40      1.625578e-12       1.274981e-06       4.100635e-01      326.355      460.181
     3223.71       1011.01      1727.66       243.59      1.437732e-13       3.791742e-07       3.767365e-01      326.355      449.305
     3203.77       1026.46      1748.75       239.95      2.065721e-12       1.437261e-06       3.609013e-01      326.355      444.137
     3246.76       1000.42      1709.08       246.44      1.040460e-13       3.225614e-07       3.917835e-01      326.355      454.215
     3280.85        977.49      1668.26       250.23      3.013243e-12       1.735870e-06       4.160179e-01      326.355      462.124
     3223.92       1014.86      1732.58       243.33      5.689206e-14       2.385203e-07       3.754326e-01      326.355      448.879
     3232.70       1006.46      1724.04       242.15      4.367419e-12       2.089837e-06       3.833503e-01      326.355      451.463
     3240.65       1004.42      1713.13       245.91      4.025548e-14       2.006373e-07       3.869785e-01      326.355      452.647
     3260.82        995.94      1698.67       246.88      7.374429e-14       2.715587e-07       3.999456e-01      326.355      456.879
     3244.73       1004.25      1711.97       244.25      1.893827e-14       1.376158e-07       3.889546e-01      326.355      453.292
     3243.71       1006.16      1713.42       243.16      3.898489e-13       6.243787e-07       3.875375e-01      326.355      452.830
     3222.70       1012.93      1729.11       242.51      4.280445e-14       2.068920e-07       3.753198e-01      326.355      448.842
     3258.97        993.06      1693.53       245.64      6.225411e-14       2.495074e-07       3.997633e-01      326.355      456.820
     3232.67       1009.39      1722.77       243.91      3.899012e-15       6.244090e-08       3.815129e-01      326.355      450.863
     3212.77       1021.40      1740.76       243.02      6.646583e-13       8.152657e-07       3.672488e-01      326.355      446.208
     3246.41       1000.95      1708.53       244.70      4.292670e-16       2.071507e-08       3.911617e-01      326.355      454.012
     3259.58        996.61      1699.14       246.89      1.177827e-13       3.431946e-07       3.990002e-01      326.355      456.571
     3231.90       1008.83      1721.60       243.60      2.902255e-15       5.387123e-08       3.812336e-01      326.355      450.772
     3237.20       1007.28      1719.30       242.32      3.149803e-14       1.774764e-07       3.844512e-01      326.355      451.822
     3238.06       1006.57      1717.75       243.22      2.478893e-15       4.978699e-08       3.850831e-01      326.355      452.029
     3229.79       1008.62      1723.35       243.46      6.731027e-14       2.594420e-07       3.805441e-01      326.355      450.547
     3240.99       1005.34      1714.81       244.06      9.998194e-16       3.161755e-08       3.868506e-01      326.355      452.605
     3246.02       1001.46      1708.58       243.88      1.341453e-15       3.662377e-08       3.906520e-01      326.355      453.846
     3253.86        998.33      1703.26       244.33      8.632202e-15       9.290880e-08       3.956452e-01      326.355      455.476
     3237.38       1006.20      1717.00       243.78      2.291459e-16       1.513267e-08       3.848346e-01      326.355      451.948
     3247.34       1000.41      1706.71       245.00      1.235619e-15       3.514918e-08       3.916665e-01      326.355      454.177
     3240.04       1004.99      1714.95       244.89      9.144430e-16       3.023729e-08       3.866047e-01      326.355      452.525
     3235.08       1008.34      1720.94       243.72      1.568440e-15       3.960168e-08       3.830599e-01      326.355      451.368
     3244.27       1002.39      1710.26       244.68      9.784223e-17       9.883851e-09       3.895146e-01      326.355      453.475
     3243.06       1001.93      1710.55       244.97      2.152386e-15       4.639218e-08       3.892063e-01      326.355      453.374
     3241.51       1004.49      1713.75       244.28      6.164285e-17       7.841731e-09       3.874398e-01      326.355      452.798
     3244.74       1002.02      1709.82       243.84      6.325537e-16       2.514760e-08       3.898705e-01      326.355      453.591
     3243.57       1002.76      1711.10       244.10      3.597731e-17       5.985478e-09       3.890540e-01      326.355      453.325
     3236.96       1006.98      1717.54       243.72      2.856456e-15       5.344444e-08       3.842595e-01      326.355      451.760
     3244.05       1002.45      1710.78       244.46      8.215101e-18       2.839620e-09       3.894362e-01      326.355      453.449
     3249.32        999.85      1705.95       244.98      1.083780e-15       3.291847e-08       3.928889e-01      326.355      454.576
     3240.36       1004.61      1714.24       244.08      9.348407e-18       3.032945e-09       3.868477e-01      326.355      452.605
     3240.47       1004.77      1714.67       243.78      1.263513e-16       1.123395e-08       3.868744e-01      326.355      452.613
     3243.32       1002.98      1711.36       244.45      9.791910e-18       3.104948e-09       3.888545e-01      326.355      453.259
     3244.14       1001.92      1709.99       244.26      6.707262e-17       8.180513e-09       3.896562e-01      326.355      453.521
     3242.17       1003.84      1712.81       244.28      6.568730e-18       2.533415e-09       3.879940e-01      326.355      452.979
     3241.38       1004.18      1713.49       244.54      3.210414e-17       5.652784e-09       3.875121e-01      326.355      452.821
     3241.93       1003.83      1712.89       244.43      3.564287e-18       1.847653e-09       3.878976e-01      326.355      452.947
     3240.93       1004.39      1713.99       244.17      1.646317e-18       1.223261e-09       3.872333e-01      326.355      452.730
     3239.74       1005.09      1715.31       244.03      3.052594e-17       5.511499e-09       3.864227e-01      326.355      452.466
     3244.17       1002.64      1711.00       244.58      9.391936e-18       3.039783e-09       3.894328e-01      326.355      453.448
     3241.32       1004.12      1713.43       244.21      9.689276e-19       9.048624e-10       3.874940e-01      326.355      452.815
     3239.13       1005.64      1715.79       244.08      1.300990e-16       1.139957e-08       3.858732e-01      326.355      452.286
     3242.82       1003.25      1712.03       244.36      2.164052e-19       2.558077e-10       3.885455e-01      326.355      453.159
     3241.33       1003.95      1713.36       244.30      1.636843e-18       1.219269e-09       3.875912e-01      326.355      452.847
     3241.27       1004.02      1713.51       244.09      8.336717e-18       2.861212e-09       3.875343e-01      326.355      452.829
     3241.76       1003.88      1713.05       244.34      3.926644e-19       4.922096e-10       3.878068e-01      326.355      452.918
     3242.68       1003.21      1711.94       244.44      8.481460e-19       8.350000e-10       3.884854e-01      326.355      453.139
     3242.96       1003.28      1711.86       244.37      6.454098e-18       2.510599e-09       3.885747e-01      326.355      453.168
     3241.74       1003.78      1712.99       244.32      2.124523e-19       2.490676e-10       3.878371e-01      326.355      452.927
     3243.18       1002.94      1711.57       244.53      4.956885e-18       2.192188e-09       3.888434e-01      326.355      453.256
     3241.78       1003.83      1712.96       244.29      1.908538e-19       2.010987e-10       3.878313e-01      326.355      452.926
     3241.37       1004.16      1713.57       244.22      4.539087e-19       5.511199e-10       3.875249e-01      326.355      452.826
     3241.70       1003.92      1713.16       244.27      1.760904e-19       1.604017e-10       3.877650e-01      326.355      452.904
     3242.25       1003.51      1712.52       244.28      1.862494e-19       1.885835e-10       3.881826e-01      326.355      453.040
     3240.92       1004.27      1713.79       244.22      8.693630e-19       8.481690e-10       3.872626e-01      326.355      452.740
     3242.34       1003.50      1712.47       244.33      1.513552e-19       2.523450e-11       3.882247e-01      326.355      453.054
     3242.30       1003.60      1712.57       244.26      2.085911e-19       2.406641e-10       3.881648e-01      326.355      453.034
     3242.16       1003.64      1712.68       244.28      1.555586e-19       7.035825e-11       3.880829e-01      326.355      453.008
     3242.44       1003.46      1712.45       244.29      2.231647e-19       2.690552e-10       3.882963e-01      326.355      453.077
     3241.95       1003.73      1712.84       244.29      1.533003e-19       5.288624e-11       3.879476e-01      326.355      452.963
     3241.82       1003.89      1713.05       244.30      3.146981e-19       4.053245e-10       3.878275e-01      326.355      452.924
     3242.14       1003.61      1712.65       244.28      1.518733e-19       3.544734e-11       3.880938e-01      326.355      453.011
     3242.60       1003.32      1712.15       244.32      1.744941e-19       1.537274e-10       3.884095e-01      326.355      453.114
     3242.37       1003.47      1712.41       244.30      1.526108e-19       4.328997e-11       3.882484e-01      326.355      453.062
     3242.24       1003.52      1712.51       244.33      1.527884e-19       4.592498e-11       3.881744e-01      326.355      453.037
     3242.60       1003.31      1712.18       244.33      2.002918e-19       2.223045e-10       3.884231e-01      326.355      453.119
     3242.11       1003.63      1712.67       244.30      1.506029e-19       2.713060e-12       3.880664e-01      326.355      453.002
     3242.24       1003.59      1712.60       244.28      1.536053e-19       5.432150e-11       3.881423e-01      326.355      453.027
     3242.24       1003.53      1712.53       244.31      1.508950e-19       1.489584e-11       3.881664e-01      326.355      453.035
     3242.05       1003.66      1712.76       244.31      1.513475e-19       2.797031e-11       3.880273e-01      326.355      452.989
     3242.23       1003.56      1712.56       244.34      1.533006e-19       5.139339e-11       3.881486e-01      326.355      453.029
     3242.16       1003.59      1712.63       244.30      1.507184e-19       9.533936e-12       3.881075e-01      326.355      453.016
     3241.94       1003.71      1712.82       244.28      1.515923e-19       3.286440e-11       3.879591e-01      326.355      452.967
     3242.24       1003.55      1712.56       244.32      1.507294e-19       7.907577e-12       3.881583e-01      326.355      453.032
     3242.33       1003.49      1712.44       244.31      1.515711e-19       2.923617e-11       3.882220e-01      326.355      453.053
     3242.12       1003.62      1712.68       244.31      1.506563e-19       7.304036e-12       3.880760e-01      326.355      453.005
     3242.07       1003.67      1712.74       244.30      1.506072e-19       5.822248e-12       3.880378e-01      326.355      452.993
     3241.99       1003.70      1712.80       244.28      1.509568e-19       2.059155e-11       3.879855e-01      326.355      452.976
     3242.18       1003.59      1712.62       244.31      1.506379e-19       2.136627e-12       3.881151e-01      326.355      453.018
     3242.08       1003.66      1712.72       244.31      1.506480e-19       8.538180e-12       3.880401e-01      326.355      452.994
     3242.10       1003.65      1712.70       244.30      1.508751e-19       1.700987e-11       3.880538e-01      326.355      452.998
     3242.11       1003.63      1712.68       244.31      1.506049e-19       2.507826e-12       3.880704e-01      326.355      453.004
     3242.16       1003.60      1712.63       244.30      1.506827e-19       7.578341e-12       3.881047e-01      326.355      453.015
     3242.10       1003.64      1712.70       244.30      1.505970e-19       3.056213e-12       3.880563e-01      326.355      452.999
     3242.02       1003.69      1712.78       244.29      1.507279e-19       1.355160e-11       3.880003e-01      326.355      452.981
     3242.14       1003.62      1712.66       244.30      1.506113e-19       4.822175e-13       3.880864e-01      326.355      453.009
     3242.06       1003.67      1712.74       244.30      1.506048e-19       6.189723e-12       3.880290e-01      326.355      452.990
     3242.12       1003.62      1712.66       244.31      1.506052e-19       2.067448e-12       3.880733e-01      326.355      453.005
     3242.11       1003.63      1712.68       244.30      1.505973e-19       1.814975e-12       3.880644e-01      326.355      453.002
     3242.07       1003.66      1712.71       244.30      1.507645e-19       1.382899e-11       3.880377e-01      326.355      452.993
     3242.10       1003.64      1712.69       244.30      1.505945e-19       1.487896e-12       3.880623e-01      326.355      453.001
     3242.15       1003.60      1712.63       244.31      1.506187e-19       6.597877e-13       3.880956e-01      326.355      453.012
     3242.08       1003.65      1712.71       244.30      1.505918e-19       3.520065e-12       3.880457e-01      326.355      452.995
     3242.08       1003.65      1712.72       244.31      1.506118e-19       5.531819e-12       3.880479e-01      326.355      452.996
     3242.10       1003.64      1712.68       244.30      1.505946e-19       1.641287e-12       3.880618e-01      326.355      453.001
     3242.09       1003.65      1712.72       244.30      1.505943e-19       3.548316e-12       3.880486e-01      326.355      452.996
     3242.09       1003.64      1712.70       244.30      1.505942e-19       3.026338e-12       3.880529e-01      326.355      452.998
     3242.08       1003.66      1712.73       244.30      1.505920e-19       3.839339e-12       3.880429e-01      326.355      452.995
     3242.07       1003.67      1712.74       244.30      1.506085e-19       6.254584e-12       3.880328e-01      326.355      452.991
     3242.09       1003.64      1712.70       244.30      1.505909e-19       2.072803e-12       3.880549e-01      326.355      452.998
     3242.09       1003.64      1712.70       244.30      1.505885e-19       2.460921e-12       3.880496e-01      326.355      452.997
     3242.08       1003.64      1712.70       244.30      1.505879e-19       2.237431e-12       3.880501e-01      326.355      452.997
     3242.08       1003.65      1712.72       244.30      1.505916e-19       3.681909e-12       3.880439e-01      326.355      452.995
     3242.09       1003.64      1712.69       244.30      1.505913e-19       2.255939e-12       3.880544e-01      326.355      452.998
     3242.09       1003.64      1712.69       244.30      1.505914e-19       1.999071e-12       3.880559e-01      326.355      452.999
     3242.10       1003.63      1712.67       244.30      1.505943e-19       9.158370e-13       3.880637e-01      326.355      453.001
     3242.08       1003.65      1712.71       244.30      1.505892e-19       2.688140e-12       3.880489e-01      326.355      452.997
     3242.09       1003.65      1712.71       244.30      1.505911e-19       3.113571e-12       3.880482e-01      326.355      452.996
     3242.08       1003.65      1712.72       244.30      1.505906e-19       3.232428e-12       3.880466e-01      326.355      452.996
     3242.09       1003.64      1712.71       244.30      1.505913e-19       2.616339e-12       3.880521e-01      326.355      452.998
     3242.09       1003.65      1712.71       244.30      1.505916e-19       3.079958e-12       3.880492e-01      326.355      452.997
     3242.08       1003.64      1712.70       244.30      1.505881e-19       2.377691e-12       3.880495e-01      326.355      452.997
     3242.08       1003.65      1712.71       244.30      1.505889e-19       2.711473e-12       3.880484e-01      326.355      452.996
     3242.09       1003.64      1712.70       244.30      1.505892e-19       2.125665e-12       3.880525e-01      326.355      452.998
     3242.08       1003.64      1712.70       244.30      1.505908e-19       2.936583e-12       3.880492e-01      326.355      452.997
     3242.09       1003.64      1712.70       244.30      1.505899e-19       2.514375e-12       3.880510e-01      326.355      452.997
     3242.09       1003.64      1712.70       244.30      1.505887e-19       2.327629e-12       3.880506e-01      326.355      452.997
     3242.08       1003.64      1712.70       244.30      1.505876e-19       2.692362e-12       3.880468e-01      326.355      452.996
     3242.07       1003.65      1712.71       244.30      1.505883e-19       3.193456e-12       3.880439e-01      326.355      452.995
     3242.08       1003.64      1712.70       244.30      1.505874e-19       2.113802e-12       3.880501e-01      326.355      452.997
     3242.08       1003.64      1712.69       244.30      1.505871e-19       1.872469e-12       3.880510e-01      326.355      452.997
     3242.08       1003.64      1712.70       244.30      1.505862e-19       2.206316e-12       3.880481e-01      326.355      452.996
     3242.08       1003.64      1712.69       244.30      1.505850e-19       2.151593e-12       3.880468e-01      326.355      452.996
     3242.08       1003.64      1712.69       244.30      1.505855e-19       2.087913e-12       3.880479e-01      326.355      452.996
     3242.07       1003.64      1712.69       244.30      1.505845e-19       2.157418e-12       3.880462e-01      326.355      452.996
     3242.07       1003.64      1712.69       244.30      1.505840e-19       2.393855e-12       3.880441e-01      326.355      452.995
     3242.07       1003.63      1712.68       244.30      1.505839e-19       1.581610e-12       3.880482e-01      326.355      452.996
     3242.07       1003.62      1712.66       244.30      1.505836e-19       1.296204e-12       3.880488e-01      326.355      452.997
     3242.06       1003.63      1712.68       244.30      1.505805e-19       1.793117e-12       3.880428e-01      326.355      452.995
     3242.05       1003.63      1712.67       244.30      1.505772e-19       1.757692e-12       3.880388e-01      326.355      452.993
     3242.06       1003.62      1712.67       244.30      1.505798e-19       1.909006e-12       3.880414e-01      326.355      452.994
     3242.05       1003.62      1712.65       244.30      1.505777e-19       1.679500e-12       3.880398e-01      326.355      452.994
     3242.05       1003.61      1712.64       244.30      1.505788e-19       1.870276e-12       3.880403e-01      326.355      452.994
     3242.03       1003.62      1712.65       244.30      1.505743e-19       2.447739e-12       3.880313e-01      326.355      452.991
     3242.02       1003.61      1712.65       244.30      1.505696e-19       2.841106e-12       3.880225e-01      326.355      452.988
     3242.03       1003.61      1712.64       244.30      1.505705e-19       1.956664e-12       3.880293e-01      326.355      452.990
     3242.03       1003.62      1712.67       244.30      1.505687e-19       2.310058e-12       3.880249e-01      326.355      452.989
     3242.01       1003.63      1712.68       244.30      1.505675e-19       3.177995e-12       3.880172e-01      326.355      452.986
     3242.01       1003.62      1712.67       244.29      1.505654e-19       3.228263e-12       3.880141e-01      326.355      452.985
     3241.98       1003.63      1712.67       244.29      1.505628e-19       4.221569e-12       3.880012e-01      326.355      452.981
     3241.97       1003.61      1712.65       244.29      1.505551e-19       3.728979e-12       3.879963e-01      326.355      452.979
     3241.92       1003.61      1712.63       244.29      1.505468e-19       4.708580e-12       3.879751e-01      326.355      452.972
     3241.94       1003.63      1712.68       244.29      1.505671e-19       6.286761e-12       3.879788e-01      326.355      452.974
     3241.91       1003.63      1712.68       244.29      1.505782e-19       7.896769e-12       3.879637e-01      326.355      452.969
     3241.99       1003.62      1712.66       244.30      1.505623e-19       3.501629e-12       3.880078e-01      326.355      452.983
     3241.90       1003.61      1712.64       244.29      1.505612e-19       6.703678e-12       3.879643e-01      326.355      452.969
     3241.96       1003.60      1712.62       244.29      1.505580e-19       4.183578e-12       3.879954e-01      326.355      452.979
     3241.90       1003.59      1712.61       244.29      1.505631e-19       6.509474e-12       3.879701e-01      326.355      452.971
     3241.96       1003.62      1712.65       244.29      1.505545e-19       3.948265e-12       3.879934e-01      326.355      452.978
     3241.88       1003.60      1712.62       244.29      1.505782e-19       8.248929e-12       3.879563e-01      326.355      452.966
     3241.96       1003.61      1712.65       244.29      1.505545e-19       3.794124e-12       3.879949e-01      326.355      452.979
     3242.00       1003.61      1712.64       244.30      1.505621e-19       2.516742e-12       3.880152e-01      326.355      452.986
     3241.93       1003.61      1712.64       244.29      1.505605e-19       5.855614e-12       3.879770e-01      326.355      452.973
     3241.97       1003.61      1712.64       244.29      1.505555e-19       3.092213e-12       3.880025e-01      326.355      452.981
     3241.95       1003.62      1712.66       244.29      1.505538e-19       4.412973e-12       3.879875e-01      326.355      452.977
     3241.93       1003.62      1712.66       244.29      1.505570e-19       5.821651e-12       3.879731e-01      326.355      452.972
     3241.96       1003.61      1712.64       244.29      1.505536e-19       3.665010e-12       3.879951e-01      326.355      452.979
     3241.94       1003.61      1712.64       244.29      1.505538e-19       4.798723e-12       3.879829e-01      326.355      452.975
     3241.92       1003.61      1712.64       244.29      1.505465e-19       4.646064e-12       3.879754e-01      326.355      452.973
     3241.90       1003.61      1712.64       244.29      1.505473e-19       5.475489e-12       3.879656e-01      326.355      452.969
     3241.92       1003.60      1712.62       244.29      1.505459e-19       4.465173e-12       3.879767e-01      326.355      452.973
     3241.90       1003.58      1712.59       244.29      1.505438e-19       4.705668e-12       3.879712e-01      326.355      452.971
     3241.92       1003.60      1712.62       244.29      1.505414e-19       4.048433e-12       3.879755e-01      326.355      452.973
     3241.91       1003.59      1712.61       244.29      1.505474e-19       5.025076e-12       3.879719e-01      326.355      452.971
     3241.87       1003.59      1712.60       244.29      1.505423e-19       5.858011e-12       3.879535e-01      326.355      452.965
     3241.88       1003.58      1712.59       244.29      1.505423e-19       5.217681e-12       3.879628e-01      326.355      452.968
     3241.86       1003.56      1712.56       244.29      1.505546e-19       6.681892e-12       3.879562e-01      326.355      452.966
     3241.91       1003.60      1712.62       244.29      1.505457e-19       4.955076e-12       3.879706e-01      326.355      452.971
     3241.88       1003.57      1712.58       244.29      1.505538e-19       6.329163e-12       3.879610e-01      326.355      452.968
     3241.90       1003.59      1712.61       244.29      1.505432e-19       4.886788e-12       3.879682e-01      326.355      452.970
     3241.88       1003.60      1712.62       244.29      1.505412e-19       5.405660e-12       3.879588e-01      326.355      452.967
     3241.87       1003.60      1712.63       244.29      1.505445e-19       6.107366e-12       3.879525e-01      326.355      452.965
     3241.88       1003.59      1712.60       244.29      1.505378e-19       5.205744e-12       3.879571e-01      326.355      452.967
     3241.86       1003.58      1712.60       244.29      1.505352e-19       5.369305e-12       3.879516e-01      326.355      452.965
     3241.88       1003.60      1712.62       244.29      1.505390e-19       5.336111e-12       3.879569e-01      326.355      452.967
     3241.91       1003.60      1712.63       244.29      1.505395e-19       4.526388e-12       3.879678e-01      326.355      452.970
     3241.85       1003.59      1712.62       244.29      1.505383e-19       6.266427e-12       3.879420e-01      326.355      452.962
     3241.87       1003.59      1712.61       244.29      1.505490e-19       6.589594e-12       3.879505e-01      326.355      452.964
     3241.88       1003.60      1712.62       244.29      1.505389e-19       5.342749e-12       3.879567e-01      326.355      452.966
     3241.83       1003.58      1712.60       244.29      1.505424e-19       6.945924e-12       3.879358e-01      326.355      452.960
     3241.89       1003.60      1712.62       244.29      1.505376e-19       4.979112e-12       3.879598e-01      326.355      452.967
     3241.86       1003.59      1712.60       244.29      1.505352e-19       5.603571e-12       3.879481e-01      326.355      452.964
     3241.85       1003.58      1712.59       244.29      1.505343e-19       5.826389e-12       3.879437e-01      326.355      452.962
     3241.84       1003.58      1712.60       244.29      1.505321e-19       5.761967e-12       3.879419e-01      326.355      452.962
     3241.83       1003.58      1712.59       244.29      1.505293e-19       6.009453e-12       3.879345e-01      326.355      452.959
     3241.86       1003.58      1712.58       244.29      1.505322e-19       4.984989e-12       3.879528e-01      326.355      452.965
     3241.81       1003.56      1712.56       244.29      1.505358e-19       6.703897e-12       3.879315e-01      326.355      452.958
     3241.83       1003.57      1712.57       244.29      1.505328e-19       6.038663e-12       3.879386e-01      326.355      452.961
     3241.82       1003.57      1712.57       244.29      1.505286e-19       6.037043e-12       3.879332e-01      326.355      452.959
     3241.80       1003.56      1712.56       244.29      1.505264e-19       6.426330e-12       3.879241e-01      326.355      452.956
     3241.81       1003.56      1712.56       244.29      1.505256e-19       5.913656e-12       3.879312e-01      326.355      452.958
     3241.79       1003.55      1712.54       244.29      1.505228e-19       6.084072e-12       3.879250e-01      326.355      452.956
     3241.81       1003.56      1712.56       244.29      1.505205e-19       5.579157e-12       3.879296e-01      326.355      452.958
     3241.80       1003.56      1712.55       244.29      1.505146e-19       5.357147e-12       3.879251e-01      326.355      452.956
     3241.75       1003.55      1712.54       244.28      1.505155e-19       6.917439e-12       3.879016e-01      326.355      452.948
     3241.74       1003.53      1712.51       244.28      1.505141e-19       6.711743e-12       3.879033e-01      326.355      452.949
     3241.70       1003.51      1712.47       244.28      1.505155e-19       7.653833e-12       3.878878e-01      326.355      452.944
     3241.74       1003.53      1712.51       244.28      1.505232e-19       7.352102e-12       3.879035e-01      326.355      452.949
     3241.76       1003.54      1712.52       244.28      1.505104e-19       6.113168e-12       3.879086e-01      326.355      452.951
     3241.73       1003.54      1712.52       244.28      1.505025e-19       6.362938e-12       3.878943e-01      326.355      452.946
     3241.69       1003.53      1712.51       244.28      1.504929e-19       6.543339e-12       3.878790e-01      326.355      452.941
     3241.75       1003.53      1712.51       244.28      1.505008e-19       5.415870e-12       3.879065e-01      326.355      452.950
     3241.67       1003.51      1712.47       244.28      1.504979e-19       7.206328e-12       3.878736e-01      326.355      452.939
     3241.69       1003.52      1712.50       244.28      1.504861e-19       5.898667e-12       3.878805e-01      326.355      452.942
     3241.67       1003.52      1712.49       244.28      1.504743e-19       5.644752e-12       3.878691e-01      326.355      452.938
     3241.63       1003.51      1712.47       244.27      1.504623e-19       5.524359e-12       3.878554e-01      326.355      452.933
     3241.57       1003.49      1712.44       244.27      1.504419e-19       5.534515e-12       3.878289e-01      326.355      452.925
     3241.55       1003.49      1712.44       244.27      1.504485e-19       6.718666e-12       3.878187e-01      326.355      452.921
     3241.57       1003.51      1712.47       244.27      1.504419e-19       5.850177e-12       3.878242e-01      326.355      452.923
     3241.49       1003.47      1712.41       244.26      1.504128e-19       5.528504e-12       3.877915e-01      326.355      452.913
     3241.39       1003.45      1712.37       244.25      1.503796e-19       5.600147e-12       3.877477e-01      326.355      452.898
     3241.37       1003.44      1712.37       244.25      1.504007e-19       7.608119e-12       3.877407e-01      326.355      452.896
     3241.40       1003.45      1712.38       244.25      1.503908e-19       6.261454e-12       3.877520e-01      326.355      452.900
     3241.30       1003.41      1712.31       244.25      1.503611e-19       6.459242e-12       3.877104e-01      326.355      452.886
     3241.16       1003.36      1712.22       244.24      1.503402e-19       8.063824e-12       3.876534e-01      326.355      452.867
     3241.09       1003.36      1712.23       244.23      1.503263e-19       8.860450e-12       3.876181e-01      326.355      452.856
     3240.85       1003.30      1712.13       244.21      1.504098e-19       1.561147e-11       3.875127e-01      326.355      452.822
     3241.14       1003.36      1712.23       244.23      1.503196e-19       7.142427e-12       3.876449e-01      326.355      452.865
     3241.03       1003.32      1712.16       244.22      1.502720e-19       6.371930e-12       3.875970e-01      326.355      452.849
     3240.93       1003.29      1712.11       244.22      1.502972e-19       9.871390e-12       3.875561e-01      326.355      452.836
     3240.71       1003.22      1712.00       244.20      1.502851e-19       1.249975e-11       3.874647e-01      326.355      452.806
     3240.73       1003.24      1712.03       244.20      1.503053e-19       1.328812e-11       3.874645e-01      326.355      452.806
     3240.61       1003.18      1711.92       244.19      1.502205e-19       1.113103e-11       3.874231e-01      326.355      452.792
     3240.37       1003.09      1711.77       244.17      1.502226e-19       1.419380e-11       3.873256e-01      326.355      452.760
     3240.92       1003.27      1712.07       244.22      1.502806e-19       9.001877e-12       3.875559e-01      326.355      452.836
     3240.70       1003.20      1711.96       244.20      1.502454e-19       1.081135e-11       3.874642e-01      326.355      452.806
     3240.91       1003.26      1712.06       244.22      1.502213e-19       4.698061e-12       3.875555e-01      326.355      452.836
     3240.71       1003.21      1711.98       244.20      1.501946e-19       8.139453e-12       3.874640e-01      326.355      452.806
     3240.61       1003.19      1711.94       244.18      1.501928e-19       1.000741e-11       3.874180e-01      326.355      452.791
     3240.39       1003.09      1711.78       244.17      1.502294e-19       1.422358e-11       3.873333e-01      326.355      452.763
     3240.56       1003.16      1711.89       244.18      1.501425e-19       7.949468e-12       3.874007e-01      326.355      452.785
     3240.49       1003.14      1711.85       244.17      1.501000e-19       6.729396e-12       3.873690e-01      326.355      452.775
     3240.92       1003.29      1712.11       244.21      1.502170e-19       4.742394e-12       3.875494e-01      326.355      452.834
     3240.40       1003.14      1711.85       244.17      1.502899e-19       1.642698e-11       3.873242e-01      326.355      452.760
     3240.78       1003.23      1712.01       244.20      1.501785e-19       4.899907e-12       3.874977e-01      326.355      452.817
     3240.79       1003.25      1712.03       244.19      1.502131e-19       7.850696e-12       3.874939e-01      326.355      452.815
     3240.41       1003.11      1711.81       244.17      1.501434e-19       1.054785e-11       3.873399e-01      326.355      452.765
     3240.36       1003.09      1711.77       244.17      1.502242e-19       1.444773e-11       3.873183e-01      326.355      452.758
     3240.68       1003.21      1711.97       244.19      1.501776e-19       7.751993e-12       3.874500e-01      326.355      452.801
     3240.57       1003.16      1711.88       244.18      1.501165e-19       5.455906e-12       3.874103e-01      326.355      452.788
     3240.29       1003.08      1711.75       244.15      1.501594e-19       1.296996e-11       3.872869e-01      326.355      452.748
     3240.20       1003.03      1711.67       244.15      1.500814e-19       1.079570e-11       3.872530e-01      326.355      452.737
     3239.96       1002.95      1711.53       244.13      1.501125e-19       1.496528e-11       3.871545e-01      326.355      452.705
     3240.55       1003.14      1711.86       244.18      1.501247e-19       6.826664e-12       3.873991e-01      326.355      452.784
     3240.49       1003.12      1711.82       244.18      1.500787e-19       4.320611e-12       3.873758e-01      326.355      452.777
     3240.53       1003.13      1711.83       244.18      1.500777e-19       1.934319e-12       3.873938e-01      326.355      452.783
     3240.35       1003.09      1711.76       244.16      1.500493e-19       6.101314e-12       3.873139e-01      326.355      452.757
     3240.25       1003.06      1711.71       244.15      1.500584e-19       8.906787e-12       3.872713e-01      326.355      452.743
     3240.21       1003.04      1711.68       244.15      1.500070e-19       6.397899e-12       3.872546e-01      326.355      452.737
     3240.03       1002.98      1711.58       244.14      1.499546e-19       6.985852e-12       3.871767e-01      326.355      452.712
     3240.07       1002.98      1711.57       244.14      1.499385e-19       3.852262e-12       3.871998e-01      326.355      452.719
     3239.86       1002.90      1711.43       244.13      1.498664e-19       2.872192e-12       3.871152e-01      326.355      452.692
     3240.18       1003.01      1711.63       244.15      1.499603e-19       4.518587e-13       3.872468e-01      326.355      452.735
     3239.68       1002.86      1711.37       244.11      1.498982e-19       1.020076e-11       3.870324e-01      326.355      452.665
     3239.52       1002.79      1711.25       244.10      1.497532e-19       2.462171e-12       3.869717e-01      326.355      452.645
     3239.11       1002.64      1710.99       244.07      1.496202e-19       2.354486e-12       3.868006e-01      326.355      452.589
     3239.16       1002.68      1711.06       244.07      1.498096e-19       1.353499e-11       3.868157e-01      326.355      452.594
     3238.88       1002.55      1710.84       244.05      1.496188e-19       8.822677e-12       3.867053e-01      326.355      452.558
     3238.30       1002.34      1710.47       244.00      1.496069e-19       1.575350e-11       3.864695e-01      326.355      452.481
     3238.54       1002.42      1710.61       244.02      1.494882e-19       7.305217e-12       3.865680e-01      326.355      452.513
     3237.96       1002.20      1710.23       243.98      1.493831e-19       1.130277e-11       3.863358e-01      326.355      452.437
     3237.41       1002.03      1709.95       243.93      1.493585e-19       1.698848e-11       3.860957e-01      326.355      452.359
     3236.18       1001.60      1709.21       243.84      1.497162e-19       3.224266e-11       3.855861e-01      326.355      452.193
     3237.24       1001.93      1709.77       243.93      1.495753e-19       2.349774e-11       3.860352e-01      326.355      452.339
     3236.35       1001.61      1709.22       243.85      1.506230e-19       4.339899e-11       3.856676e-01      326.355      452.219
     3238.42       1002.38      1710.55       244.02      1.494374e-19       6.460384e-12       3.865173e-01      326.355      452.497
     3237.21       1001.93      1709.78       243.93      1.493111e-19       1.725647e-11       3.860225e-01      326.355      452.335
     3236.66       1001.72      1709.43       243.90      1.496910e-19       2.915616e-11       3.857990e-01      326.355      452.262
     3238.26       1002.34      1710.49       244.00      1.494363e-19       9.608561e-12       3.864505e-01      326.355      452.475
     3237.00       1001.87      1709.67       243.91      1.493499e-19       2.010172e-11       3.859349e-01      326.355      452.307
     3236.53       1001.67      1709.33       243.87      1.498223e-19       3.199789e-11       3.857440e-01      326.355      452.244
     3237.83       1002.17      1710.20       243.97      1.493322e-19       1.116926e-11       3.862738e-01      326.355      452.417
     3236.76       1001.80      1709.56       243.89      1.492228e-19       1.896856e-11       3.858277e-01      326.355      452.272
     3236.16       1001.60      1709.23       243.84      1.491556e-19       2.210353e-11       3.855737e-01      326.355      452.189
     3236.69       1001.76      1709.49       243.89      1.494382e-19       2.431762e-11       3.858067e-01      326.355      452.265
     3237.23       1001.96      1709.83       243.92      1.492688e-19       1.595953e-11       3.860235e-01      326.355      452.336
     3237.21       1001.97      1709.84       243.92      1.491530e-19       1.216434e-11       3.860117e-01      326.355      452.332
     3237.31       1002.02      1709.93       243.93      1.491183e-19       9.142826e-12       3.860502e-01      326.355      452.344
     3236.12       1001.58      1709.19       243.84      1.491028e-19       2.110691e-11       3.855611e-01      326.355      452.185
     3235.27       1001.29      1708.68       243.78      1.492480e-19       2.941714e-11       3.852047e-01      326.355      452.068
     3236.20       1001.66      1709.31       243.84      1.491986e-19       2.292054e-11       3.855817e-01      326.355      452.191
     3235.67       1001.47      1709.00       243.81      1.488437e-19       1.847960e-11       3.853599e-01      326.355      452.119
     3234.89       1001.22      1708.58       243.75      1.486391e-19       1.981024e-11       3.850281e-01      326.355      452.011
     3236.04       1001.56      1709.15       243.84      1.489863e-19       1.889243e-11       3.855248e-01      326.355      452.173
     3236.03       1001.59      1709.19       243.84      1.488013e-19       1.358563e-11       3.855084e-01      326.355      452.167
     3234.23       1000.96      1708.12       243.70      1.489438e-19       3.004508e-11       3.847611e-01      326.355      451.924
     3234.47       1001.08      1708.33       243.72      1.484086e-19       1.729144e-11       3.848501e-01      326.355      451.953
     3233.64       1000.83      1707.90       243.66      1.480873e-19       1.584814e-11       3.844947e-01      326.355      451.837
     3233.36       1000.74      1707.75       243.63      1.480989e-19       1.890894e-11       3.843714e-01      326.355      451.796
     3234.73       1001.23      1708.59       243.74      1.482464e-19       8.220965e-12       3.849401e-01      326.355      451.982
     3232.29       1000.43      1707.22       243.55      1.477559e-19       1.923014e-11       3.839090e-01      326.355      451.645
     3230.42        999.85      1706.23       243.41      1.475807e-19       2.841994e-11       3.831096e-01      326.355      451.385
     3231.18       1000.10      1706.66       243.47      1.471278e-19       1.045680e-11       3.834299e-01      326.355      451.489
     3229.33        999.54      1705.70       243.33      1.464616e-19       7.425158e-12       3.826310e-01      326.355      451.228
     3228.64        999.25      1705.21       243.28      1.468458e-19       2.537372e-11       3.823637e-01      326.355      451.141
     3227.66        998.99      1704.78       243.21      1.461495e-19       1.673983e-11       3.819284e-01      326.355      450.999
     3224.81        998.12      1703.29       243.00      1.453815e-19       2.105279e-11       3.807077e-01      326.355      450.601
     3222.96        997.55      1702.32       242.85      1.449739e-19       2.530034e-11       3.799129e-01      326.355      450.341
     3217.62        995.91      1699.53       242.44      1.445075e-19       4.367065e-11       3.776247e-01      326.355      449.595
     3219.78        996.56      1700.63       242.62      1.435346e-19       1.520401e-11       3.785543e-01      326.355      449.898
     3214.47        994.93      1697.83       242.23      1.419097e-19       1.798467e-11       3.762794e-01      326.355      449.156
     3214.47        995.00      1697.97       242.22      1.417956e-19       1.499532e-11       3.762588e-01      326.355      449.149
     3207.40        992.88      1694.36       241.69      1.399078e-19       2.492137e-11       3.732113e-01      326.355      448.154
     3202.84        991.38      1691.81       241.35      1.412077e-19       5.789686e-11       3.712892e-01      326.355      447.527
     3196.38        989.43      1688.48       240.86      1.372276e-19       3.783310e-11       3.685055e-01      326.355      446.618
     3182.21        985.11      1681.10       239.79      1.356499e-19       6.556524e-11       3.624239e-01      326.355      444.634
     3185.86        986.24      1683.03       240.09      1.370554e-19       6.760866e-11       3.639841e-01      326.355      445.143
     3174.73        982.89      1677.34       239.23      1.526026e-19       1.535676e-10       3.591930e-01      326.355      443.579
     3204.51        991.91      1692.70       241.48      1.387765e-19       1.984479e-11       3.719982e-01      326.355      447.758
     3187.14        986.69      1683.78       240.18      1.341712e-19       3.604763e-11       3.645158e-01      326.355      445.316
     3179.31        984.34      1679.78       239.60      1.343328e-19       6.256417e-11       3.611350e-01      326.355      444.213
     3172.50        982.10      1675.97       239.08      1.320377e-19       6.069730e-11       3.582646e-01      326.355      443.276
     3155.12        976.74      1666.81       237.78      1.332269e-19       1.007557e-10       3.508207e-01      326.355      440.847
     3159.42        978.18      1669.29       238.10      1.381867e-19       1.176474e-10       3.526269e-01      326.355      441.436
     3170.66        981.60      1675.12       238.94      1.338214e-19       7.775361e-11       3.574574e-01      326.355      443.013
     3170.40        981.51      1674.96       238.91      1.301924e-19       4.995121e-11       3.573475e-01      326.355      442.977
     3162.68        979.15      1670.93       238.32      1.288828e-19       5.951469e-11       3.540350e-01      326.355      441.896
     3164.28        979.66      1671.80       238.47      1.311322e-19       7.287782e-11       3.547126e-01      326.355      442.117
     3147.98        974.59      1663.16       237.23      1.284512e-19       8.675351e-11       3.477428e-01      326.355      439.842
     3128.48        968.57      1652.89       235.76      1.304947e-19       1.237198e-10       3.393938e-01      326.355      437.118
     3153.06        976.15      1665.80       237.61      1.246169e-19       4.661383e-11       3.499201e-01      326.355      440.553
     3144.27        973.42      1661.15       236.94      1.211880e-19       3.690454e-11       3.461590e-01      326.355      439.326
     3137.14        971.32      1657.56       236.40      1.217657e-19       6.375600e-11       3.430757e-01      326.355      438.319
     3131.78        969.58      1654.62       235.98      1.228701e-19       8.198716e-11       3.408052e-01      326.355      437.578
     3117.98        965.34      1647.36       234.97      1.163269e-19       6.463713e-11       3.348865e-01      326.355      435.647
     3095.74        958.47      1635.63       233.30      1.121510e-19       7.931537e-11       3.253615e-01      326.355      432.538
     3106.50        961.81      1641.33       234.08      1.107995e-19       4.386238e-11       3.299630e-01      326.355      434.040
     3085.86        955.45      1630.47       232.52      1.057486e-19       5.131478e-11       3.211158e-01      326.355      431.153
     3099.67        959.73      1637.76       233.59      1.120597e-19       7.151244e-11       3.270254e-01      326.355      433.081
     3075.70        952.24      1624.98       231.78      1.016985e-19       3.669054e-11       3.167843e-01      326.355      429.739
     3045.20        942.77      1608.81       229.49      9.468600e-20       4.932156e-11       3.037324e-01      326.355      425.479
     3019.50        934.95      1595.47       227.55      9.316986e-20       8.662344e-11       2.926880e-01      326.355      421.875
     2958.03        916.01      1563.12       222.92      1.103162e-19       1.984366e-10       2.663440e-01      326.355      413.278
     3029.39        937.99      1600.63       228.28      9.996916e-20       1.086496e-10       2.969250e-01      326.355      423.258
     2990.68        925.97      1580.13       225.35      8.514014e-20       8.085039e-11       2.803629e-01      326.355      417.853
     2936.89        909.32      1551.70       221.28      9.158765e-20       1.592707e-10       2.573334e-01      326.355      410.337
     2957.12        915.58      1562.38       222.86      1.193914e-19       2.205414e-10       2.659941e-01      326.355      413.163
     3053.43        945.41      1613.32       230.08      9.641845e-20       4.503960e-11       3.072294e-01      326.355      426.621
     3024.92        936.53      1598.18       227.95      8.825524e-20       3.473109e-11       2.950407e-01      326.355      422.643
     2986.84        924.75      1578.05       225.09      8.357771e-20       7.672067e-11       2.787322e-01      326.355      417.321
     2953.81        914.50      1560.56       222.62      8.821985e-20       1.349378e-10       2.645971e-01      326.355      412.707
     2965.98        918.40      1567.22       223.50      8.032126e-20       8.687093e-11       2.697679e-01      326.355      414.395
     2926.74        906.33      1546.62       220.53      8.413243e-20       1.419505e-10       2.529476e-01      326.355      408.906
     2964.76        917.89      1566.35       223.40      7.366961e-20       3.399266e-11       2.692844e-01      326.355      414.237
     2937.56        909.41      1551.88       221.35      6.700456e-20       2.481828e-11       2.576599e-01      326.355      410.443
     2916.02        902.86      1540.68       219.72      8.163476e-20       1.411885e-10       2.483960e-01      326.355      407.420
     2912.65        901.78      1538.85       219.49      6.490618e-20       6.254358e-11       2.469706e-01      326.355      406.955
     2874.01        889.80      1518.41       216.59      5.913870e-20       7.771006e-11       2.304340e-01      326.355      401.558
     2860.42        885.64      1511.30       215.52      6.231262e-20       1.089392e-10       2.245993e-01      326.355      399.654
     2902.66        898.66      1533.55       218.73      5.937899e-20       2.178577e-11       2.427022e-01      326.355      405.562
     2822.08        873.59      1490.74       212.65      4.397905e-20       2.483565e-11       2.082360e-01      326.355      394.314
     2751.43        851.60      1453.22       207.33      3.517146e-20       5.898355e-11       1.780236e-01      326.355      384.454
     2757.51        853.69      1456.79       207.80      3.738094e-20       6.910974e-11       1.805680e-01      326.355      385.284
     2781.86        861.07      1469.41       209.66      5.162468e-20       1.229949e-10       1.910417e-01      326.355      388.702
     2681.46        829.96      1416.28       202.09      9.508805e-20       2.704929e-10       1.480595e-01      326.355      374.675
     2846.56        881.23      1503.80       214.51      4.821053e-20       1.948996e-11       2.187022e-01      326.355      397.729
     2695.81        834.37      1423.82       203.15      2.696033e-20       5.636755e-11       1.542175e-01      326.355      376.685
     2608.79        807.31      1377.65       196.60      3.123709e-20       1.324752e-10       1.169932e-01      326.355      364.536
     2743.35        849.23      1449.17       206.70      3.824358e-20       8.823063e-11       1.745249e-01      326.355      383.312
     2629.48        813.84      1388.76       198.14      4.937382e-20       1.831549e-10       1.258097e-01      326.355      367.414
     2791.51        864.14      1474.62       210.36      3.851679e-20       2.085619e-11       1.951456e-01      326.355      390.042
     2682.96        830.44      1417.10       202.17      3.076155e-20       9.300618e-11       1.486990e-01      326.355      374.884
     2700.39        835.78      1426.23       203.52      4.560358e-20       1.456394e-10       1.561818e-01      326.355      377.326
     2732.58        845.86      1443.42       205.90      3.182561e-20       5.432089e-11       1.699260e-01      326.355      381.811
     2674.05        827.50      1412.08       201.49      3.913407e-20       1.346353e-10       1.449393e-01      326.355      373.657
     2736.53        847.11      1445.55       206.22      3.203721e-20       5.086016e-11       1.716113e-01      326.355      382.361
     2672.70        827.34      1411.82       201.41      2.444213e-20       6.020819e-11       1.442813e-01      326.355      373.442
     2633.75        815.34      1391.35       198.48      2.246840e-20       7.867452e-11       1.275881e-01      326.355      367.994
     2636.25        815.97      1392.42       198.65      2.109986e-20       6.734969e-11       1.287007e-01      326.355      368.357
     2586.79        800.62      1366.22       194.93      2.075483e-20       9.586875e-11       1.075361e-01      326.355      361.450
     2567.97        794.81      1356.31       193.53      3.081341e-20       1.446293e-10       9.947757e-02      326.355      358.820
     2608.66        807.43      1377.83       196.59      2.280271e-20       9.559903e-11       1.168911e-01      326.355      364.503
     2579.72        798.50      1362.61       194.41      1.758890e-20       8.166606e-11       1.044967e-01      326.355      360.458
     2528.84        782.76      1335.76       190.59      2.518778e-20       1.354501e-10       8.271061e-02      326.355      353.348
     2510.18        777.06      1326.00       189.17      3.353286e-20       1.671951e-10       7.469048e-02      326.355      350.730
     2648.80        819.85      1399.04       199.61      2.135603e-20       5.812994e-11       1.340781e-01      326.355      370.112
     2615.71        809.68      1381.68       197.11      1.624802e-20       4.329464e-11       1.198899e-01      326.355      365.482
     2619.23        810.81      1383.61       197.38      1.548135e-20       2.730621e-11       1.213908e-01      326.355      365.971
     2583.50        799.54      1364.38       194.69      1.722859e-20       7.720278e-11       1.061523e-01      326.355      360.998
     2536.37        785.05      1339.66       191.13      1.150052e-20       6.414304e-11       8.594293e-02      326.355      354.403
     2481.05        767.94      1310.45       186.97      1.055665e-20       8.173730e-11       6.225480e-02      326.355      346.672
     2544.55        787.63      1344.08       191.76      1.099491e-20       5.474244e-11       8.943249e-02      326.355      355.542
     2534.04        784.33      1338.44       190.95      7.837618e-21       2.493170e-11       8.494721e-02      326.355      354.078
     2511.35        777.30      1326.43       189.23      6.120331e-21       2.144508e-11       7.523589e-02      326.355      350.908
     2494.47        772.26      1317.83       187.97      5.464208e-21       2.909786e-11       6.795236e-02      326.355      348.531
     2450.52        758.79      1294.85       184.66      1.117951e-20       9.364311e-11       4.909660e-02      326.355      342.378
     2398.73        742.47      1266.99       180.76      4.168816e-21       5.864719e-11       2.700598e-02      326.355      335.168
     2292.02        709.42      1210.58       172.73      2.941372e-20       1.704845e-10       1.867526e-02      326.355      320.260
     2398.93        742.56      1267.13       180.76      1.052627e-20       9.895963e-11       2.707874e-02      326.355      335.192
     2420.32        749.24      1278.55       182.37      1.542547e-21       1.516933e-11       3.622759e-02      326.355      338.178
     2390.23        739.97      1262.75       180.09      2.083244e-21       3.922861e-11       2.333153e-02      326.355      333.969
     2513.71        778.13      1327.88       189.43      6.091868e-21       1.681164e-11       7.621835e-02      326.355      351.229
     2402.39        743.79      1269.26       181.05      4.450098e-21       6.030503e-11       2.852020e-02      326.355      335.663
     2345.37        726.09      1239.03       176.74      1.346714e-20       1.159750e-10       4.114452e-03      326.355      327.698
     2471.09        764.96      1305.38       186.21      3.478727e-21       1.089892e-11       5.796499e-02      326.355      345.272
     2352.64        728.24      1242.72       177.29      5.511446e-22       2.232354e-11       7.266638e-03      326.355      328.726
     2283.25        706.71      1205.97       172.06      3.005636e-21       5.002558e-11       2.242939e-02      326.355      319.035
     2418.65        748.55      1277.37       182.24      3.212407e-21       4.413328e-11       3.556207e-02      326.355      337.961
     2432.33        752.93      1284.86       183.27      1.892237e-21       1.342491e-11       4.137643e-02      326.355      339.858
     2341.53        724.73      1236.72       176.42      3.405867e-21       5.830500e-11       2.528527e-03      326.355      327.180
     2373.60        734.68      1253.71       178.85      1.045239e-21       2.794846e-11       1.625185e-02      326.355      331.659
     2370.69        733.96      1252.49       178.64      5.917607e-22       1.918503e-11       1.495645e-02      326.355      331.236
     2326.75        720.27      1229.11       175.33      2.071875e-21       4.535593e-11       3.835908e-03      326.355      325.103
     2405.72        744.69      1270.81       181.27      9.286508e-22       5.452633e-12       2.998199e-02      326.355      336.140
     2331.34        721.65      1231.49       175.68      5.991108e-24       1.593461e-12       1.857953e-03      326.355      325.749
     2287.46        708.06      1208.28       172.37      5.390074e-22       1.062846e-11       2.064082e-02      326.355      319.619
     2356.46        729.55      1244.96       177.58      8.457849e-22       2.769895e-11       8.863027e-03      326.355      329.247
     2300.38        712.17      1215.30       173.36      2.585938e-21       4.854606e-11       1.513994e-02      326.355      321.414
     2379.17        736.50      1256.82       179.28      3.480680e-22       1.324886e-12       1.860948e-02      326.355      332.428
     2360.40        730.60      1246.75       177.85      5.753604e-22       2.151993e-11       1.059496e-02      326.355      329.813
     2341.06        724.53      1236.39       176.41      2.353424e-21       4.845547e-11       2.343345e-03      326.355      327.120
     2363.27        731.60      1248.45       178.08      1.614138e-22       4.718951e-12       1.179599e-02      326.355      330.205
     2352.75        728.37      1242.95       177.30      5.323326e-22       2.189143e-11       7.286838e-03      326.355      328.733
     2360.56        730.80      1247.11       177.87      4.021504e-22       1.700745e-11       1.062530e-02      326.355      329.823
     2364.36        731.89      1248.95       178.15      5.896248e-22       2.095035e-11       1.227630e-02      326.355      330.361
     2355.65        729.25      1244.45       177.51      1.249630e-22       7.221449e-12       8.533094e-03      326.355      329.140
     2354.09        728.68      1243.46       177.39      3.515038e-22       1.700757e-11       7.889641e-03      326.355      328.930
     2355.71        729.21      1244.37       177.51      1.041023e-22       5.531921e-12       8.573220e-03      326.355      329.153
     2323.94        719.40      1227.64       175.12      8.506307e-23       7.728835e-12       5.032711e-03      326.355      324.712
     2320.11        718.17      1225.55       174.84      2.491003e-22       1.430660e-11       6.664935e-03      326.355      324.180
     2352.44        728.23      1242.71       177.26      6.200612e-23       3.265693e-12       7.165289e-03      326.355      328.693
     2326.07        720.00      1228.66       175.28      9.963856e-23       9.098285e-12       4.106065e-03      326.355      325.015
     2311.27        715.46      1220.91       174.16      1.168030e-22       2.733263e-12       1.045621e-02      326.355      322.942
     2344.56        725.76      1238.49       176.67      4.143873e-23       5.196492e-12       3.799368e-03      326.355      327.595
     2350.07        727.52      1241.50       177.09      9.092321e-23       7.291417e-12       6.144790e-03      326.355      328.360
     2344.06        725.64      1238.29       176.64      2.949836e-23       4.086690e-12       3.577334e-03      326.355      327.522
     2362.32        731.26      1247.88       178.01      1.301906e-22       4.210537e-13       1.140234e-02      326.355      330.076
     2333.51        722.35      1232.68       175.84      2.480920e-23       4.892109e-12       9.361989e-04      326.355      326.049
     2324.33        719.48      1227.78       175.15      6.584616e-23       6.498465e-12       4.859642e-03      326.355      324.769
     2345.40        726.04      1238.97       176.74      2.673218e-23       3.080437e-12       4.152480e-03      326.355      327.710
     2332.59        722.08      1232.22       175.77      9.395627e-24       2.760798e-12       1.331773e-03      326.355      325.920
     2327.37        720.43      1229.40       175.38      1.935446e-23       2.583804e-12       3.560676e-03      326.355      325.193
     2317.05        717.24      1223.95       174.60      7.134394e-23       2.773100e-12       7.978337e-03      326.355      323.751
     2338.29        723.83      1235.21       176.20      4.633118e-24       1.842362e-12       1.113024e-03      326.355      326.718
     2331.28        721.64      1231.47       175.67      3.910104e-24       6.015023e-13       1.883693e-03      326.355      325.740
     2330.17        721.29      1230.87       175.58      5.662054e-24       3.243239e-13       2.357301e-03      326.355      325.586
     2339.40        724.18      1235.80       176.28      4.241190e-24       1.317333e-12       1.582979e-03      326.355      326.871
     2337.56        723.57      1234.76       176.14      6.127276e-24       2.339656e-12       8.082612e-04      326.355      326.619
     2336.32        723.20      1234.13       176.05      9.579342e-25       9.398908e-13       2.730193e-04      326.355      326.444
     2341.31        724.77      1236.82       176.43      6.769812e-24       1.000257e-12       2.401936e-03      326.355      327.139
     2333.83        722.43      1232.82       175.86      2.032771e-24       1.184340e-12       7.937942e-04      326.355      326.096
     2332.12        721.90      1231.90       175.73      2.422588e-24       3.174550e-13       1.523749e-03      326.355      325.858
     2327.39        720.41      1229.36       175.37      2.207786e-23       3.084885e-12       3.544198e-03      326.355      325.198
     2336.39        723.24      1234.19       176.06      4.360136e-25       5.882486e-13       2.999619e-04      326.355      326.453
     2338.05        723.74      1235.05       176.18      2.361472e-24       1.156259e-12       1.012194e-03      326.355      326.685
     2340.18        724.41      1236.19       176.34      1.344698e-23       3.123761e-12       1.920703e-03      326.355      326.982
     2334.13        722.52      1232.97       175.88      6.071225e-25       4.090075e-13       6.632008e-04      326.355      326.138
     2332.29        721.96      1232.01       175.75      2.606103e-24       7.023719e-13       1.453539e-03      326.355      325.881
     2336.61        723.29      1234.29       176.07      1.203593e-24       1.023321e-12       3.954840e-04      326.355      326.484
     2337.89        723.69      1234.97       176.17      9.675215e-25       2.669688e-13       9.467044e-04      326.355      326.664
     2335.76        723.03      1233.84       176.01      4.558602e-26       2.109993e-13       3.263941e-05      326.355      326.366
     2335.34        722.90      1233.62       175.97      2.847755e-26       7.972267e-14       1.487342e-04      326.355      326.306
     2333.19        722.24      1232.49       175.81      1.742519e-24       7.789219e-13       1.065739e-03      326.355      326.007
     2336.72        723.33      1234.35       176.08      2.863227e-25       2.995361e-13       4.433970e-04      326.355      326.500
     2334.97        722.80      1233.44       175.95      1.359900e-25       2.038432e-13       3.073075e-04      326.355      326.255
     2337.58        723.61      1234.83       176.14      7.614892e-25       3.318406e-13       8.070756e-04      326.355      326.618
     2334.99        722.79      1233.44       175.95      1.702380e-25       2.877182e-13       2.957301e-04      326.355      326.258
     2334.62        722.68      1233.23       175.92      2.125134e-25       7.926358e-14       4.541263e-04      326.355      326.207
     2333.24        722.26      1232.52       175.82      1.094522e-24       1.531215e-14       1.046082e-03      326.355      326.013
     2335.85        723.06      1233.89       176.01      4.146985e-26       1.908909e-13       7.092605e-05      326.355      326.378
     2335.95        723.10      1233.96       176.02      2.885876e-25       5.250265e-13       1.137312e-04      326.355      326.392
     2334.95        722.78      1233.42       175.95      1.046338e-25       8.473169e-14       3.121767e-04      326.355      326.253
     2335.56        722.98      1233.75       175.99      3.666178e-27       2.942150e-14       5.292026e-05      326.355      326.338
     2335.85        723.07      1233.90       176.01      1.619704e-25       3.965925e-13       6.844564e-05      326.355      326.377
     2335.88        723.06      1233.90       176.02      2.475297e-25       4.900496e-13       8.591366e-05      326.355      326.383
     2335.20        722.86      1233.56       175.96      5.738154e-26       1.170110e-13       2.090215e-04      326.355      326.287
     2336.02        723.12      1233.99       176.03      3.672014e-26       1.283154e-13       1.423212e-04      326.355      326.401
     2336.19        723.17      1234.07       176.04      5.117317e-26       7.085072e-14       2.148333e-04      326.355      326.425
     2335.94        723.09      1233.94       176.02      1.777161e-26       7.694646e-14       1.088616e-04      326.355      326.390
     2335.58        722.98      1233.76       175.99      3.296841e-27       3.413860e-14       4.616706e-05      326.355      326.340
     2335.44        722.94      1233.69       175.98      1.953870e-26       9.259755e-14       1.047110e-04      326.355      326.321
     2335.19        722.86      1233.54       175.96      4.491707e-26       7.883180e-15       2.117898e-04      326.355      326.286
     2335.81        723.05      1233.88       176.01      8.823557e-27       7.700938e-14       5.378766e-05      326.355      326.372
     2336.11        723.15      1234.04       176.03      3.698415e-26       6.629148e-14       1.805259e-04      326.355      326.414
     2335.53        722.96      1233.73       175.99      7.372459e-27       5.440846e-14       6.642423e-05      326.355      326.333
     2335.30        722.90      1233.62       175.97      2.928757e-26       4.643596e-14       1.647157e-04      326.355      326.301
     2335.78        723.04      1233.86       176.01      4.499094e-27       5.349531e-14       4.046414e-05      326.355      326.368
     2335.41        722.93      1233.67       175.98      1.363107e-26       1.016605e-14       1.163087e-04      326.355      326.317
     2335.71        723.02      1233.83       176.00      3.056814e-27       5.412922e-14       1.126237e-05      326.355      326.359
     2335.79        723.05      1233.87       176.01      3.710618e-27       4.340022e-14       4.274387e-05      326.355      326.369
     2335.54        722.97      1233.74       175.99      1.691199e-25       4.063793e-13       6.305394e-05      326.355      326.334
     2335.72        723.02      1233.83       176.00      1.843288e-27       4.037605e-14       1.459668e-05      326.355      326.360
     2335.50        722.96      1233.71       175.99      8.344125e-27       4.523895e-14       7.935718e-05      326.355      326.329
     2335.72        723.02      1233.83       176.00      1.560098e-27       3.756088e-14       1.221794e-05      326.355      326.359
     2335.80        723.05      1233.88       176.01      4.653498e-27       4.758818e-14       4.887599e-05      326.355      326.371
     2335.62        722.99      1233.78       176.00      1.868462e-27       3.337326e-14       2.747158e-05      326.355      326.346
     2335.81        723.05      1233.87       176.01      7.217667e-27       6.759029e-14       5.147057e-05      326.355      326.372
     2335.64        723.00      1233.79       176.00      1.638331e-27       3.413098e-14       2.175792e-05      326.355      326.348
     2335.63        723.00      1233.79       176.00      1.290763e-27       2.803340e-14       2.246980e-05      326.355      326.348
     2335.60        722.99      1233.77       175.99      2.588094e-27       3.226114e-14       3.933590e-05      326.355      326.342
     2335.73        723.03      1233.84       176.00      1.527281e-27       3.428054e-14       1.876501e-05      326.355      326.361
     2335.64        723.00      1233.79       176.00      2.326790e-27       4.331919e-14       2.121881e-05      326.355      326.348
     2335.70        723.02      1233.82       176.00      1.226511e-27       3.456401e-14       5.642693e-06      326.355      326.357
     2335.75        723.04      1233.85       176.01      1.827867e-27       3.156472e-14       2.883636e-05      326.355      326.364
     2335.67        723.01      1233.80       176.00      1.199922e-27       3.342058e-14       9.109730e-06      326.355      326.352
     2335.65        723.00      1233.80       176.00      9.543195e-28       2.654334e-14       1.580413e-05      326.355      326.350
     2335.62        722.99      1233.78       176.00      1.370384e-27       2.194210e-14       2.981491e-05      326.355      326.345
     2335.59        722.99      1233.77       175.99      2.240651e-27       2.587892e-14       3.963499e-05      326.355      326.342
     2335.70        723.02      1233.82       176.00      1.040564e-27       3.198781e-14       4.164628e-06      326.355      326.356
     2335.72        723.03      1233.83       176.00      1.692016e-27       3.833403e-14       1.491704e-05      326.355      326.360
     2335.66        723.01      1233.80       176.00      1.018601e-27       2.909252e-14       1.312349e-05      326.355      326.351
     2335.63        723.00      1233.79       176.00      1.412445e-27       3.004422e-14       2.257852e-05      326.355      326.348
     2335.68        723.01      1233.81       176.00      1.012796e-27       3.179310e-14       1.412489e-06      326.355      326.354
     2335.68        723.01      1233.81       176.00      7.083458e-28       2.631584e-14       3.977731e-06      326.355      326.354
     2335.68        723.01      1233.81       176.00      5.425349e-28       2.324953e-14       1.412262e-06      326.355      326.354
     2335.64        723.00      1233.79       176.00      9.354537e-28       2.310453e-14       2.004083e-05      326.355      326.348
     2335.67        723.01      1233.81       176.00      5.683686e-28       2.301697e-14       6.211888e-06      326.355      326.353
     2335.64        723.00      1233.79       176.00      7.457744e-28       1.824277e-14       2.032181e-05      326.355      326.348
     2335.67        723.01      1233.80       176.00      3.671977e-28       1.732450e-14       8.188992e-06      326.355      326.352
     2335.68        723.01      1233.81       176.00      2.034775e-28       1.357484e-14       4.381934e-06      326.355      326.353
     2335.70        723.02      1233.82       176.00      2.619320e-28       1.571298e-14       3.877381e-06      326.355      326.356
     2335.72        723.03      1233.83       176.00      6.328073e-28       1.919620e-14       1.625771e-05      326.355      326.360
     2335.70        723.02      1233.82       176.00      4.021343e-28       1.874945e-14       7.112826e-06      326.355      326.357
     2335.71        723.02      1233.83       176.00      2.772510e-28       1.412944e-14       8.809647e-06      326.355      326.358
     2335.71        723.02      1233.82       176.00      1.683411e-28       9.227359e-15       9.121237e-06      326.355      326.358
     2335.72        723.02      1233.83       176.00      2.325256e-28       5.051609e-15       1.438773e-05      326.355      326.360
     2335.69        723.02      1233.82       176.00      9.678802e-29       9.707058e-15       1.600324e-06      326.355      326.355
     2335.68        723.01      1233.81       176.00      8.208124e-29       8.985857e-15       1.155683e-06      326.355      326.355
     2335.67        723.01      1233.81       176.00      8.626713e-29       7.776051e-15       5.079386e-06      326.355      326.353
     2335.67        723.01      1233.81       176.00      5.048443e-29       5.393859e-15       4.625010e-06      326.355      326.353
     2335.66        723.01      1233.80       176.00      1.032218e-28       4.943165e-15       8.876198e-06      326.355      326.352
     2335.69        723.02      1233.82       176.00      5.541488e-29       6.563462e-15       3.512243e-06      326.355      326.356
     2335.66        723.00      1233.80       176.00      2.372728e-28       8.576937e-15       1.279488e-05      326.355      326.351
     2335.69        723.02      1233.82       176.00      6.550125e-29       7.227491e-15       3.642063e-06      326.355      326.356
     2335.70        723.02      1233.82       176.00      1.124380e-28       8.898644e-15       5.766470e-06      326.355      326.357
     2335.68        723.01      1233.81       176.00      5.060408e-29       6.708070e-15       2.367675e-06      326.355      326.354
     2335.69        723.01      1233.81       176.00      1.574362e-29       3.770328e-15       1.236224e-06      326.355      326.355
     2335.69        723.01      1233.81       176.00      1.154331e-29       2.372025e-15       2.432448e-06      326.355      326.356
     2335.68        723.01      1233.81       176.00      2.826971e-29       3.303588e-15       4.166056e-06      326.355      326.354
     2335.67        723.01      1233.80       176.00      8.204899e-29       4.474698e-15       7.875663e-06      326.355      326.352
     2335.69        723.01      1233.81       176.00      2.399294e-29       4.852852e-15       6.654054e-07      326.355      326.355
     2335.68        723.01      1233.81       176.00      4.356224e-30       2.031520e-15       4.786951e-07      326.355      326.355
     2335.69        723.01      1233.81       176.00      4.719705e-30       2.121906e-15       4.660681e-07      326.355      326.355
     2335.69        723.02      1233.81       176.00      1.610840e-29       1.128677e-15       3.851557e-06      326.355      326.356
     2335.70        723.02      1233.82       176.00      5.646132e-29       1.294825e-15       7.401672e-06      326.355      326.357
     2335.68        723.01      1233.81       176.00      8.455273e-30       2.613731e-15       1.274238e-06      326.355      326.354
     2335.69        723.01      1233.81       176.00      2.580785e-30       1.398269e-16       1.600385e-06      326.355      326.355
     2335.69        723.01      1233.81       176.00      4.373799e-30       3.159296e-16       2.067362e-06      326.355      326.356
     2335.68        723.01      1233.81       176.00      1.111251e-29       1.938972e-15       2.711622e-06      326.355      326.354
     2335.68        723.01      1233.80       176.00      1.968629e-29       2.179841e-15       3.864529e-06      326.355      326.354
     2335.69        723.01      1233.81       176.00      3.314952e-30       1.605762e-15       8.581851e-07      326.355      326.355
     2335.69        723.01      1233.81       176.00      1.116948e-29       1.333631e-15       3.064459e-06      326.355      326.356
     2335.68        723.01      1233.81       176.00      3.895159e-30       1.512508e-15       1.267864e-06      326.355      326.354
     2335.69        723.01      1233.81       176.00      2.735703e-30       2.790828e-16       1.630281e-06      326.355      326.355
     2335.69        723.01      1233.81       176.00      4.694799e-30       1.061027e-15       1.889185e-06      326.355      326.356
     2335.69        723.01      1233.81       176.00      1.361713e-30       1.161413e-15       1.132804e-07      326.355      326.355
     2335.69        723.01      1233.81       176.00      1.136111e-29       1.146162e-16       3.368675e-06      326.355      326.356
     2335.68        723.01      1233.81       176.00      1.042983e-30       1.015447e-15       1.088619e-07      326.355      326.355
     2335.69        723.01      1233.81       176.00      5.967462e-31       1.420162e-16       7.593271e-07      326.355      326.355
     2335.69        723.01      1233.81       176.00      7.215549e-31       4.664809e-16       7.098947e-07      326.355      326.355
     2335.68        723.01      1233.81       176.00      1.099993e-30       9.482155e-16       4.481971e-07      326.355      326.355
     2335.68        723.01      1233.81       176.00      4.647132e-30       1.602105e-15       1.442356e-06      326.355      326.354
     2335.69        723.01      1233.81       176.00      8.260240e-31       3.477165e-16       8.397126e-07      326.355      326.355
     2335.69        723.01      1233.81       176.00      1.768860e-31       1.021542e-16       4.079835e-07      326.355      326.355
     2335.69        723.01      1233.81       176.00      3.096861e-31       3.630935e-17       5.553087e-07      326.355      326.355
     2335.69        723.01      1233.81       176.00      1.959143e-30       8.673128e-17       1.397004e-06      326.355      326.355
     2335.68        723.01      1233.81       176.00      3.073514e-31       5.542407e-16       1.298586e-08      326.355      326.355
     2335.69        723.01      1233.81       176.00      1.348267e-30       3.114734e-16       1.118593e-06      326.355      326.355
     2335.69        723.01      1233.81       176.00      3.165707e-31       5.266583e-16       1.979943e-07      326.355      326.355
     2335.68        723.01      1233.81       176.00      7.059470e-32       2.191084e-16       1.502870e-07      326.355      326.355
     2335.68        723.01      1233.81       176.00      4.594515e-31       2.074423e-16       6.453055e-07      326.355      326.355
     2335.68        723.01      1233.81       176.00      7.189507e-31       6.660157e-16       5.247606e-07      326.355      326.355
     2335.69        723.01      1233.81       176.00      2.304349e-31       1.960062e-16       4.381969e-07      326.355      326.355
     2335.68        723.01      1233.81       176.00      6.748139e-32       2.074021e-16       1.564153e-07      326.355      326.355
     2335.68        723.01      1233.81       176.00      1.917334e-31       4.165140e-16       1.350907e-07      326.355      326.355
     2335.69        723.01      1233.81       176.00      1.791414e-31       9.308439e-17       4.128883e-07      326.355      326.355
     2335.68        723.01      1233.81       176.00      1.262628e-32       1.095632e-16       2.494370e-08      326.355      326.355
     2335.68        723.01      1233.81       176.00      1.030167e-31       1.929227e-16       2.565103e-07      326.355      326.355
     2335.68        723.01      1233.81       176.00      1.659735e-31       3.437961e-16       2.185811e-07      326.355      326.355
     2335.68        723.01      1233.81       176.00      3.803063e-31       3.211988e-16       5.264386e-07      326.355      326.355
     2335.69        723.01      1233.81       176.00      4.841833e-32       1.345558e-16       1.741065e-07      326.355      326.355
     2335.69        723.01      1233.81       176.00      1.014943e-31       1.178572e-16       2.959796e-07      326.355      326.355
     2335.68        723.01      1233.81       176.00      3.967820e-32       1.076762e-16       1.675829e-07      326.355      326.355
     2335.69        723.01      1233.81       176.00      1.849481e-31       1.883508e-16       3.866162e-07      326.355      326.355
     2335.68        723.01      1233.81       176.00      2.430509e-32       1.550562e-16       1.620720e-08      326.355      326.355
     2335.68        723.01      1233.81       176.00      2.124881e-33       4.568486e-17       6.146070e-09      326.355      326.355
     2335.68        723.01      1233.81       176.00      7.784685e-33       1.374738e-17       8.715328e-08      326.355      326.355
     2335.68        723.01      1233.81       176.00      2.493221e-32       1.090090e-16       1.142333e-07      326.355      326.355
     2335.68        723.01      1233.81       176.00      6.563384e-32       6.496934e-17       2.478161e-07      326.355      326.355
     2335.68        723.01      1233.81       176.00      1.255965e-32       9.217051e-17       6.375146e-08      326.355      326.355
     2335.68        723.01      1233.81       176.00      3.132931e-32       1.278028e-16       1.224572e-07      326.355      326.355
     2335.68        723.01      1233.81       176.00      1.110402e-32       9.000629e-17       5.479863e-08      326.355      326.355
     2335.68        723.01      1233.81       176.00      8.782664e-33       9.357653e-17       5.108549e-09      326.355      326.355
     2335.68        723.01      1233.81       176.00      1.816791e-33       3.154106e-17       2.866971e-08      326.355      326.355
     2335.68        723.01      1233.81       176.00      3.256167e-33       1.337691e-17       5.547274e-08      326.355      326.355
     2335.68        723.01      1233.81       176.00      6.633233e-33       2.636809e-17       7.705814e-08      326.355      326.355
     2335.68        723.01      1233.81       176.00      9.964426e-34       9.542343e-18       3.008964e-08      326.355      326.355
     2335.68        723.01      1233.81       176.00      5.418711e-33       1.097897e-17       7.278855e-08      326.355      326.355
     2335.68        723.01      1233.81       176.00      1.869570e-33       3.982885e-17       1.682953e-08      326.355      326.355
     2335.68        723.01      1233.81       176.00      1.142011e-32       4.903028e-17       9.495338e-08      326.355      326.355
     2335.68        723.01      1233.81       176.00      1.491239e-33       1.820023e-17       3.405863e-08      326.355      326.355
     2335.68        723.01      1233.81       176.00      1.111038e-34       3.126105e-18       1.006634e-08      326.355      326.355
     2335.68        723.01      1233.81       176.00      5.198692e-34       1.443109e-17       1.765256e-08      326.355      326.355
     2335.68        723.01      1233.81       176.00      6.947738e-33       7.588959e-17       3.447474e-08      326.355      326.355
     2335.68        723.01      1233.81       176.00      2.198409e-34       1.420029e-17       4.265295e-09      326.355      326.355
     2335.68        723.01      1233.81       176.00      7.768433e-34       2.723622e-18       2.773852e-08      326.355      326.355
     2335.68        723.01      1233.81       176.00      1.469540e-33       5.908122e-18       3.787656e-08      326.355      326.355
     2335.68        723.01      1233.81       176.00      3.964652e-34       9.035536e-19       1.989092e-08      326.355      326.355
     2335.68        723.01      1233.81       176.00      1.048235e-33       8.957193e-18       3.111276e-08      326.355      326.355
     2335.68        723.01      1233.81       176.00      2.312049e-34       3.549050e-18       1.478544e-08      326.355      326.355
     2335.68        723.01      1233.81       176.00      2.441255e-33       1.180730e-17       4.797753e-08      326.355      326.355
     2335.68        723.01      1233.81       176.00      7.987466e-35       4.973225e-19       8.923415e-09      326.355      326.355
     2335.68        723.01      1233.81       176.00      2.801565e-34       8.669746e-18       1.431754e-08      326.355      326.355
     2335.68        723.01      1233.81       176.00      5.441618e-35       4.449824e-18       5.883472e-09      326.355      326.355
     2335.68        723.01      1233.81       176.00      3.921932e-34       5.456761e-18       1.903725e-08      326.355      326.355
     2335.68        723.01      1233.81       176.00      4.367646e-35       2.623482e-18       6.065789e-09      326.355      326.355
     2335.68        723.01      1233.81       176.00      1.844087e-34       1.265682e-17       4.920717e-09      326.355      326.355
     2335.68        723.01      1233.81       176.00      2.906704e-35       4.709665e-18       2.624137e-09      326.355      326.355
     2335.68        723.01      1233.81       176.00      1.599265e-34       9.736642e-19       1.260867e-08      326.355      326.355
     2335.68        723.01      1233.81       176.00      2.366372e-35       2.047429e-18       4.412681e-09      326.355      326.355
