[ER, ET, CPRT, GRT]  O.F.1  IT_1 IT_Force Force_Exp Force_FEMU 
    1297.657       548.382      1.02550      211.200      6.120480e-03       7.823350e-02       2.950434e-01      326.355      230.066
    6540.652       851.854      1.02550      211.200      4.978436e-03       7.055803e-02       2.421933e+00      326.355     1116.765
  -22156.987     -9363.413      4.98137      211.200      4.978436e-03       7.055803e-02       2.421933e+00      326.355     1116.765
    2124.846      4420.879      0.20829      211.200      3.163432e-03       5.624440e-02       1.003895e-01      326.355      359.117
    1297.657       548.382      1.02550     2730.272      1.422250e-02       1.192581e-01       2.676889e-01      326.355      238.993
    1951.020      1088.356      1.01605      551.126      7.206361e-03       8.489029e-02       8.192205e-02      326.355      353.091
    1787.279       947.968      1.01767       21.127      1.001130e-02       1.000565e-01       6.099992e-02      326.355      306.447
    4200.973      2343.469      0.39444      211.200      2.236236e-04       1.495405e-02       1.177980e+00      326.355      710.794
    -313.530      -344.472      1.01605      211.200      2.236236e-04       1.495405e-02       1.177980e+00      326.355      710.794
    1936.423      2127.528      0.39444      211.200      2.025311e-04       1.423134e-02       8.192606e-03      326.355      329.029
    1936.423      2127.528      0.39444     1118.606      4.987530e-04       2.233278e-02       1.365066e-02      326.355      330.810
     383.376       112.081      1.74130      575.813      4.987530e-04       2.233278e-02       1.365066e-02      326.355      330.810
    1719.154       935.163      0.90468      467.893      2.163926e-03       4.651802e-02       6.446290e-02      326.355      305.317
    2976.965      2262.723      0.39444      211.200      2.064194e-04       1.436730e-02       5.459088e-01      326.355      504.515
    1184.531      1301.432      0.66976      211.200      2.475277e-05       4.975216e-03       3.669204e-01      326.355      206.609
    1936.423      2127.528      0.39444      575.813      2.920191e-04       1.708857e-02       1.181710e-02      326.355      330.211
    2053.081      3186.840      0.27919      211.200      1.355312e-03       3.681456e-02       6.493160e-02      326.355      347.546
    1763.457      1049.328      0.79647      371.137      4.174325e-04       2.043116e-02       5.429704e-02      326.355      308.635
    1954.524      1520.284      0.59698      326.952      1.175222e-06       1.084076e-03       3.054614e-02      326.355      336.324
    2092.930      1608.221      0.63468       47.080      6.367167e-05       7.979453e-03       9.120563e-02      326.355      356.120
     539.374       624.714      0.78732      155.335      6.590076e-04       2.567114e-02       7.035569e-01      326.355       96.746
    2413.303      2010.126      0.47528      196.428      2.386681e-05       4.885367e-03       2.581778e-01      326.355      410.612
    1632.394      1106.352      0.85097      148.956      8.991551e-04       2.998591e-02       1.269770e-01      326.355      284.915
    1958.168      1899.722      0.48613      194.619      1.552427e-05       3.940086e-03       2.331574e-02      326.355      333.964
    1691.899      1847.207      0.48068      549.735      7.325391e-05       8.558850e-03       1.097855e-01      326.355      290.526
    1996.635      1668.618      0.59330      120.925      1.235083e-06       1.111343e-03       4.573257e-02      326.355      341.280
    2866.832      1909.133      0.40437      195.668      1.666256e-04       1.290835e-02       4.884797e-01      326.355      485.773
    1652.946      1596.761      0.60197      207.261      3.344377e-07       5.783059e-04       1.277691e-01      326.355      284.657
    1342.003      1265.812      0.67452      215.979      2.126258e-05       4.611137e-03       2.853773e-01      326.355      233.221
    1624.958      1482.653      0.61928      211.004      9.708577e-07       9.853211e-04       1.416324e-01      326.355      280.132
    1567.949      1221.689      0.74203      226.462      1.221367e-04       1.105155e-02       1.631463e-01      326.355      273.111
    1891.928      1738.709      0.54191      202.353      7.826797e-07       8.846918e-04       7.865884e-03      326.355      323.788
    1580.734      1509.444      0.58550      384.973      8.376233e-06       2.894172e-03       1.626894e-01      326.355      273.260
    1888.856      1629.601      0.59139      172.953      8.459583e-08       2.908536e-04       7.767617e-03      326.355      323.820
    1578.784      1687.463      0.58040      101.436      1.706893e-06       1.306481e-03       1.717176e-01      326.355      270.314
    1860.767      1570.337      0.59243      258.504      2.676135e-07       5.173137e-04       1.966708e-02      326.355      319.936
    2021.905      1783.403      0.54625      207.339      5.288547e-07       7.272240e-04       5.994803e-02      326.355      345.919
    1812.231      1554.055      0.62536      218.663      1.059659e-06       1.029397e-03       4.358845e-02      326.355      312.130
    1875.860      1694.174      0.56208      206.371      1.578016e-07       3.972424e-04       1.490451e-02      326.355      321.491
    1612.052      1457.860      0.63032      213.051      1.959638e-06       1.399871e-03       1.475915e-01      326.355      278.188
    1921.947      1705.552      0.56623      208.759      1.040229e-07       3.225258e-04       9.335715e-03      326.355      329.402
    2115.354      1672.553      0.55281      213.888      2.456416e-07       4.956224e-04       1.082990e-01      326.355      361.699
    2040.419      1787.110      0.54527      149.274      1.239418e-06       1.113291e-03       6.737026e-02      326.355      348.342
    1906.217      1624.057      0.58009      228.394      6.598230e-08       2.568702e-04       2.348885e-03      326.355      327.121
    1676.151      1625.955      0.59596      193.600      1.812116e-07       4.256896e-04       1.165247e-01      326.355      288.326
    1788.020      1648.519      0.58550      198.577      7.357607e-08       2.712491e-04       5.916446e-02      326.355      307.046
    1875.410      1610.769      0.59988      197.018      1.045494e-07       3.233410e-04       1.328489e-02      326.355      322.019
    1876.182      1631.734      0.59025      199.336      5.413935e-08       2.326786e-04       1.335972e-02      326.355      321.995
    1805.746      1562.144      0.60816      190.124      2.317839e-07       4.814394e-04       4.926024e-02      326.355      310.279
    1893.683      1669.905      0.57643      204.019      5.262369e-08       2.293985e-04       4.907989e-03      326.355      324.753
    1843.396      1658.826      0.57486      244.998      1.947398e-07       4.412933e-04       2.978186e-02      326.355      316.635
    1877.514      1636.907      0.58721      189.788      4.894005e-08       2.212240e-04       1.320834e-02      326.355      322.044
    1989.233      1628.179      0.58141      211.815      2.548592e-08       1.596431e-04       4.481992e-02      326.355      340.982
    2090.076      1611.158      0.57927      218.594      1.540078e-08       1.240999e-04       9.687983e-02      326.355      357.972
    1962.869      1654.753      0.58649      178.734      5.819858e-08       2.412438e-04       3.050412e-02      326.355      336.310
    1948.648      1647.059      0.58490      190.577      3.786403e-08       1.945868e-04       2.346163e-02      326.355      334.012
    2028.061      1650.830      0.57357      201.816      3.524762e-08       1.877435e-04       6.411662e-02      326.355      347.280
    2079.561      1603.336      0.58635      196.075      1.863974e-08       1.365274e-04       9.111752e-02      326.355      356.092
    2195.895      1610.285      0.57454      213.834      1.483165e-08       1.217853e-04       1.510440e-01      326.355      375.649
    2355.136      1582.706      0.56778      226.396      2.446685e-08       1.564188e-04       2.330647e-01      326.355      402.417
    2246.795      1581.277      0.57156      225.105      1.636693e-08       1.279333e-04       1.773156e-01      326.355      384.223
    2279.442      1549.609      0.58267      225.027      2.640713e-09       5.138787e-05       1.947615e-01      326.355      389.916
    2406.560      1492.641      0.58768      237.107      6.067552e-10       2.463240e-05       2.607873e-01      326.355      411.464
    2388.258      1538.290      0.56952      252.884      2.165965e-08       1.471722e-04       2.508063e-01      326.355      408.207
    2157.194      1590.751      0.58230      209.599      8.618643e-09       9.283665e-05       1.313355e-01      326.355      369.217
    2176.497      1573.776      0.59007      214.282      8.909543e-09       9.439037e-05       1.419113e-01      326.355      372.668
    2379.502      1520.362      0.58812      218.557      1.695224e-09       4.117310e-05       2.464246e-01      326.355      406.777
    2364.182      1481.554      0.60031      225.777      1.302315e-08       1.141190e-04       2.393583e-01      326.355      404.471
    2321.876      1513.945      0.59355      222.761      4.336475e-09       6.585192e-05       2.171443e-01      326.355      397.221
    2455.435      1481.190      0.58550      229.642      2.209488e-10       1.486435e-05       2.855662e-01      326.355      419.551
    2594.683      1426.623      0.58302      237.522      2.540251e-11       5.040090e-06       3.571964e-01      326.355      442.928
    2698.097      1373.685      0.59483      249.070      9.078899e-10       3.013121e-05       4.114076e-01      326.355      460.620
    2716.965      1386.723      0.58276      248.462      2.729359e-11       5.224326e-06       4.203925e-01      326.355      463.552
    2827.774      1311.858      0.58588      268.755      7.141126e-10       2.672289e-05       4.778774e-01      326.355      482.313
    2575.089      1439.849      0.57522      246.530      2.157243e-09       4.644613e-05       3.468966e-01      326.355      439.566
    2667.172      1390.203      0.58980      248.434      3.853945e-11       6.208015e-06       3.951831e-01      326.355      455.325
    2364.651      1528.262      0.58581      218.259      1.627193e-09       4.033848e-05       2.386339e-01      326.355      404.234
    2711.986      1369.708      0.58585      255.638      3.083542e-11       5.552965e-06       4.181207e-01      326.355      462.811
    2939.856      1282.017      0.58276      258.057      1.071884e-09       3.273964e-05       5.350459e-01      326.355      500.970
    2539.476      1444.950      0.58654      242.262      2.856247e-11       5.344386e-06       3.291954e-01      326.355      433.789
    2614.346      1424.872      0.57939      243.427      2.796423e-10       1.672251e-05       3.672695e-01      326.355      446.215
    2653.938      1398.853      0.58716      247.177      9.659671e-13       9.828362e-07       3.881880e-01      326.355      453.042
    2540.475      1458.353      0.58396      232.315      7.982584e-11       8.934531e-06       3.293146e-01      326.355      433.828
    2669.094      1392.342      0.58536      249.702      2.211195e-12       1.487009e-06       3.959204e-01      326.355      455.565
    2777.906      1354.980      0.58251      249.147      1.049222e-10       1.024316e-05       4.516497e-01      326.355      473.753
    2599.036      1423.473      0.58557      243.974      1.771165e-12       1.330851e-06       3.597954e-01      326.355      443.776
    2541.571      1432.671      0.58771      240.714      2.694323e-11       5.190687e-06       3.302267e-01      326.355      434.126
    2585.341      1421.720      0.58650      242.639      2.708815e-12       1.645848e-06       3.527336e-01      326.355      441.471
    2659.090      1391.732      0.58933      254.353      8.916836e-11       9.442900e-06       3.911621e-01      326.355      454.013
    2610.745      1417.920      0.58458      241.676      1.547555e-12       1.244008e-06       3.656666e-01      326.355      445.692
    2681.124      1394.315      0.58481      248.625      1.413415e-12       1.188871e-06       4.020791e-01      326.355      457.575
    2603.265      1424.894      0.58570      241.047      1.032236e-12       1.015990e-06       3.619099e-01      326.355      444.466
    2675.517      1394.440      0.58555      245.267      5.502811e-14       2.345804e-07       3.991349e-01      326.355      456.615
    2713.833      1379.575      0.58555      245.914      1.810024e-12       1.345371e-06       4.188397e-01      326.355      463.045
    2696.320      1388.291      0.58706      249.396      1.625578e-12       1.274981e-06       4.100635e-01      326.355      460.181
    2632.081      1410.592      0.58519      243.594      1.437732e-13       3.791742e-07       3.767365e-01      326.355      449.305
    2601.275      1419.885      0.58697      239.946      2.065721e-12       1.437261e-06       3.609013e-01      326.355      444.137
    2661.156      1400.822      0.58536      246.440      1.040460e-13       3.225614e-07       3.917835e-01      326.355      454.215
    2708.106      1377.026      0.58594      250.232      3.013243e-12       1.735870e-06       4.160179e-01      326.355      462.124
    2629.462      1413.106      0.58575      243.327      5.689206e-14       2.385203e-07       3.754326e-01      326.355      448.879
    2645.157      1410.698      0.58378      242.147      4.367419e-12       2.089837e-06       3.833503e-01      326.355      451.463
    2651.743      1401.811      0.58631      245.915      4.025548e-14       2.006373e-07       3.869785e-01      326.355      452.647
    2676.892      1394.486      0.58630      246.883      7.374429e-14       2.715587e-07       3.999456e-01      326.355      456.879
    2655.635      1401.156      0.58660      244.254      1.893827e-14       1.376158e-07       3.889546e-01      326.355      453.292
    2652.870      1401.318      0.58722      243.165      3.898489e-13       6.243787e-07       3.875375e-01      326.355      452.830
    2629.317      1410.738      0.58581      242.506      4.280445e-14       2.068920e-07       3.753198e-01      326.355      448.842
    2676.649      1390.923      0.58639      245.643      6.225411e-14       2.495074e-07       3.997633e-01      326.355      456.820
    2641.254      1407.593      0.58591      243.905      3.899012e-15       6.244090e-08       3.815129e-01      326.355      450.863
    2613.462      1416.042      0.58675      243.023      6.646583e-13       8.152657e-07       3.672488e-01      326.355      446.208
    2659.999      1399.908      0.58586      244.705      4.292670e-16       2.071507e-08       3.911617e-01      326.355      454.012
    2675.031      1394.434      0.58654      246.892      1.177827e-13       3.431946e-07       3.990002e-01      326.355      456.571
    2640.733      1406.688      0.58599      243.599      2.902255e-15       5.387123e-08       3.812336e-01      326.355      450.772
    2647.064      1405.873      0.58587      242.323      3.149803e-14       1.774764e-07       3.844512e-01      326.355      451.822
    2648.234      1404.857      0.58598      243.218      2.478893e-15       4.978699e-08       3.850831e-01      326.355      452.029
    2639.480      1408.373      0.58527      243.459      6.731027e-14       2.594420e-07       3.805441e-01      326.355      450.547
    2651.594      1402.962      0.58627      244.055      9.998194e-16       3.161755e-08       3.868506e-01      326.355      452.605
    2659.027      1399.610      0.58613      243.883      1.341453e-15       3.662377e-08       3.906520e-01      326.355      453.846
    2668.704      1396.956      0.58613      244.331      8.632202e-15       9.290880e-08       3.956452e-01      326.355      455.476
    2647.722      1404.266      0.58602      243.782      2.291459e-16       1.513267e-08       3.848346e-01      326.355      451.948
    2660.937      1398.514      0.58616      244.996      1.235619e-15       3.514918e-08       3.916665e-01      326.355      454.177
    2651.099      1403.218      0.58602      244.886      9.144430e-16       3.023729e-08       3.866047e-01      326.355      452.525
    2644.271      1406.656      0.58592      243.719      1.568440e-15       3.960168e-08       3.830599e-01      326.355      451.368
    2656.770      1400.554      0.58610      244.676      9.784223e-17       9.883851e-09       3.895146e-01      326.355      453.475
    2656.199      1401.012      0.58573      244.969      2.152386e-15       4.639218e-08       3.892063e-01      326.355      453.374
    2652.746      1402.475      0.58613      244.284      6.164285e-17       7.841731e-09       3.874398e-01      326.355      452.798
    2657.519      1400.385      0.58604      243.838      6.325537e-16       2.514760e-08       3.898705e-01      326.355      453.591
    2655.914      1401.094      0.58603      244.100      3.597731e-17       5.985478e-09       3.890540e-01      326.355      453.325
    2646.576      1404.280      0.58629      243.716      2.856456e-15       5.344444e-08       3.842595e-01      326.355      451.760
    2656.643      1401.004      0.58596      244.457      8.215101e-18       2.839620e-09       3.894362e-01      326.355      453.449
    2663.317      1398.289      0.58609      244.977      1.083780e-15       3.291847e-08       3.928889e-01      326.355      454.576
    2651.620      1402.775      0.58604      244.080      9.348407e-18       3.032945e-09       3.868477e-01      326.355      452.605
    2651.691      1403.121      0.58598      243.785      1.263513e-16       1.123395e-08       3.868744e-01      326.355      452.613
    2655.500      1401.196      0.58607      244.453      9.791910e-18       3.104948e-09       3.888545e-01      326.355      453.259
    2657.092      1400.559      0.58592      244.262      6.707262e-17       8.180513e-09       3.896562e-01      326.355      453.521
    2653.832      1401.997      0.58608      244.278      6.568730e-18       2.533415e-09       3.879940e-01      326.355      452.979
    2652.884      1402.392      0.58605      244.535      3.210414e-17       5.652784e-09       3.875121e-01      326.355      452.821
    2653.641      1402.068      0.58604      244.426      3.564287e-18       1.847653e-09       3.878976e-01      326.355      452.947
    2652.368      1402.726      0.58599      244.168      1.646317e-18       1.223261e-09       3.872333e-01      326.355      452.730
    2650.802      1403.491      0.58595      244.025      3.052594e-17       5.511499e-09       3.864227e-01      326.355      452.466
    2656.623      1401.122      0.58600      244.584      9.391936e-18       3.039783e-09       3.894328e-01      326.355      453.448
    2652.870      1402.362      0.58603      244.206      9.689276e-19       9.048624e-10       3.874940e-01      326.355      452.815
    2649.713      1403.570      0.58611      244.082      1.300990e-16       1.139957e-08       3.858732e-01      326.355      452.286
    2654.911      1401.646      0.58600      244.364      2.164052e-19       2.558077e-10       3.885455e-01      326.355      453.159
    2653.063      1402.405      0.58595      244.304      1.636843e-18       1.219269e-09       3.875912e-01      326.355      452.847
    2652.965      1402.502      0.58594      244.095      8.336717e-18       2.861212e-09       3.875343e-01      326.355      452.829
    2653.472      1402.176      0.58602      244.343      3.926644e-19       4.922096e-10       3.878068e-01      326.355      452.918
    2654.790      1401.568      0.58601      244.441      8.481460e-19       8.350000e-10       3.884854e-01      326.355      453.139
    2654.959      1401.472      0.58608      244.373      6.454098e-18       2.510599e-09       3.885747e-01      326.355      453.168
    2653.537      1402.172      0.58598      244.321      2.124523e-19       2.490676e-10       3.878371e-01      326.355      452.927
    2655.484      1401.419      0.58598      244.528      4.956885e-18       2.192188e-09       3.888434e-01      326.355      453.256
    2653.524      1402.127      0.58602      244.287      1.908538e-19       2.010987e-10       3.878313e-01      326.355      452.926
    2652.932      1402.492      0.58600      244.217      4.539087e-19       5.511199e-10       3.875249e-01      326.355      452.826
    2653.396      1402.261      0.58600      244.273      1.760904e-19       1.604017e-10       3.877650e-01      326.355      452.904
    2654.212      1401.927      0.58598      244.279      1.862494e-19       1.885835e-10       3.881826e-01      326.355      453.040
    2652.424      1402.596      0.58599      244.216      8.693630e-19       8.481690e-10       3.872626e-01      326.355      452.740
    2654.289      1401.884      0.58600      244.327      1.513552e-19       2.523450e-11       3.882247e-01      326.355      453.054
    2654.174      1401.928      0.58602      244.261      2.085911e-19       2.406641e-10       3.881648e-01      326.355      453.034
    2654.014      1401.989      0.58601      244.276      1.555586e-19       7.035825e-11       3.880829e-01      326.355      453.008
    2654.432      1401.904      0.58598      244.290      2.231647e-19       2.690552e-10       3.882963e-01      326.355      453.077
    2653.751      1402.071      0.58601      244.288      1.533003e-19       5.288624e-11       3.879476e-01      326.355      452.963
    2653.514      1402.176      0.58603      244.303      3.146981e-19       4.053245e-10       3.878275e-01      326.355      452.924
    2654.037      1401.989      0.58599      244.285      1.518733e-19       3.544734e-11       3.880938e-01      326.355      453.011
    2654.649      1401.705      0.58600      244.315      1.744941e-19       1.537274e-10       3.884095e-01      326.355      453.114
    2654.336      1401.844      0.58600      244.304      1.526108e-19       4.328997e-11       3.882484e-01      326.355      453.062
    2654.192      1401.905      0.58599      244.326      1.527884e-19       4.592498e-11       3.881744e-01      326.355      453.037
    2654.676      1401.740      0.58599      244.333      2.002918e-19       2.223045e-10       3.884231e-01      326.355      453.119
    2653.982      1401.988      0.58600      244.299      1.506029e-19       2.713060e-12       3.880664e-01      326.355      453.002
    2654.130      1401.947      0.58601      244.282      1.536053e-19       5.432150e-11       3.881423e-01      326.355      453.027
    2654.177      1401.916      0.58600      244.315      1.508950e-19       1.489584e-11       3.881664e-01      326.355      453.035
    2653.906      1402.044      0.58599      244.308      1.513475e-19       2.797031e-11       3.880273e-01      326.355      452.989
    2654.140      1401.927      0.58600      244.339      1.533006e-19       5.139339e-11       3.881486e-01      326.355      453.029
    2654.063      1401.973      0.58600      244.298      1.507184e-19       9.533936e-12       3.881075e-01      326.355      453.016
    2653.775      1402.077      0.58599      244.283      1.515923e-19       3.286440e-11       3.879591e-01      326.355      452.967
    2654.160      1401.932      0.58600      244.316      1.507294e-19       7.907577e-12       3.881583e-01      326.355      453.032
    2654.285      1401.860      0.58600      244.306      1.515711e-19       2.923617e-11       3.882220e-01      326.355      453.053
    2654.001      1401.998      0.58600      244.308      1.506563e-19       7.304036e-12       3.880760e-01      326.355      453.005
    2653.927      1402.030      0.58600      244.296      1.506072e-19       5.822248e-12       3.880378e-01      326.355      452.993
    2653.826      1402.063      0.58600      244.285      1.509568e-19       2.059155e-11       3.879855e-01      326.355      452.976
    2654.077      1401.965      0.58600      244.308      1.506379e-19       2.136627e-12       3.881151e-01      326.355      453.018
    2653.930      1402.017      0.58600      244.307      1.506480e-19       8.538180e-12       3.880401e-01      326.355      452.994
    2653.957      1402.002      0.58601      244.297      1.508751e-19       1.700987e-11       3.880538e-01      326.355      452.998
    2653.990      1401.999      0.58600      244.305      1.506049e-19       2.507826e-12       3.880704e-01      326.355      453.004
    2654.057      1401.974      0.58600      244.297      1.506827e-19       7.578341e-12       3.881047e-01      326.355      453.015
    2653.962      1402.007      0.58600      244.304      1.505970e-19       3.056213e-12       3.880563e-01      326.355      452.999
    2653.854      1402.047      0.58600      244.294      1.507279e-19       1.355160e-11       3.880003e-01      326.355      452.981
    2654.021      1401.986      0.58600      244.305      1.506113e-19       4.822175e-13       3.880864e-01      326.355      453.009
    2653.909      1402.027      0.58600      244.298      1.506048e-19       6.189723e-12       3.880290e-01      326.355      452.990
    2653.995      1401.980      0.58600      244.307      1.506052e-19       2.067448e-12       3.880733e-01      326.355      453.005
    2653.978      1401.993      0.58600      244.304      1.505973e-19       1.814975e-12       3.880644e-01      326.355      453.002
    2653.926      1402.008      0.58600      244.298      1.507645e-19       1.382899e-11       3.880377e-01      326.355      452.993
    2653.974      1402.001      0.58600      244.303      1.505945e-19       1.487896e-12       3.880623e-01      326.355      453.001
    2654.039      1401.968      0.58600      244.308      1.506187e-19       6.597877e-13       3.880956e-01      326.355      453.012
    2653.942      1402.012      0.58600      244.300      1.505918e-19       3.520065e-12       3.880457e-01      326.355      452.995
    2653.946      1402.018      0.58600      244.307      1.506118e-19       5.531819e-12       3.880479e-01      326.355      452.996
    2653.973      1401.996      0.58600      244.301      1.505946e-19       1.641287e-12       3.880618e-01      326.355      453.001
    2653.947      1402.015      0.58600      244.300      1.505943e-19       3.548316e-12       3.880486e-01      326.355      452.996
    2653.956      1402.006      0.58600      244.298      1.505942e-19       3.026338e-12       3.880529e-01      326.355      452.998
    2653.936      1402.021      0.58600      244.300      1.505920e-19       3.839339e-12       3.880429e-01      326.355      452.995
    2653.917      1402.026      0.58600      244.296      1.506085e-19       6.254584e-12       3.880328e-01      326.355      452.991
    2653.960      1402.007      0.58600      244.301      1.505909e-19       2.072803e-12       3.880549e-01      326.355      452.998
    2653.950      1402.008      0.58600      244.299      1.505885e-19       2.460921e-12       3.880496e-01      326.355      452.997
    2653.951      1402.004      0.58600      244.299      1.505879e-19       2.237431e-12       3.880501e-01      326.355      452.997
    2653.938      1402.017      0.58600      244.302      1.505916e-19       3.681909e-12       3.880439e-01      326.355      452.995
    2653.959      1401.999      0.58600      244.302      1.505913e-19       2.255939e-12       3.880544e-01      326.355      452.998
    2653.962      1402.002      0.58600      244.302      1.505914e-19       1.999071e-12       3.880559e-01      326.355      452.999
    2653.977      1401.989      0.58600      244.300      1.505943e-19       9.158370e-13       3.880637e-01      326.355      453.001
    2653.948      1402.010      0.58600      244.302      1.505892e-19       2.688140e-12       3.880489e-01      326.355      452.997
    2653.947      1402.008      0.58600      244.300      1.505911e-19       3.113571e-12       3.880482e-01      326.355      452.996
    2653.944      1402.016      0.58600      244.299      1.505906e-19       3.232428e-12       3.880466e-01      326.355      452.996
    2653.954      1402.011      0.58600      244.301      1.505913e-19       2.616339e-12       3.880521e-01      326.355      452.998
    2653.949      1402.009      0.58600      244.300      1.505916e-19       3.079958e-12       3.880492e-01      326.355      452.997
    2653.949      1402.007      0.58600      244.300      1.505881e-19       2.377691e-12       3.880495e-01      326.355      452.997
    2653.947      1402.010      0.58600      244.299      1.505889e-19       2.711473e-12       3.880484e-01      326.355      452.996
    2653.955      1402.006      0.58600      244.300      1.505892e-19       2.125665e-12       3.880525e-01      326.355      452.998
    2653.949      1402.006      0.58600      244.299      1.505908e-19       2.936583e-12       3.880492e-01      326.355      452.997
    2653.953      1402.007      0.58600      244.300      1.505899e-19       2.514375e-12       3.880510e-01      326.355      452.997
    2653.952      1402.007      0.58600      244.300      1.505887e-19       2.327629e-12       3.880506e-01      326.355      452.997
    2653.944      1402.009      0.58600      244.299      1.505876e-19       2.692362e-12       3.880468e-01      326.355      452.996
    2653.939      1402.010      0.58600      244.298      1.505883e-19       3.193456e-12       3.880439e-01      326.355      452.995
    2653.951      1402.003      0.58600      244.300      1.505874e-19       2.113802e-12       3.880501e-01      326.355      452.997
    2653.952      1402.000      0.58600      244.300      1.505871e-19       1.872469e-12       3.880510e-01      326.355      452.997
    2653.947      1402.003      0.58600      244.300      1.505862e-19       2.206316e-12       3.880481e-01      326.355      452.996
    2653.944      1402.001      0.58600      244.299      1.505850e-19       2.151593e-12       3.880468e-01      326.355      452.996
    2653.946      1402.000      0.58600      244.299      1.505855e-19       2.087913e-12       3.880479e-01      326.355      452.996
    2653.943      1402.000      0.58600      244.300      1.505845e-19       2.157418e-12       3.880462e-01      326.355      452.996
    2653.939      1401.998      0.58600      244.300      1.505840e-19       2.393855e-12       3.880441e-01      326.355      452.995
    2653.947      1401.991      0.58600      244.300      1.505839e-19       1.581610e-12       3.880482e-01      326.355      452.996
    2653.948      1401.982      0.58600      244.301      1.505836e-19       1.296204e-12       3.880488e-01      326.355      452.997
    2653.937      1401.990      0.58600      244.299      1.505805e-19       1.793117e-12       3.880428e-01      326.355      452.995
    2653.929      1401.985      0.58600      244.299      1.505772e-19       1.757692e-12       3.880388e-01      326.355      452.993
    2653.934      1401.983      0.58600      244.301      1.505798e-19       1.909006e-12       3.880414e-01      326.355      452.994
    2653.931      1401.973      0.58600      244.301      1.505777e-19       1.679500e-12       3.880398e-01      326.355      452.994
    2653.932      1401.963      0.58600      244.301      1.505788e-19       1.870276e-12       3.880403e-01      326.355      452.994
    2653.915      1401.971      0.58600      244.299      1.505743e-19       2.447739e-12       3.880313e-01      326.355      452.991
    2653.898      1401.965      0.58600      244.299      1.505696e-19       2.841106e-12       3.880225e-01      326.355      452.988
    2653.911      1401.960      0.58600      244.298      1.505705e-19       1.956664e-12       3.880293e-01      326.355      452.990
    2653.902      1401.979      0.58600      244.297      1.505687e-19       2.310058e-12       3.880249e-01      326.355      452.989
    2653.887      1401.986      0.58600      244.296      1.505675e-19       3.177995e-12       3.880172e-01      326.355      452.986
    2653.881      1401.975      0.58600      244.295      1.505654e-19       3.228263e-12       3.880141e-01      326.355      452.985
    2653.857      1401.976      0.58600      244.292      1.505628e-19       4.221569e-12       3.880012e-01      326.355      452.981
    2653.847      1401.959      0.58600      244.294      1.505551e-19       3.728979e-12       3.879963e-01      326.355      452.979
    2653.807      1401.946      0.58600      244.292      1.505468e-19       4.708580e-12       3.879751e-01      326.355      452.972
    2653.813      1401.977      0.58600      244.291      1.505671e-19       6.286761e-12       3.879788e-01      326.355      452.974
    2653.784      1401.977      0.58600      244.287      1.505782e-19       7.896769e-12       3.879637e-01      326.355      452.969
    2653.869      1401.968      0.58600      244.296      1.505623e-19       3.501629e-12       3.880078e-01      326.355      452.983
    2653.786      1401.948      0.58600      244.289      1.505612e-19       6.703678e-12       3.879643e-01      326.355      452.969
    2653.846      1401.943      0.58600      244.293      1.505580e-19       4.183578e-12       3.879954e-01      326.355      452.979
    2653.797      1401.926      0.58600      244.293      1.505631e-19       6.509474e-12       3.879701e-01      326.355      452.971
    2653.842      1401.964      0.58600      244.292      1.505545e-19       3.948265e-12       3.879934e-01      326.355      452.978
    2653.770      1401.932      0.58600      244.288      1.505782e-19       8.248929e-12       3.879563e-01      326.355      452.966
    2653.845      1401.959      0.58600      244.294      1.505545e-19       3.794124e-12       3.879949e-01      326.355      452.979
    2653.884      1401.958      0.58600      244.296      1.505621e-19       2.516742e-12       3.880152e-01      326.355      452.986
    2653.810      1401.950      0.58600      244.291      1.505605e-19       5.855614e-12       3.879770e-01      326.355      452.973
    2653.859      1401.956      0.58600      244.295      1.505555e-19       3.092213e-12       3.880025e-01      326.355      452.981
    2653.830      1401.970      0.58600      244.293      1.505538e-19       4.412973e-12       3.879875e-01      326.355      452.977
    2653.802      1401.964      0.58600      244.291      1.505570e-19       5.821651e-12       3.879731e-01      326.355      452.972
    2653.845      1401.958      0.58600      244.294      1.505536e-19       3.665010e-12       3.879951e-01      326.355      452.979
    2653.822      1401.953      0.58600      244.293      1.505538e-19       4.798723e-12       3.879829e-01      326.355      452.975
    2653.807      1401.954      0.58600      244.292      1.505465e-19       4.646064e-12       3.879754e-01      326.355      452.973
    2653.788      1401.951      0.58600      244.291      1.505473e-19       5.475489e-12       3.879656e-01      326.355      452.969
    2653.810      1401.935      0.58600      244.293      1.505459e-19       4.465173e-12       3.879767e-01      326.355      452.973
    2653.799      1401.918      0.58600      244.293      1.505438e-19       4.705668e-12       3.879712e-01      326.355      452.971
    2653.807      1401.935      0.58600      244.292      1.505414e-19       4.048433e-12       3.879755e-01      326.355      452.973
    2653.800      1401.927      0.58600      244.291      1.505474e-19       5.025076e-12       3.879719e-01      326.355      452.971
    2653.765      1401.919      0.58600      244.290      1.505423e-19       5.858011e-12       3.879535e-01      326.355      452.965
    2653.783      1401.917      0.58600      244.292      1.505423e-19       5.217681e-12       3.879628e-01      326.355      452.968
    2653.771      1401.891      0.58600      244.291      1.505546e-19       6.681892e-12       3.879562e-01      326.355      452.966
    2653.798      1401.938      0.58600      244.292      1.505457e-19       4.955076e-12       3.879706e-01      326.355      452.971
    2653.780      1401.907      0.58600      244.291      1.505538e-19       6.329163e-12       3.879610e-01      326.355      452.968
    2653.793      1401.930      0.58600      244.292      1.505432e-19       4.886788e-12       3.879682e-01      326.355      452.970
    2653.775      1401.933      0.58600      244.290      1.505412e-19       5.405660e-12       3.879588e-01      326.355      452.967
    2653.763      1401.940      0.58600      244.289      1.505445e-19       6.107366e-12       3.879525e-01      326.355      452.965
    2653.772      1401.922      0.58600      244.290      1.505378e-19       5.205744e-12       3.879571e-01      326.355      452.967
    2653.762      1401.918      0.58600      244.289      1.505352e-19       5.369305e-12       3.879516e-01      326.355      452.965
    2653.772      1401.935      0.58600      244.289      1.505390e-19       5.336111e-12       3.879569e-01      326.355      452.967
    2653.793      1401.941      0.58600      244.289      1.505395e-19       4.526388e-12       3.879678e-01      326.355      452.970
    2653.743      1401.928      0.58600      244.287      1.505383e-19       6.266427e-12       3.879420e-01      326.355      452.962
    2653.759      1401.929      0.58600      244.287      1.505490e-19       6.589594e-12       3.879505e-01      326.355      452.964
    2653.771      1401.932      0.58600      244.289      1.505389e-19       5.342749e-12       3.879567e-01      326.355      452.966
    2653.731      1401.915      0.58600      244.288      1.505424e-19       6.945924e-12       3.879358e-01      326.355      452.960
    2653.777      1401.935      0.58600      244.289      1.505376e-19       4.979112e-12       3.879598e-01      326.355      452.967
    2653.755      1401.921      0.58600      244.289      1.505352e-19       5.603571e-12       3.879481e-01      326.355      452.964
    2653.746      1401.914      0.58600      244.288      1.505343e-19       5.826389e-12       3.879437e-01      326.355      452.962
    2653.743      1401.915      0.58600      244.288      1.505321e-19       5.761967e-12       3.879419e-01      326.355      452.962
    2653.729      1401.907      0.58600      244.287      1.505293e-19       6.009453e-12       3.879345e-01      326.355      452.959
    2653.764      1401.909      0.58600      244.290      1.505322e-19       4.984989e-12       3.879528e-01      326.355      452.965
    2653.723      1401.889      0.58600      244.288      1.505358e-19       6.703897e-12       3.879315e-01      326.355      452.958
    2653.737      1401.900      0.58600      244.288      1.505328e-19       6.038663e-12       3.879386e-01      326.355      452.961
    2653.726      1401.897      0.58600      244.287      1.505286e-19       6.037043e-12       3.879332e-01      326.355      452.959
    2653.709      1401.887      0.58600      244.286      1.505264e-19       6.426330e-12       3.879241e-01      326.355      452.956
    2653.723      1401.888      0.58600      244.287      1.505256e-19       5.913656e-12       3.879312e-01      326.355      452.958
    2653.711      1401.875      0.58600      244.286      1.505228e-19       6.084072e-12       3.879250e-01      326.355      452.956
    2653.720      1401.889      0.58600      244.286      1.505205e-19       5.579157e-12       3.879296e-01      326.355      452.958
    2653.711      1401.883      0.58600      244.285      1.505146e-19       5.357147e-12       3.879251e-01      326.355      452.956
    2653.666      1401.868      0.58600      244.283      1.505155e-19       6.917439e-12       3.879016e-01      326.355      452.948
    2653.669      1401.849      0.58600      244.283      1.505141e-19       6.711743e-12       3.879033e-01      326.355      452.949
    2653.640      1401.820      0.58600      244.281      1.505155e-19       7.653833e-12       3.878878e-01      326.355      452.944
    2653.670      1401.850      0.58600      244.282      1.505232e-19       7.352102e-12       3.879035e-01      326.355      452.949
    2653.679      1401.860      0.58600      244.283      1.505104e-19       6.113168e-12       3.879086e-01      326.355      452.951
    2653.652      1401.855      0.58600      244.281      1.505025e-19       6.362938e-12       3.878943e-01      326.355      452.946
    2653.623      1401.844      0.58600      244.278      1.504929e-19       6.543339e-12       3.878790e-01      326.355      452.941
    2653.676      1401.850      0.58600      244.282      1.505008e-19       5.415870e-12       3.879065e-01      326.355      452.950
    2653.613      1401.819      0.58600      244.278      1.504979e-19       7.206328e-12       3.878736e-01      326.355      452.939
    2653.626      1401.837      0.58600      244.278      1.504861e-19       5.898667e-12       3.878805e-01      326.355      452.942
    2653.604      1401.831      0.58600      244.275      1.504743e-19       5.644752e-12       3.878691e-01      326.355      452.938
    2653.578      1401.813      0.58600      244.274      1.504623e-19       5.524359e-12       3.878554e-01      326.355      452.933
    2653.527      1401.789      0.58600      244.269      1.504419e-19       5.534515e-12       3.878289e-01      326.355      452.925
    2653.507      1401.792      0.58600      244.268      1.504485e-19       6.718666e-12       3.878187e-01      326.355      452.921
    2653.518      1401.810      0.58600      244.267      1.504419e-19       5.850177e-12       3.878242e-01      326.355      452.923
    2653.455      1401.767      0.58600      244.262      1.504128e-19       5.528504e-12       3.877915e-01      326.355      452.913
    2653.372      1401.728      0.58600      244.253      1.503796e-19       5.600147e-12       3.877477e-01      326.355      452.898
    2653.358      1401.728      0.58600      244.253      1.504007e-19       7.608119e-12       3.877407e-01      326.355      452.896
    2653.380      1401.736      0.58600      244.253      1.503908e-19       6.261454e-12       3.877520e-01      326.355      452.900
    2653.301      1401.681      0.58600      244.247      1.503611e-19       6.459242e-12       3.877104e-01      326.355      452.886
    2653.192      1401.616      0.58600      244.238      1.503402e-19       8.063824e-12       3.876534e-01      326.355      452.867
    2653.124      1401.614      0.58600      244.230      1.503263e-19       8.860450e-12       3.876181e-01      326.355      452.856
    2652.923      1401.527      0.58600      244.210      1.504098e-19       1.561147e-11       3.875127e-01      326.355      452.822
    2653.176      1401.619      0.58600      244.233      1.503196e-19       7.142427e-12       3.876449e-01      326.355      452.865
    2653.084      1401.565      0.58600      244.224      1.502720e-19       6.371930e-12       3.875970e-01      326.355      452.849
    2653.006      1401.526      0.58600      244.219      1.502972e-19       9.871390e-12       3.875561e-01      326.355      452.836
    2652.831      1401.433      0.58599      244.202      1.502851e-19       1.249975e-11       3.874647e-01      326.355      452.806
    2652.831      1401.453      0.58600      244.199      1.503053e-19       1.328812e-11       3.874645e-01      326.355      452.806
    2652.752      1401.374      0.58599      244.192      1.502205e-19       1.113103e-11       3.874231e-01      326.355      452.792
    2652.566      1401.253      0.58599      244.173      1.502226e-19       1.419380e-11       3.873256e-01      326.355      452.760
    2653.006      1401.496      0.58600      244.219      1.502806e-19       9.001877e-12       3.875559e-01      326.355      452.836
    2652.831      1401.408      0.58599      244.199      1.502454e-19       1.081135e-11       3.874642e-01      326.355      452.806
    2653.005      1401.488      0.58600      244.215      1.502213e-19       4.698061e-12       3.875555e-01      326.355      452.836
    2652.830      1401.421      0.58600      244.196      1.501946e-19       8.139453e-12       3.874640e-01      326.355      452.806
    2652.742      1401.384      0.58600      244.185      1.501928e-19       1.000741e-11       3.874180e-01      326.355      452.791
    2652.581      1401.262      0.58599      244.172      1.502294e-19       1.422358e-11       3.873333e-01      326.355      452.763
    2652.710      1401.347      0.58600      244.183      1.501425e-19       7.949468e-12       3.874007e-01      326.355      452.785
    2652.649      1401.316      0.58600      244.175      1.501000e-19       6.729396e-12       3.873690e-01      326.355      452.775
    2652.993      1401.519      0.58600      244.211      1.502170e-19       4.742394e-12       3.875494e-01      326.355      452.834
    2652.563      1401.308      0.58600      244.166      1.502899e-19       1.642698e-11       3.873242e-01      326.355      452.760
    2652.895      1401.443      0.58600      244.203      1.501785e-19       4.899907e-12       3.874977e-01      326.355      452.817
    2652.888      1401.457      0.58600      244.195      1.502131e-19       7.850696e-12       3.874939e-01      326.355      452.815
    2652.594      1401.282      0.58600      244.167      1.501434e-19       1.054785e-11       3.873399e-01      326.355      452.765
    2652.552      1401.255      0.58599      244.170      1.502242e-19       1.444773e-11       3.873183e-01      326.355      452.758
    2652.804      1401.407      0.58600      244.189      1.501776e-19       7.751993e-12       3.874500e-01      326.355      452.801
    2652.728      1401.340      0.58600      244.182      1.501165e-19       5.455906e-12       3.874103e-01      326.355      452.788
    2652.493      1401.229      0.58600      244.153      1.501594e-19       1.296996e-11       3.872869e-01      326.355      452.748
    2652.428      1401.176      0.58600      244.150      1.500814e-19       1.079570e-11       3.872530e-01      326.355      452.737
    2652.240      1401.061      0.58600      244.131      1.501125e-19       1.496528e-11       3.871545e-01      326.355      452.705
    2652.707      1401.328      0.58600      244.184      1.501247e-19       6.826664e-12       3.873991e-01      326.355      452.784
    2652.662      1401.298      0.58600      244.178      1.500787e-19       4.320611e-12       3.873758e-01      326.355      452.777
    2652.697      1401.306      0.58600      244.183      1.500777e-19       1.934319e-12       3.873938e-01      326.355      452.783
    2652.544      1401.241      0.58600      244.161      1.500493e-19       6.101314e-12       3.873139e-01      326.355      452.757
    2652.463      1401.198      0.58600      244.150      1.500584e-19       8.906787e-12       3.872713e-01      326.355      452.743
    2652.431      1401.180      0.58600      244.153      1.500070e-19       6.397899e-12       3.872546e-01      326.355      452.737
    2652.282      1401.101      0.58600      244.138      1.499546e-19       6.985852e-12       3.871767e-01      326.355      452.712
    2652.326      1401.096      0.58600      244.142      1.499385e-19       3.852262e-12       3.871998e-01      326.355      452.719
    2652.165      1400.986      0.58600      244.125      1.498664e-19       2.872192e-12       3.871152e-01      326.355      452.692
    2652.416      1401.141      0.58600      244.154      1.499603e-19       4.518587e-13       3.872468e-01      326.355      452.735
    2652.007      1400.928      0.58600      244.106      1.498982e-19       1.020076e-11       3.870324e-01      326.355      452.665
    2651.890      1400.837      0.58600      244.101      1.497532e-19       2.462171e-12       3.869717e-01      326.355      452.645
    2651.564      1400.635      0.58600      244.070      1.496202e-19       2.354486e-12       3.868006e-01      326.355      452.589
    2651.593      1400.684      0.58600      244.066      1.498096e-19       1.353499e-11       3.868157e-01      326.355      452.594
    2651.382      1400.516      0.58600      244.046      1.496188e-19       8.822677e-12       3.867053e-01      326.355      452.558
    2650.932      1400.223      0.58600      243.999      1.496069e-19       1.575350e-11       3.864695e-01      326.355      452.481
    2651.120      1400.336      0.58600      244.024      1.494882e-19       7.305217e-12       3.865680e-01      326.355      452.513
    2650.677      1400.040      0.58600      243.983      1.493831e-19       1.130277e-11       3.863358e-01      326.355      452.437
    2650.218      1399.805      0.58600      243.934      1.493585e-19       1.698848e-11       3.860957e-01      326.355      452.359
    2649.245      1399.214      0.58600      243.838      1.497162e-19       3.224266e-11       3.855861e-01      326.355      452.193
    2650.103      1399.668      0.58600      243.927      1.495753e-19       2.349774e-11       3.860352e-01      326.355      452.339
    2649.402      1399.233      0.58600      243.852      1.506230e-19       4.339899e-11       3.856676e-01      326.355      452.219
    2651.023      1400.284      0.58600      244.015      1.494374e-19       6.460384e-12       3.865173e-01      326.355      452.497
    2650.078      1399.675      0.58600      243.931      1.493111e-19       1.725647e-11       3.860225e-01      326.355      452.335
    2649.651      1399.401      0.58600      243.896      1.496910e-19       2.915616e-11       3.857990e-01      326.355      452.262
    2650.895      1400.234      0.58600      244.004      1.494363e-19       9.608561e-12       3.864505e-01      326.355      452.475
    2649.911      1399.593      0.58600      243.910      1.493499e-19       2.010172e-11       3.859349e-01      326.355      452.307
    2649.547      1399.322      0.58600      243.875      1.498223e-19       3.199789e-11       3.857440e-01      326.355      452.244
    2650.558      1400.006      0.58600      243.972      1.493322e-19       1.116926e-11       3.862738e-01      326.355      452.417
    2649.706      1399.499      0.58600      243.890      1.492228e-19       1.896856e-11       3.858277e-01      326.355      452.272
    2649.221      1399.229      0.58600      243.844      1.491556e-19       2.210353e-11       3.855737e-01      326.355      452.189
    2649.666      1399.446      0.58600      243.894      1.494382e-19       2.431762e-11       3.858067e-01      326.355      452.265
    2650.080      1399.715      0.58600      243.924      1.492688e-19       1.595953e-11       3.860235e-01      326.355      452.336
    2650.057      1399.720      0.58600      243.925      1.491530e-19       1.216434e-11       3.860117e-01      326.355      452.332
    2650.130      1399.784      0.58600      243.932      1.491183e-19       9.142826e-12       3.860502e-01      326.355      452.344
    2649.197      1399.195      0.58600      243.843      1.491028e-19       2.110691e-11       3.855611e-01      326.355      452.185
    2648.516      1398.790      0.58600      243.779      1.492480e-19       2.941714e-11       3.852047e-01      326.355      452.068
    2649.236      1399.287      0.58600      243.841      1.491986e-19       2.292054e-11       3.855817e-01      326.355      452.191
    2648.812      1399.032      0.58600      243.806      1.488437e-19       1.847960e-11       3.853599e-01      326.355      452.119
    2648.178      1398.691      0.58600      243.747      1.486391e-19       1.981024e-11       3.850281e-01      326.355      452.011
    2649.127      1399.163      0.58600      243.842      1.489863e-19       1.889243e-11       3.855248e-01      326.355      452.173
    2649.095      1399.187      0.58600      243.838      1.488013e-19       1.358563e-11       3.855084e-01      326.355      452.167
    2647.668      1398.334      0.58600      243.703      1.489438e-19       3.004508e-11       3.847611e-01      326.355      451.924
    2647.837      1398.492      0.58600      243.722      1.484086e-19       1.729144e-11       3.848501e-01      326.355      451.953
    2647.157      1398.141      0.58600      243.661      1.480873e-19       1.584814e-11       3.844947e-01      326.355      451.837
    2646.922      1398.014      0.58600      243.633      1.480989e-19       1.890894e-11       3.843714e-01      326.355      451.796
    2648.008      1398.682      0.58600      243.736      1.482464e-19       8.220965e-12       3.849401e-01      326.355      451.982
    2646.038      1397.577      0.58600      243.550      1.477559e-19       1.923014e-11       3.839090e-01      326.355      451.645
    2644.510      1396.772      0.58600      243.406      1.475807e-19       2.841994e-11       3.831096e-01      326.355      451.385
    2645.121      1397.113      0.58600      243.472      1.471278e-19       1.045680e-11       3.834299e-01      326.355      451.489
    2643.593      1396.325      0.58600      243.334      1.464616e-19       7.425158e-12       3.826310e-01      326.355      451.228
    2643.084      1395.944      0.58600      243.281      1.468458e-19       2.537372e-11       3.823637e-01      326.355      451.141
    2642.250      1395.577      0.58600      243.209      1.461495e-19       1.673983e-11       3.819284e-01      326.355      450.999
    2639.916      1394.360      0.58600      242.997      1.453815e-19       2.105279e-11       3.807077e-01      326.355      450.601
    2638.397      1393.561      0.58599      242.848      1.449739e-19       2.530034e-11       3.799129e-01      326.355      450.341
    2634.022      1391.275      0.58599      242.442      1.445075e-19       4.367065e-11       3.776247e-01      326.355      449.595
    2635.799      1392.181      0.58600      242.621      1.435346e-19       1.520401e-11       3.785543e-01      326.355      449.898
    2631.448      1389.888      0.58600      242.229      1.419097e-19       1.798467e-11       3.762794e-01      326.355      449.156
    2631.408      1389.980      0.58599      242.220      1.417956e-19       1.499532e-11       3.762588e-01      326.355      449.149
    2625.580      1387.002      0.58599      241.690      1.399078e-19       2.492137e-11       3.732113e-01      326.355      448.154
    2621.907      1384.946      0.58599      241.347      1.412077e-19       5.789686e-11       3.712892e-01      326.355      447.527
    2616.583      1382.206      0.58599      240.859      1.372276e-19       3.783310e-11       3.685055e-01      326.355      446.618
    2604.954      1376.149      0.58599      239.794      1.356499e-19       6.556524e-11       3.624239e-01      326.355      444.634
    2607.936      1377.725      0.58599      240.089      1.370554e-19       6.760866e-11       3.639841e-01      326.355      445.143
    2598.775      1373.041      0.58598      239.234      1.526026e-19       1.535676e-10       3.591930e-01      326.355      443.579
    2623.262      1385.667      0.58599      241.478      1.387765e-19       1.984479e-11       3.719982e-01      326.355      447.758
    2608.951      1378.321      0.58599      240.178      1.341712e-19       3.604763e-11       3.645158e-01      326.355      445.316
    2602.485      1375.015      0.58600      239.595      1.343328e-19       6.256417e-11       3.611350e-01      326.355      444.213
    2597.000      1371.944      0.58599      239.082      1.320377e-19       6.069730e-11       3.582646e-01      326.355      443.276
    2582.767      1364.445      0.58599      237.783      1.332269e-19       1.007557e-10       3.508207e-01      326.355      440.847
    2586.218      1366.434      0.58599      238.099      1.381867e-19       1.176474e-10       3.526269e-01      326.355      441.436
    2595.456      1371.229      0.58599      238.941      1.338214e-19       7.775361e-11       3.574574e-01      326.355      443.013
    2595.246      1371.098      0.58599      238.909      1.301924e-19       4.995121e-11       3.573475e-01      326.355      442.977
    2588.913      1367.790      0.58599      238.320      1.288828e-19       5.951469e-11       3.540350e-01      326.355      441.896
    2590.206      1368.493      0.58599      238.467      1.311322e-19       7.287782e-11       3.547126e-01      326.355      442.117
    2576.881      1361.431      0.58599      237.231      1.284512e-19       8.675351e-11       3.477428e-01      326.355      439.842
    2560.918      1353.025      0.58599      235.765      1.304947e-19       1.237198e-10       3.393938e-01      326.355      437.118
    2581.044      1363.600      0.58599      237.609      1.246169e-19       4.661383e-11       3.499201e-01      326.355      440.553
    2573.853      1359.793      0.58599      236.944      1.211880e-19       3.690454e-11       3.461590e-01      326.355      439.326
    2567.956      1356.825      0.58599      236.403      1.217657e-19       6.375600e-11       3.430757e-01      326.355      438.319
    2563.618      1354.439      0.58599      235.985      1.228701e-19       8.198716e-11       3.408052e-01      326.355      437.578
    2552.299      1348.485      0.58599      234.967      1.163269e-19       6.463713e-11       3.348865e-01      326.355      435.647
    2534.086      1338.883      0.58599      233.299      1.121510e-19       7.931537e-11       3.253615e-01      326.355      432.538
    2542.886      1343.544      0.58599      234.085      1.107995e-19       4.386238e-11       3.299630e-01      326.355      434.040
    2525.969      1334.643      0.58600      232.520      1.057486e-19       5.131478e-11       3.211158e-01      326.355      431.153
    2537.266      1340.608      0.58600      233.593      1.120597e-19       7.151244e-11       3.270254e-01      326.355      433.081
    2517.687      1330.169      0.58600      231.781      1.016985e-19       3.669054e-11       3.167843e-01      326.355      429.739
    2492.732      1316.937      0.58600      229.487      9.468600e-20       4.932156e-11       3.037324e-01      326.355      425.479
    2471.612      1305.975      0.58600      227.546      9.316986e-20       8.662344e-11       2.926880e-01      326.355      421.875
    2421.240      1279.465      0.58601      222.919      1.103162e-19       1.984366e-10       2.663440e-01      326.355      413.278
    2479.714      1310.204      0.58601      228.275      9.996916e-20       1.086496e-10       2.969250e-01      326.355      423.258
    2448.049      1293.435      0.58601      225.350      8.514014e-20       8.085039e-11       2.803629e-01      326.355      417.853
    2404.017      1270.158      0.58602      221.284      9.158765e-20       1.592707e-10       2.573334e-01      326.355      410.337
    2420.573      1278.896      0.58602      222.856      1.193914e-19       2.205414e-10       2.659941e-01      326.355      413.163
    2499.417      1320.597      0.58600      230.084      9.641845e-20       4.503960e-11       3.072294e-01      326.355      426.621
    2476.113      1308.226      0.58600      227.951      8.825524e-20       3.473109e-11       2.950407e-01      326.355      422.643
    2444.930      1291.741      0.58601      225.091      8.357771e-20       7.672067e-11       2.787322e-01      326.355      417.321
    2417.904      1277.429      0.58601      222.615      8.821985e-20       1.349378e-10       2.645971e-01      326.355      412.707
    2427.789      1282.840      0.58601      223.499      8.032126e-20       8.687093e-11       2.697679e-01      326.355      414.395
    2395.628      1265.956      0.58601      220.535      8.413243e-20       1.419505e-10       2.529476e-01      326.355      408.906
    2426.868      1282.168      0.58601      223.403      7.366961e-20       3.399266e-11       2.692844e-01      326.355      414.237
    2404.644      1270.345      0.58601      221.345      6.700456e-20       2.481828e-11       2.576599e-01      326.355      410.443
    2386.927      1261.133      0.58602      219.724      8.163476e-20       1.411885e-10       2.483960e-01      326.355      407.420
    2384.203      1259.652      0.58601      219.490      6.490618e-20       6.254358e-11       2.469706e-01      326.355      406.955
    2352.585      1242.925      0.58601      216.589      5.913870e-20       7.771006e-11       2.304340e-01      326.355      401.558
    2341.429      1237.087      0.58601      215.525      6.231262e-20       1.089392e-10       2.245993e-01      326.355      399.654
    2376.043      1255.329      0.58600      218.730      5.937899e-20       2.178577e-11       2.427022e-01      326.355      405.562
    2310.146      1220.321      0.58601      212.652      4.397905e-20       2.483565e-11       2.082360e-01      326.355      394.314
    2252.382      1189.635      0.58601      207.330      3.517146e-20       5.898355e-11       1.780236e-01      326.355      384.454
    2257.242      1192.497      0.58601      207.805      3.738094e-20       6.910974e-11       1.805680e-01      326.355      385.284
    2277.271      1202.877      0.58600      209.661      5.162468e-20       1.229949e-10       1.910417e-01      326.355      388.702
    2195.088      1159.388      0.58602      202.094      9.508805e-20       2.704929e-10       1.480595e-01      326.355      374.675
    2330.156      1230.994      0.58600      214.509      4.821053e-20       1.948996e-11       2.187022e-01      326.355      397.729
    2206.865      1165.578      0.58601      203.153      2.696033e-20       5.636755e-11       1.542175e-01      326.355      376.685
    2135.694      1127.818      0.58601      196.596      3.123709e-20       1.324752e-10       1.169932e-01      326.355      364.536
    2245.691      1186.279      0.58601      206.703      3.824358e-20       8.823063e-11       1.745249e-01      326.355      383.312
    2152.549      1136.871      0.58602      198.140      4.937382e-20       1.831549e-10       1.258097e-01      326.355      367.414
    2285.117      1207.119      0.58601      210.356      3.851679e-20       2.085619e-11       1.951456e-01      326.355      390.042
    2196.313      1160.058      0.58601      202.172      3.076155e-20       9.300618e-11       1.486990e-01      326.355      374.884
    2210.620      1167.556      0.58601      203.518      4.560358e-20       1.456394e-10       1.561818e-01      326.355      377.326
    2236.898      1181.585      0.58601      205.904      3.182561e-20       5.432089e-11       1.699260e-01      326.355      381.811
    2189.129      1156.010      0.58601      201.489      3.913407e-20       1.346353e-10       1.449393e-01      326.355      373.657
    2240.119      1183.323      0.58601      206.216      3.203721e-20       5.086016e-11       1.716113e-01      326.355      382.361
    2187.864      1155.715      0.58601      201.407      2.444213e-20       6.020819e-11       1.442813e-01      326.355      373.442
    2155.945      1138.935      0.58601      198.477      2.246840e-20       7.867452e-11       1.275881e-01      326.355      367.994
    2158.076      1139.855      0.58601      198.654      2.109986e-20       6.734969e-11       1.287007e-01      326.355      368.357
    2117.610      1118.420      0.58601      194.926      2.075483e-20       9.586875e-11       1.075361e-01      326.355      361.450
    2102.201      1110.305      0.58601      193.529      3.081341e-20       1.446293e-10       9.947757e-02      326.355      358.820
    2135.496      1127.921      0.58601      196.587      2.280271e-20       9.559903e-11       1.168911e-01      326.355      364.503
    2111.797      1115.450      0.58601      194.414      1.758890e-20       8.166606e-11       1.044967e-01      326.355      360.458
    2070.141      1093.467      0.58600      190.592      2.518778e-20       1.354501e-10       8.271061e-02      326.355      353.348
    2054.805      1085.448      0.58602      189.168      3.353286e-20       1.671951e-10       7.469048e-02      326.355      350.730
    2168.358      1145.283      0.58601      199.610      2.135603e-20       5.812994e-11       1.340781e-01      326.355      370.112
    2141.228      1131.052      0.58601      197.114      1.624802e-20       4.329464e-11       1.198899e-01      326.355      365.482
    2144.098      1132.620      0.58601      197.378      1.548135e-20       2.730621e-11       1.213908e-01      326.355      365.971
    2114.966      1116.942      0.58601      194.685      1.722859e-20       7.720278e-11       1.061523e-01      326.355      360.998
    2076.323      1096.671      0.58601      191.135      1.150052e-20       6.414304e-11       8.594293e-02      326.355      354.403
    2031.031      1072.753      0.58601      186.966      1.055665e-20       8.173730e-11       6.225480e-02      326.355      346.672
    2082.994      1100.279      0.58600      191.763      1.099491e-20       5.474244e-11       8.943249e-02      326.355      355.542
    2074.420      1095.672      0.58601      190.951      7.837618e-21       2.493170e-11       8.494721e-02      326.355      354.078
    2055.853      1085.848      0.58601      189.232      6.120331e-21       2.144508e-11       7.523589e-02      326.355      350.908
    2041.922      1078.750      0.58601      187.975      5.464208e-21       2.909786e-11       6.795236e-02      326.355      348.531
    2005.867      1059.898      0.58601      184.664      1.117951e-20       9.364311e-11       4.909660e-02      326.355      342.378
    1963.635      1037.178      0.58601      180.764      4.168816e-21       5.864719e-11       2.700598e-02      326.355      335.168
    1876.292       991.005      0.58602      172.732      2.941372e-20       1.704845e-10       1.867526e-02      326.355      320.260
    1963.774      1037.279      0.58602      180.758      1.052627e-20       9.895963e-11       2.707874e-02      326.355      335.192
    1981.267      1046.615      0.58601      182.370      1.542547e-21       1.516933e-11       3.622759e-02      326.355      338.178
    1956.609      1033.665      0.58600      180.093      2.083244e-21       3.922861e-11       2.333153e-02      326.355      333.969
    2057.729      1087.005      0.58600      189.428      6.091868e-21       1.681164e-11       7.621835e-02      326.355      351.229
    1966.526      1038.977      0.58600      181.046      4.450098e-21       6.030503e-11       2.852020e-02      326.355      335.663
    1919.863      1014.243      0.58602      176.737      1.346714e-20       1.159750e-10       4.114452e-03      326.355      327.698
    2022.828      1068.583      0.58600      186.214      3.478727e-21       1.089892e-11       5.796499e-02      326.355      345.272
    1925.893      1017.297      0.58600      177.288      5.511446e-22       2.232354e-11       7.266638e-03      326.355      328.726
    1869.115       987.235      0.58601      172.062      3.005636e-21       5.002558e-11       2.242939e-02      326.355      319.035
    1979.998      1045.705      0.58601      182.244      3.212407e-21       4.413328e-11       3.556207e-02      326.355      337.961
    1991.113      1051.790      0.58600      183.270      1.892237e-21       1.342491e-11       4.137643e-02      326.355      339.858
    1916.837      1012.407      0.58601      176.424      3.405867e-21       5.830500e-11       2.528527e-03      326.355      327.180
    1943.075      1026.311      0.58601      178.846      1.045239e-21       2.794846e-11       1.625185e-02      326.355      331.659
    1940.594      1025.256      0.58600      178.635      5.917607e-22       1.918503e-11       1.495645e-02      326.355      331.236
    1904.664      1006.142      0.58601      175.334      2.071875e-21       4.535593e-11       3.835908e-03      326.355      325.103
    1969.326      1040.285      0.58600      181.270      9.286508e-22       5.452633e-12       2.998199e-02      326.355      336.140
    1908.448      1008.104      0.58600      175.675      5.991108e-24       1.593461e-12       1.857953e-03      326.355      325.749
    1872.535       989.114      0.58600      172.375      5.390074e-22       1.062846e-11       2.064082e-02      326.355      319.619
    1928.943      1019.099      0.58600      177.577      8.457849e-22       2.769895e-11       8.863027e-03      326.355      329.247
    1883.049       994.824      0.58600      173.359      2.585938e-21       4.854606e-11       1.513994e-02      326.355      321.414
    1947.581      1028.826      0.58600      179.275      3.480680e-22       1.324886e-12       1.860948e-02      326.355      332.428
    1932.259      1020.612      0.58601      177.854      5.753604e-22       2.151993e-11       1.059496e-02      326.355      329.813
    1916.483      1012.157      0.58601      176.410      2.353424e-21       4.845547e-11       2.343345e-03      326.355      327.120
    1934.553      1021.974      0.58600      178.078      1.614138e-22       4.718951e-12       1.179599e-02      326.355      330.205
    1925.930      1017.462      0.58600      177.299      5.323326e-22       2.189143e-11       7.286838e-03      326.355      328.733
    1932.314      1020.860      0.58600      177.871      4.021504e-22       1.700745e-11       1.062530e-02      326.355      329.823
    1935.473      1022.396      0.58600      178.146      5.896248e-22       2.095035e-11       1.227630e-02      326.355      330.361
    1928.314      1018.695      0.58600      177.511      1.249630e-22       7.221449e-12       8.533094e-03      326.355      329.140
    1927.085      1017.913      0.58600      177.394      3.515038e-22       1.700757e-11       7.889641e-03      326.355      328.930
    1928.392      1018.649      0.58600      177.513      1.041023e-22       5.531921e-12       8.573220e-03      326.355      329.153
    1902.376      1004.940      0.58600      175.123      8.506307e-23       7.728835e-12       5.032711e-03      326.355      324.712
    1899.256      1003.244      0.58600      174.837      2.491003e-22       1.430660e-11       6.664935e-03      326.355      324.180
    1925.699      1017.275      0.58600      177.265      6.200612e-23       3.265693e-12       7.165289e-03      326.355      328.693
    1904.150      1005.793      0.58600      175.278      9.963856e-23       9.098285e-12       4.106065e-03      326.355      325.015
    1892.007       999.440      0.58600      174.163      1.168030e-22       2.733263e-12       1.045621e-02      326.355      322.942
    1919.264      1013.830      0.58600      176.673      4.143873e-23       5.196492e-12       3.799368e-03      326.355      327.595
    1923.747      1016.284      0.58600      177.090      9.092321e-23       7.291417e-12       6.144790e-03      326.355      328.360
    1918.839      1013.656      0.58600      176.636      2.949836e-23       4.086690e-12       3.577334e-03      326.355      327.522
    1933.801      1021.521      0.58600      178.007      1.301906e-22       4.210537e-13       1.140234e-02      326.355      330.076
    1910.209      1009.073      0.58600      175.841      2.480920e-23       4.892109e-12       9.361989e-04      326.355      326.049
    1902.708      1005.071      0.58600      175.151      6.584616e-23       6.498465e-12       4.859642e-03      326.355      324.769
    1919.939      1014.217      0.58600      176.735      2.673218e-23       3.080437e-12       4.152480e-03      326.355      327.710
    1909.453      1008.694      0.58600      175.771      9.395627e-24       2.760798e-12       1.331773e-03      326.355      325.920
    1905.192      1006.392      0.58600      175.376      1.935446e-23       2.583804e-12       3.560676e-03      326.355      325.193
    1896.745      1001.932      0.58600      174.600      7.134394e-23       2.773100e-12       7.978337e-03      326.355      323.751
    1914.128      1011.139      0.58600      176.200      4.633118e-24       1.842362e-12       1.113024e-03      326.355      326.718
    1908.398      1008.091      0.58600      175.670      3.910104e-24       6.015023e-13       1.883693e-03      326.355      325.740
    1907.493      1007.600      0.58600      175.584      5.662054e-24       3.243239e-13       2.357301e-03      326.355      325.586
    1915.026      1011.625      0.58600      176.283      4.241190e-24       1.317333e-12       1.582979e-03      326.355      326.871
    1913.546      1010.784      0.58600      176.142      6.127276e-24       2.339656e-12       8.082612e-04      326.355      326.619
    1912.522      1010.261      0.58600      176.049      9.579342e-25       9.398908e-13       2.730193e-04      326.355      326.444
    1916.592      1012.456      0.58600      176.426      6.769812e-24       1.000257e-12       2.401936e-03      326.355      327.139
    1910.482      1009.191      0.58600      175.863      2.032771e-24       1.184340e-12       7.937942e-04      326.355      326.096
    1909.087      1008.445      0.58600      175.732      2.422588e-24       3.174550e-13       1.523749e-03      326.355      325.858
    1905.224      1006.372      0.58600      175.375      2.207786e-23       3.084885e-12       3.544198e-03      326.355      325.198
    1912.573      1010.310      0.58600      176.055      4.360136e-25       5.882486e-13       2.999619e-04      326.355      326.453
    1913.935      1011.014      0.58600      176.180      2.361472e-24       1.156259e-12       1.012194e-03      326.355      326.685
    1915.672      1011.945      0.58600      176.342      1.344698e-23       3.123761e-12       1.920703e-03      326.355      326.982
    1910.732      1009.319      0.58600      175.885      6.071225e-25       4.090075e-13       6.632008e-04      326.355      326.138
    1909.221      1008.528      0.58600      175.746      2.606103e-24       7.023719e-13       1.453539e-03      326.355      325.881
    1912.756      1010.392      0.58600      176.072      1.203593e-24       1.023321e-12       3.954840e-04      326.355      326.484
    1913.810      1010.951      0.58600      176.168      9.675215e-25       2.669688e-13       9.467044e-04      326.355      326.664
    1912.062      1010.029      0.58600      176.007      4.558602e-26       2.109993e-13       3.263941e-05      326.355      326.366
    1911.716      1009.847      0.58600      175.975      2.847755e-26       7.972267e-14       1.487342e-04      326.355      326.306
    1909.962      1008.919      0.58600      175.814      1.742519e-24       7.789219e-13       1.065739e-03      326.355      326.007
    1912.848      1010.443      0.58600      176.079      2.863227e-25       2.995361e-13       4.433970e-04      326.355      326.500
    1911.412      1009.698      0.58600      175.948      1.359900e-25       2.038432e-13       3.073075e-04      326.355      326.255
    1913.543      1010.830      0.58600      176.144      7.614892e-25       3.318406e-13       8.070756e-04      326.355      326.618
    1911.435      1009.697      0.58600      175.949      1.702380e-25       2.877182e-13       2.957301e-04      326.355      326.258
    1911.132      1009.532      0.58600      175.920      2.125134e-25       7.926358e-14       4.541263e-04      326.355      326.207
    1910.000      1008.945      0.58600      175.816      1.094522e-24       1.531215e-14       1.046082e-03      326.355      326.013
    1912.136      1010.068      0.58600      176.014      4.146985e-26       1.908909e-13       7.092605e-05      326.355      326.378
    1912.217      1010.123      0.58600      176.023      2.885876e-25       5.250265e-13       1.137312e-04      326.355      326.392
    1911.403      1009.680      0.58600      175.946      1.046338e-25       8.473169e-14       3.121767e-04      326.355      326.253
    1911.899      1009.950      0.58600      175.991      3.666178e-27       2.942150e-14       5.292026e-05      326.355      326.338
    1912.131      1010.076      0.58600      176.012      1.619704e-25       3.965925e-13       6.844564e-05      326.355      326.377
    1912.164      1010.074      0.58600      176.015      2.475297e-25       4.900496e-13       8.591366e-05      326.355      326.383
    1911.600      1009.792      0.58600      175.964      5.738154e-26       1.170110e-13       2.090215e-04      326.355      326.287
    1912.272      1010.149      0.58600      176.026      3.672014e-26       1.283154e-13       1.423212e-04      326.355      326.401
    1912.411      1010.215      0.58600      176.039      5.117317e-26       7.085072e-14       2.148333e-04      326.355      326.425
    1912.208      1010.109      0.58600      176.020      1.777161e-26       7.694646e-14       1.088616e-04      326.355      326.390
    1911.912      1009.959      0.58600      175.992      3.296841e-27       3.413860e-14       4.616706e-05      326.355      326.340
    1911.800      1009.905      0.58600      175.982      1.953870e-26       9.259755e-14       1.047110e-04      326.355      326.321
    1911.595      1009.784      0.58600      175.963      4.491707e-26       7.883180e-15       2.117898e-04      326.355      326.286
    1912.103      1010.058      0.58600      176.010      8.823557e-27       7.700938e-14       5.378766e-05      326.355      326.372
    1912.345      1010.191      0.58600      176.033      3.698415e-26       6.629148e-14       1.805259e-04      326.355      326.414
    1911.873      1009.933      0.58600      175.989      7.372459e-27       5.440846e-14       6.642423e-05      326.355      326.333
    1911.685      1009.841      0.58600      175.972      2.928757e-26       4.643596e-14       1.647157e-04      326.355      326.301
    1912.077      1010.042      0.58600      176.008      4.499094e-27       5.349531e-14       4.046414e-05      326.355      326.368
    1911.778      1009.884      0.58600      175.980      1.363107e-26       1.016605e-14       1.163087e-04      326.355      326.317
    1912.021      1010.014      0.58600      176.003      3.056814e-27       5.412922e-14       1.126237e-05      326.355      326.359
    1912.082      1010.050      0.58600      176.008      3.710618e-27       4.340022e-14       4.274387e-05      326.355      326.369
    1911.879      1009.944      0.58600      175.989      1.691199e-25       4.063793e-13       6.305394e-05      326.355      326.334
    1912.028      1010.018      0.58600      176.003      1.843288e-27       4.037605e-14       1.459668e-05      326.355      326.360
    1911.848      1009.921      0.58600      175.987      8.344125e-27       4.523895e-14       7.935718e-05      326.355      326.329
    1912.023      1010.017      0.58600      176.003      1.560098e-27       3.756088e-14       1.221794e-05      326.355      326.359
    1912.093      1010.054      0.58600      176.009      4.653498e-27       4.758818e-14       4.887599e-05      326.355      326.371
    1911.947      1009.976      0.58600      175.996      1.868462e-27       3.337326e-14       2.747158e-05      326.355      326.346
    1912.098      1010.053      0.58600      176.010      7.217667e-27       6.759029e-14       5.147057e-05      326.355      326.372
    1911.958      1009.983      0.58600      175.997      1.638331e-27       3.413098e-14       2.175792e-05      326.355      326.348
    1911.957      1009.983      0.58600      175.997      1.290763e-27       2.803340e-14       2.246980e-05      326.355      326.348
    1911.925      1009.967      0.58600      175.993      2.588094e-27       3.226114e-14       3.933590e-05      326.355      326.342
    1912.036      1010.024      0.58600      176.004      1.527281e-27       3.428054e-14       1.876501e-05      326.355      326.361
    1911.959      1009.986      0.58600      175.997      2.326790e-27       4.331919e-14       2.121881e-05      326.355      326.348
    1912.011      1010.010      0.58600      176.002      1.226511e-27       3.456401e-14       5.642693e-06      326.355      326.357
    1912.055      1010.034      0.58600      176.006      1.827867e-27       3.156472e-14       2.883636e-05      326.355      326.364
    1911.982      1009.996      0.58600      175.999      1.199922e-27       3.342058e-14       9.109730e-06      326.355      326.352
    1911.970      1009.989      0.58600      175.998      9.543195e-28       2.654334e-14       1.580413e-05      326.355      326.350
    1911.943      1009.974      0.58600      175.995      1.370384e-27       2.194210e-14       2.981491e-05      326.355      326.345
    1911.924      1009.964      0.58600      175.994      2.240651e-27       2.587892e-14       3.963499e-05      326.355      326.342
    1912.008      1010.009      0.58600      176.001      1.040564e-27       3.198781e-14       4.164628e-06      326.355      326.356
    1912.028      1010.019      0.58600      176.003      1.692016e-27       3.833403e-14       1.491704e-05      326.355      326.360
    1911.975      1009.992      0.58600      175.998      1.018601e-27       2.909252e-14       1.312349e-05      326.355      326.351
    1911.957      1009.983      0.58600      175.997      1.412445e-27       3.004422e-14       2.257852e-05      326.355      326.348
    1911.997      1010.003      0.58600      176.000      1.012796e-27       3.179310e-14       1.412489e-06      326.355      326.354
    1911.992      1010.001      0.58600      176.000      7.083458e-28       2.631584e-14       3.977731e-06      326.355      326.354
    1911.997      1010.003      0.58600      176.000      5.425349e-28       2.324953e-14       1.412262e-06      326.355      326.354
    1911.962      1009.984      0.58600      175.997      9.354537e-28       2.310453e-14       2.004083e-05      326.355      326.348
    1911.988      1009.998      0.58600      175.999      5.683686e-28       2.301697e-14       6.211888e-06      326.355      326.353
    1911.961      1009.984      0.58600      175.997      7.457744e-28       1.824277e-14       2.032181e-05      326.355      326.348
    1911.984      1009.996      0.58600      175.999      3.671977e-28       1.732450e-14       8.188992e-06      326.355      326.352
    1911.992      1009.999      0.58600      176.000      2.034775e-28       1.357484e-14       4.381934e-06      326.355      326.353
    1912.007      1010.008      0.58600      176.001      2.619320e-28       1.571298e-14       3.877381e-06      326.355      326.356
    1912.031      1010.020      0.58600      176.003      6.328073e-28       1.919620e-14       1.625771e-05      326.355      326.360
    1912.014      1010.011      0.58600      176.002      4.021343e-28       1.874945e-14       7.112826e-06      326.355      326.357
    1912.017      1010.013      0.58600      176.002      2.772510e-28       1.412944e-14       8.809647e-06      326.355      326.358
    1912.017      1010.012      0.58600      176.002      1.683411e-28       9.227359e-15       9.121237e-06      326.355      326.358
    1912.027      1010.017      0.58600      176.003      2.325256e-28       5.051609e-15       1.438773e-05      326.355      326.360
    1912.003      1010.005      0.58600      176.000      9.678802e-29       9.707058e-15       1.600324e-06      326.355      326.355
    1911.998      1010.002      0.58600      176.000      8.208124e-29       8.985857e-15       1.155683e-06      326.355      326.355
    1911.990      1009.998      0.58600      175.999      8.626713e-29       7.776051e-15       5.079386e-06      326.355      326.353
    1911.991      1009.998      0.58600      175.999      5.048443e-29       5.393859e-15       4.625010e-06      326.355      326.353
    1911.983      1009.993      0.58600      175.998      1.032218e-28       4.943165e-15       8.876198e-06      326.355      326.352
    1912.007      1010.006      0.58600      176.001      5.541488e-29       6.563462e-15       3.512243e-06      326.355      326.356
    1911.976      1009.990      0.58600      175.998      2.372728e-28       8.576937e-15       1.279488e-05      326.355      326.351
    1912.007      1010.007      0.58600      176.001      6.550125e-29       7.227491e-15       3.642063e-06      326.355      326.356
    1912.011      1010.009      0.58600      176.001      1.124380e-28       8.898644e-15       5.766470e-06      326.355      326.357
    1911.995      1010.001      0.58600      176.000      5.060408e-29       6.708070e-15       2.367675e-06      326.355      326.354
    1912.002      1010.003      0.58600      176.000      1.574362e-29       3.770328e-15       1.236224e-06      326.355      326.355
    1912.005      1010.004      0.58600      176.001      1.154331e-29       2.372025e-15       2.432448e-06      326.355      326.356
    1911.992      1009.998      0.58600      175.999      2.826971e-29       3.303588e-15       4.166056e-06      326.355      326.354
    1911.985      1009.994      0.58600      175.999      8.204899e-29       4.474698e-15       7.875663e-06      326.355      326.352
    1912.001      1010.003      0.58600      176.000      2.399294e-29       4.852852e-15       6.654054e-07      326.355      326.355
    1911.999      1010.001      0.58600      176.000      4.356224e-30       2.031520e-15       4.786951e-07      326.355      326.355
    1912.001      1010.001      0.58600      176.000      4.719705e-30       2.121906e-15       4.660681e-07      326.355      326.355
    1912.007      1010.005      0.58600      176.001      1.610840e-29       1.128677e-15       3.851557e-06      326.355      326.356
    1912.014      1010.009      0.58600      176.001      5.646132e-29       1.294825e-15       7.401672e-06      326.355      326.357
    1911.998      1010.000      0.58600      176.000      8.455273e-30       2.613731e-15       1.274238e-06      326.355      326.354
    1912.003      1010.002      0.58600      176.000      2.580785e-30       1.398269e-16       1.600385e-06      326.355      326.355
    1912.004      1010.002      0.58600      176.000      4.373799e-30       3.159296e-16       2.067362e-06      326.355      326.356
    1911.995      1009.999      0.58600      176.000      1.111251e-29       1.938972e-15       2.711622e-06      326.355      326.354
    1911.993      1009.997      0.58600      175.999      1.968629e-29       2.179841e-15       3.864529e-06      326.355      326.354
    1912.002      1010.002      0.58600      176.000      3.314952e-30       1.605762e-15       8.581851e-07      326.355      326.355
    1912.006      1010.004      0.58600      176.000      1.116948e-29       1.333631e-15       3.064459e-06      326.355      326.356
    1911.998      1010.000      0.58600      176.000      3.895159e-30       1.512508e-15       1.267864e-06      326.355      326.354
    1912.003      1010.002      0.58600      176.000      2.735703e-30       2.790828e-16       1.630281e-06      326.355      326.355
    1912.004      1010.003      0.58600      176.000      4.694799e-30       1.061027e-15       1.889185e-06      326.355      326.356
    1912.000      1010.001      0.58600      176.000      1.361713e-30       1.161413e-15       1.132804e-07      326.355      326.355
    1912.006      1010.004      0.58600      176.001      1.136111e-29       1.146162e-16       3.368675e-06      326.355      326.356
    1912.000      1010.001      0.58600      176.000      1.042983e-30       1.015447e-15       1.088619e-07      326.355      326.355
    1912.001      1010.001      0.58600      176.000      5.967462e-31       1.420162e-16       7.593271e-07      326.355      326.355
    1912.001      1010.000      0.58600      176.000      7.215549e-31       4.664809e-16       7.098947e-07      326.355      326.355
    1911.999      1010.000      0.58600      176.000      1.099993e-30       9.482155e-16       4.481971e-07      326.355      326.355
    1911.997      1010.000      0.58600      176.000      4.647132e-30       1.602105e-15       1.442356e-06      326.355      326.354
    1912.002      1010.001      0.58600      176.000      8.260240e-31       3.477165e-16       8.397126e-07      326.355      326.355
    1912.001      1010.001      0.58600      176.000      1.768860e-31       1.021542e-16       4.079835e-07      326.355      326.355
    1912.001      1010.000      0.58600      176.000      3.096861e-31       3.630935e-17       5.553087e-07      326.355      326.355
    1912.003      1010.002      0.58600      176.000      1.959143e-30       8.673128e-17       1.397004e-06      326.355      326.355
    1912.000      1010.001      0.58600      176.000      3.073514e-31       5.542407e-16       1.298586e-08      326.355      326.355
    1912.002      1010.001      0.58600      176.000      1.348267e-30       3.114734e-16       1.118593e-06      326.355      326.355
    1912.000      1010.001      0.58600      176.000      3.165707e-31       5.266583e-16       1.979943e-07      326.355      326.355
    1912.000      1010.000      0.58600      176.000      7.059470e-32       2.191084e-16       1.502870e-07      326.355      326.355
    1911.999      1010.000      0.58600      176.000      4.594515e-31       2.074423e-16       6.453055e-07      326.355      326.355
    1911.999      1010.000      0.58600      176.000      7.189507e-31       6.660157e-16       5.247606e-07      326.355      326.355
    1912.001      1010.001      0.58600      176.000      2.304349e-31       1.960062e-16       4.381969e-07      326.355      326.355
    1912.000      1010.000      0.58600      176.000      6.748139e-32       2.074021e-16       1.564153e-07      326.355      326.355
    1912.000      1010.000      0.58600      176.000      1.917334e-31       4.165140e-16       1.350907e-07      326.355      326.355
    1912.001      1010.000      0.58600      176.000      1.791414e-31       9.308439e-17       4.128883e-07      326.355      326.355
    1912.000      1010.000      0.58600      176.000      1.262628e-32       1.095632e-16       2.494370e-08      326.355      326.355
    1912.000      1009.999      0.58600      176.000      1.030167e-31       1.929227e-16       2.565103e-07      326.355      326.355
    1912.000      1010.000      0.58600      176.000      1.659735e-31       3.437961e-16       2.185811e-07      326.355      326.355
    1911.999      1010.000      0.58600      176.000      3.803063e-31       3.211988e-16       5.264386e-07      326.355      326.355
    1912.000      1010.000      0.58600      176.000      4.841833e-32       1.345558e-16       1.741065e-07      326.355      326.355
    1912.001      1010.000      0.58600      176.000      1.014943e-31       1.178572e-16       2.959796e-07      326.355      326.355
    1912.000      1010.000      0.58600      176.000      3.967820e-32       1.076762e-16       1.675829e-07      326.355      326.355
    1912.001      1010.000      0.58600      176.000      1.849481e-31       1.883508e-16       3.866162e-07      326.355      326.355
    1912.000      1010.000      0.58600      176.000      2.430509e-32       1.550562e-16       1.620720e-08      326.355      326.355
    1912.000      1010.000      0.58600      176.000      2.124881e-33       4.568486e-17       6.146070e-09      326.355      326.355
    1912.000      1010.000      0.58600      176.000      7.784685e-33       1.374738e-17       8.715328e-08      326.355      326.355
    1912.000      1010.000      0.58600      176.000      2.493221e-32       1.090090e-16       1.142333e-07      326.355      326.355
    1912.000      1010.000      0.58600      176.000      6.563384e-32       6.496934e-17       2.478161e-07      326.355      326.355
    1912.000      1010.000      0.58600      176.000      1.255965e-32       9.217051e-17       6.375146e-08      326.355      326.355
    1912.000      1010.000      0.58600      176.000      3.132931e-32       1.278028e-16       1.224572e-07      326.355      326.355
    1912.000      1010.000      0.58600      176.000      1.110402e-32       9.000629e-17       5.479863e-08      326.355      326.355
    1912.000      1010.000      0.58600      176.000      8.782664e-33       9.357653e-17       5.108549e-09      326.355      326.355
    1912.000      1010.000      0.58600      176.000      1.816791e-33       3.154106e-17       2.866971e-08      326.355      326.355
    1912.000      1010.000      0.58600      176.000      3.256167e-33       1.337691e-17       5.547274e-08      326.355      326.355
    1912.000      1010.000      0.58600      176.000      6.633233e-33       2.636809e-17       7.705814e-08      326.355      326.355
    1912.000      1010.000      0.58600      176.000      9.964426e-34       9.542343e-18       3.008964e-08      326.355      326.355
    1912.000      1010.000      0.58600      176.000      5.418711e-33       1.097897e-17       7.278855e-08      326.355      326.355
    1912.000      1010.000      0.58600      176.000      1.869570e-33       3.982885e-17       1.682953e-08      326.355      326.355
    1912.000      1010.000      0.58600      176.000      1.142011e-32       4.903028e-17       9.495338e-08      326.355      326.355
    1912.000      1010.000      0.58600      176.000      1.491239e-33       1.820023e-17       3.405863e-08      326.355      326.355
    1912.000      1010.000      0.58600      176.000      1.111038e-34       3.126105e-18       1.006634e-08      326.355      326.355
    1912.000      1010.000      0.58600      176.000      5.198692e-34       1.443109e-17       1.765256e-08      326.355      326.355
    1912.000      1010.000      0.58600      176.000      6.947738e-33       7.588959e-17       3.447474e-08      326.355      326.355
    1912.000      1010.000      0.58600      176.000      2.198409e-34       1.420029e-17       4.265295e-09      326.355      326.355
    1912.000      1010.000      0.58600      176.000      7.768433e-34       2.723622e-18       2.773852e-08      326.355      326.355
    1912.000      1010.000      0.58600      176.000      1.469540e-33       5.908122e-18       3.787656e-08      326.355      326.355
    1912.000      1010.000      0.58600      176.000      3.964652e-34       9.035536e-19       1.989092e-08      326.355      326.355
    1912.000      1010.000      0.58600      176.000      1.048235e-33       8.957193e-18       3.111276e-08      326.355      326.355
    1912.000      1010.000      0.58600      176.000      2.312049e-34       3.549050e-18       1.478544e-08      326.355      326.355
    1912.000      1010.000      0.58600      176.000      2.441255e-33       1.180730e-17       4.797753e-08      326.355      326.355
    1912.000      1010.000      0.58600      176.000      7.987466e-35       4.973225e-19       8.923415e-09      326.355      326.355
    1912.000      1010.000      0.58600      176.000      2.801565e-34       8.669746e-18       1.431754e-08      326.355      326.355
    1912.000      1010.000      0.58600      176.000      5.441618e-35       4.449824e-18       5.883472e-09      326.355      326.355
    1912.000      1010.000      0.58600      176.000      3.921932e-34       5.456761e-18       1.903725e-08      326.355      326.355
    1912.000      1010.000      0.58600      176.000      4.367646e-35       2.623482e-18       6.065789e-09      326.355      326.355
    1912.000      1010.000      0.58600      176.000      1.844087e-34       1.265682e-17       4.920717e-09      326.355      326.355
    1912.000      1010.000      0.58600      176.000      2.906704e-35       4.709665e-18       2.624137e-09      326.355      326.355
    1912.000      1010.000      0.58600      176.000      1.599265e-34       9.736642e-19       1.260867e-08      326.355      326.355
    1912.000      1010.000      0.58600      176.000      2.366372e-35       2.047429e-18       4.412681e-09      326.355      326.355
