 [Q11, Q12, Q22, Q66]  O.F.1  IT_1 IT_Force Force_Exp Force_FEMU 
     2335.68       1012.22       987.05       211.20      1.100808e-03       3.289607e-02       1.404957e-01      273.437      235.021
     7578.68       1012.22       987.05       211.20      1.106418e-02       3.227252e-02       3.166024e+00      273.437     1139.147
     2335.68       4916.85       987.05       211.20      1.106418e-02       3.227252e-02       3.166024e+00      273.437     1139.147
     2335.68       1012.22      4859.54       211.20      2.883819e-03       5.263476e-02       3.408401e-01      273.437      366.636
     2335.68       1012.22       987.05      2730.27      1.966294e-03       4.423537e-02       1.071589e-01      273.437      244.136
     4600.23         49.90      2566.19      1118.61      8.188204e-03       6.727074e-02       1.915039e+00      273.437      797.081
      352.10        155.42      3625.50      1837.62      6.347255e-03       7.577408e-02       7.818475e-01      273.437       59.651
      191.01       3674.75      2103.33       825.04      6.347255e-03       7.577408e-02       7.818475e-01      273.437       59.651
      751.44       1923.95      2214.83       894.29      6.347255e-03       7.577408e-02       7.818475e-01      273.437       59.651
     2964.29        101.01      2446.27      1041.07      5.203069e-03       6.661783e-02       8.772527e-01      273.437      513.311
     6477.01       1620.41       949.50       194.36      1.051874e-02       9.148644e-02       1.468789e+00      273.437      675.059
     1179.95        377.28      2798.57      1271.40      4.009310e-03       6.270046e-02       2.861718e-01      273.437      195.187
     1238.85       2238.78      1882.28       690.98      4.009310e-03       6.270046e-02       2.861718e-01      273.437      195.187
     1601.94       1446.58      2016.50       771.85      1.632393e-03       3.541378e-02       6.160451e-01      273.437      104.988
     3375.12       2233.46      1289.62       358.78      1.632393e-03       3.541378e-02       6.160451e-01      273.437      104.988
     2408.86       1819.13         3.83      1784.07      1.632393e-03       3.541378e-02       6.160451e-01      273.437      104.988
     2445.86       2308.95       656.25         1.48      1.632393e-03       3.541378e-02       6.160451e-01      273.437      104.988
     2418.09       1936.22       732.68       159.72      1.632393e-03       3.541378e-02       6.160451e-01      273.437      104.988
     2363.00       1287.64       898.09      1528.96      1.632393e-03       3.541378e-02       6.160451e-01      273.437      104.988
     2404.26       1761.92       772.46       371.06      1.632393e-03       3.541378e-02       6.160451e-01      273.437      104.988
     1951.90       1219.84      1456.93       447.73      1.151275e-03       3.179783e-02       3.757452e-01      273.437      170.695
     2832.24       1564.11      1133.34       280.13      4.582352e-03       6.574197e-02       5.144588e-01      273.437      132.765
     2372.14       1386.71       275.26       806.99      4.582352e-03       6.574197e-02       5.144588e-01      273.437      132.765
     2376.71       1437.60       855.17       184.56      4.582352e-03       6.574197e-02       5.144588e-01      273.437      132.765
     2349.32       1145.83       942.05       720.00      2.786774e-03       5.179956e-02       3.259797e-01      273.437      184.302
     2342.50       1078.00      2529.90       125.94      1.392220e-03       3.682267e-02       1.940811e-01      273.437      326.507
     1718.56        737.23      1734.06       405.50      1.489021e-03       3.846740e-02       1.037312e-01      273.437      245.073
     1824.35        871.08      2505.24        45.00      1.843773e-03       4.294166e-02       4.038198e-02      273.437      262.396
     1949.50        936.27      2045.48       137.53      1.231756e-03       3.509860e-02       3.280929e-02      273.437      264.466
     2607.81       1438.43      1675.63        84.43      7.841993e-04       2.780004e-02       1.101366e-01      273.437      243.322
     3119.79       1874.81      1646.79        14.25      2.101904e-03       4.439305e-02       3.648723e-01      273.437      173.668
     2067.36       1211.23       758.27       291.72      2.101904e-03       4.439305e-02       3.648723e-01      273.437      173.668
     2272.14       1110.59      1991.58       160.93      9.579911e-04       3.091527e-02       5.650444e-02      273.437      288.888
     2648.62       1474.18      1045.90       290.84      9.579911e-04       3.091527e-02       5.650444e-02      273.437      288.888
     3032.69       1282.19      1332.32        31.34      1.158216e-03       3.371879e-02       1.496539e-01      273.437      314.358
     2200.38       1235.29      1425.26       297.96      9.518369e-04       2.983520e-02       2.501751e-01      273.437      205.030
     2522.65       1646.45      2152.63       183.84      7.810326e-04       2.741435e-02       1.738893e-01      273.437      225.890
     2618.76       2020.15      2899.77       170.87      8.112298e-04       2.771102e-02       2.099925e-01      273.437      216.018
     2159.23       1231.61      2753.86        86.41      1.289691e-03       3.592432e-02       2.059397e-02      273.437      279.069
     2521.71       1411.52      1397.99       228.40      1.165009e-03       3.310987e-02       2.642761e-01      273.437      201.175
     2565.05       1540.71      1906.81       129.33      7.574477e-04       2.717545e-02       1.402901e-01      273.437      235.077
     2358.83       1433.60      1770.59       237.46      8.405815e-04       2.822797e-02       2.110922e-01      273.437      215.717
     2395.80       1365.55      2071.34       172.19      7.995332e-04       2.826819e-02       3.524078e-02      273.437      263.801
     2585.26       1559.14      1550.61       234.28      1.208601e-03       3.333530e-02       3.137991e-01      273.437      187.633
     2337.49       1431.62      2444.23       130.55      8.955941e-04       2.991600e-02       3.901705e-02      273.437      262.769
     2398.29       1462.99      2202.25       153.65      7.944695e-04       2.808883e-02       7.922174e-02      273.437      251.775
     2583.45       1572.35      2417.52        96.38      8.075391e-04       2.843143e-02       1.069567e-03      273.437      273.730
     2526.36       1537.07      2246.57       125.76      7.686667e-04       2.769500e-02       4.919944e-02      273.437      259.985
     2611.88       1737.74      2179.36       124.28      7.746180e-04       2.711793e-02       1.999285e-01      273.437      218.770
     2719.34       1773.24      2038.07       126.58      8.309466e-04       2.792888e-02       2.273862e-01      273.437      211.262
     2476.71       1537.80      2160.62       146.63      7.614594e-04       2.740896e-02       1.046888e-01      273.437      244.812
     2566.98       1529.05      2090.32        87.71      7.523267e-04       2.735974e-02       6.723207e-02      273.437      255.054
     2589.29       1471.95      2059.51        52.93      8.099957e-04       2.846955e-02       1.705283e-02      273.437      268.775
     2456.57       1346.81      2020.56       118.41      7.842940e-04       2.801923e-02       1.409026e-03      273.437      273.823
     2572.62       1635.42      2139.11       122.80      7.509289e-04       2.704981e-02       1.413091e-01      273.437      234.798
     2564.08       1584.01      1906.28       115.55      7.812885e-04       2.733824e-02       1.861627e-01      273.437      222.534
     2535.77       1548.74      2158.94       123.16      7.508281e-04       2.730005e-02       7.925022e-02      273.437      251.768
     2644.80       1588.81      1986.37        87.43      7.537982e-04       2.724379e-02       1.109777e-01      273.437      243.092
     2594.77       1610.16      2288.00        82.37      7.698583e-04       2.769425e-02       6.044857e-02      273.437      256.909
     2572.47       1557.93      1998.92       116.59      7.450580e-04       2.704967e-02       1.187651e-01      273.437      240.963
     2480.35       1546.39      2209.28       139.76      7.650408e-04       2.750670e-02       9.580658e-02      273.437      247.240
     2603.21       1578.15      2041.01        99.35      7.444073e-04       2.709399e-02       1.051515e-01      273.437      244.685
     2574.95       1631.54      2077.63       146.61      7.610737e-04       2.715507e-02       1.562474e-01      273.437      230.714
     2568.97       1554.36      2087.15       101.01      7.447546e-04       2.716003e-02       8.846008e-02      273.437      249.249
     2567.48       1485.90      2004.14        97.53      7.431336e-04       2.721869e-02       5.493174e-02      273.437      258.417
     2564.91       1413.78      1938.27        85.99      7.525358e-04       2.744238e-02       1.431097e-02      273.437      269.524
     2620.60       1539.05      1910.10        85.53      7.555429e-04       2.729146e-02       1.070700e-01      273.437      244.161
     2556.85       1546.31      2095.33       113.11      7.438559e-04       2.715492e-02       8.487438e-02      273.437      250.230
     2575.73       1524.15      2115.37        89.63      7.546841e-04       2.744119e-02       4.917522e-02      273.437      259.991
     2573.28       1549.45      2027.73       109.51      7.418232e-04       2.706346e-02       1.006213e-01      273.437      245.924
     2581.39       1525.25      1997.18       108.60      7.391616e-04       2.707219e-02       8.361258e-02      273.437      250.575
     2587.61       1510.79      1952.92       112.49      7.380203e-04       2.705802e-02       8.133886e-02      273.437      251.196
     2539.57       1468.82      1998.53       117.15      7.412427e-04       2.717963e-02       5.700031e-02      273.437      257.851
     2577.09       1461.45      1898.53       105.06      7.368540e-04       2.708870e-02       6.156484e-02      273.437      256.603
     2587.24       1419.91      1803.70       101.14      7.376307e-04       2.712610e-02       5.040813e-02      273.437      259.654
     2571.24       1508.99      1934.42       125.37      7.405746e-04       2.705921e-02       9.542509e-02      273.437      247.345
     2564.42       1426.66      1865.79       120.41      7.340827e-04       2.706686e-02       4.690875e-02      273.437      260.611
     2559.99       1367.14      1787.30       126.06      7.327931e-04       2.707554e-02       2.100704e-02      273.437      267.693
     2608.60       1454.22      1789.79       117.00      7.435427e-04       2.718084e-02       7.405022e-02      273.437      253.189
     2556.74       1465.16      1945.29       117.11      7.368603e-04       2.709135e-02       6.044049e-02      273.437      256.911
     2569.45       1393.47      1856.84       105.18      7.370014e-04       2.715564e-02       1.761464e-02      273.437      268.621
     2544.10       1334.88      1791.87       113.87      7.368688e-04       2.715889e-02       9.899158e-04      273.437      273.167
     2549.50       1419.75      1853.43       126.10      7.347584e-04       2.706676e-02       5.367893e-02      273.437      258.760
     2577.60       1524.43      1951.17       123.06      7.413771e-04       2.705654e-02       1.002643e-01      273.437      246.021
     2552.45       1381.10      1831.07       116.13      7.345217e-04       2.710445e-02       2.460404e-02      273.437      266.710
     2562.75       1350.24      1742.20       119.24      7.325388e-04       2.707164e-02       1.995417e-02      273.437      267.981
     2565.76       1294.52      1644.78       120.31      7.332068e-04       2.709134e-02       2.664945e-04      273.437      273.365
     2535.34       1299.76      1710.39       139.88      7.345439e-04       2.711603e-02       5.433518e-04      273.437      273.586
     2555.74       1280.79      1683.48       124.23      7.340590e-04       2.709939e-02       2.040122e-02      273.437      279.016
     2580.23       1390.07      1811.52       104.21      7.350417e-04       2.711517e-02       2.333543e-02      273.437      267.057
     2546.52       1322.06      1735.40       130.47      7.332493e-04       2.709162e-02       5.212577e-03      273.437      272.012
     2560.05       1279.57      1645.18       134.13      7.332875e-04       2.709028e-02       1.174520e-02      273.437      276.649
     2558.90       1379.20      1771.35       130.63      7.337322e-04       2.707398e-02       3.827100e-02      273.437      262.973
     2558.11       1354.26      1749.17       129.02      7.327498e-04       2.707288e-02       2.327561e-02      273.437      267.073
     2553.64       1418.96      1865.14       118.43      7.345558e-04       2.707549e-02       4.697348e-02      273.437      260.593
     2558.44       1313.75      1698.90       130.11      7.325704e-04       2.707945e-02       2.695822e-03      273.437      272.700
     2573.16       1370.71      1753.13       121.75      7.329306e-04       2.707112e-02       2.860003e-02      273.437      265.617
     2566.49       1358.47      1748.69       123.90      7.325342e-04       2.706948e-02       2.259323e-02      273.437      267.260
     2562.91       1321.30      1682.82       125.00      7.329011e-04       2.708243e-02       1.327814e-02      273.437      269.807
     2560.72       1355.61      1760.89       125.79      7.325291e-04       2.707212e-02       1.903541e-02      273.437      268.233
     2566.09       1334.69      1726.05       120.52      7.324036e-04       2.707506e-02       8.807928e-03      273.437      271.029
     2570.08       1324.95      1714.54       116.38      7.327380e-04       2.708263e-02       1.610735e-03      273.437      272.997
     2569.59       1386.20      1790.56       114.83      7.332566e-04       2.707245e-02       3.274364e-02      273.437      264.484
     2561.23       1331.68      1721.59       126.20      7.323540e-04       2.707369e-02       1.010491e-02      273.437      270.674
     2564.51       1339.93      1736.34       129.04      7.324503e-04       2.707540e-02       1.030043e-02      273.437      270.621
     2559.78       1322.57      1723.73       126.85      7.325983e-04       2.708004e-02       1.673610e-03      273.437      272.980
     2564.81       1349.45      1742.43       124.63      7.323947e-04       2.707080e-02       1.730499e-02      273.437      268.706
     2567.60       1322.36      1702.54       124.37      7.323577e-04       2.707532e-02       4.242010e-03      273.437      272.278
     2565.36       1329.13      1709.95       118.90      7.324739e-04       2.707598e-02       9.929446e-03      273.437      270.722
     2564.72       1337.23      1729.73       126.47      7.323420e-04       2.707344e-02       1.020128e-02      273.437      270.648
     2563.09       1335.64      1722.04       130.41      7.325545e-04       2.707658e-02       1.210896e-02      273.437      270.126
     2565.34       1334.92      1725.04       122.95      7.323321e-04       2.707346e-02       9.630542e-03      273.437      270.804
     2564.63       1313.75      1697.13       125.35      7.324219e-04       2.707683e-02       1.564212e-04      273.437      273.480
     2564.77       1340.48      1731.05       124.81      7.323407e-04       2.707225e-02       1.291584e-02      273.437      269.906
     2560.43       1349.87      1751.34       125.84      7.324816e-04       2.707247e-02       1.720309e-02      273.437      268.734
     2565.80       1329.21      1714.67       124.73      7.323103e-04       2.707374e-02       7.474071e-03      273.437      271.394
     2569.09       1339.24      1728.65       123.29      7.323023e-04       2.707277e-02       1.000649e-02      273.437      270.701
     2573.03       1343.02      1732.18       121.84      7.323005e-04       2.707276e-02       9.963182e-03      273.437      270.713
     2569.75       1336.58      1721.74       120.73      7.323523e-04       2.707378e-02       9.791709e-03      273.437      270.760
     2565.98       1337.07      1727.73       125.02      7.323114e-04       2.707291e-02       1.009650e-02      273.437      270.677
     2570.31       1331.63      1718.76       122.46      7.323172e-04       2.707431e-02       5.664249e-03      273.437      271.889
     2572.22       1335.52      1721.61       124.07      7.322848e-04       2.707341e-02       6.962816e-03      273.437      271.534
     2575.66       1335.83      1719.90       124.63      7.322827e-04       2.707368e-02       5.628774e-03      273.437      271.898
     2569.92       1340.93      1728.47       125.66      7.322998e-04       2.707238e-02       1.091917e-02      273.437      270.452
     2576.24       1337.42      1719.88       123.41      7.322927e-04       2.707357e-02       6.894274e-03      273.437      271.552
     2581.63       1349.42      1735.56       123.03      7.322766e-04       2.707257e-02       9.249434e-03      273.437      270.908
     2589.56       1359.59      1746.06       122.18      7.322493e-04       2.707173e-02       1.017006e-02      273.437      270.657
     2582.66       1343.83      1724.94       126.11      7.323047e-04       2.707381e-02       6.827223e-03      273.437      271.571
     2575.43       1343.22      1730.37       122.90      7.322820e-04       2.707269e-02       9.178234e-03      273.437      270.928
     2588.53       1347.06      1729.59       120.92      7.323253e-04       2.707459e-02       4.999750e-03      273.437      272.070
     2574.57       1342.46      1728.75       124.47      7.322808e-04       2.707258e-02       9.438846e-03      273.437      270.857
     2581.37       1353.13      1742.68       123.68      7.322360e-04       2.707144e-02       1.030545e-02      273.437      270.620
     2583.94       1361.02      1754.13       123.82      7.322028e-04       2.707011e-02       1.202348e-02      273.437      270.150
     2586.09       1367.38      1759.84       122.05      7.322596e-04       2.706978e-02       1.480844e-02      273.437      269.388
     2591.65       1372.05      1764.06       123.35      7.322478e-04       2.706996e-02       1.406486e-02      273.437      269.592
     2601.08       1387.73      1783.49       121.24      7.322383e-04       2.706860e-02       1.617654e-02      273.437      269.014
     2597.03       1372.77      1763.98       123.24      7.321669e-04       2.706973e-02       1.138492e-02      273.437      270.324
     2602.51       1375.46      1766.05       123.84      7.321513e-04       2.707010e-02       9.671873e-03      273.437      270.793
     2600.02       1388.59      1787.90       123.94      7.321830e-04       2.706780e-02       1.580847e-02      273.437      269.115
     2602.12       1384.32      1781.69       123.06      7.321248e-04       2.706834e-02       1.275539e-02      273.437      269.950
     2607.36       1390.47      1790.54       122.92      7.320810e-04       2.706782e-02       1.210398e-02      273.437      270.128
     2595.82       1370.01      1765.78       126.03      7.321223e-04       2.706992e-02       8.633134e-03      273.437      271.077
     2618.97       1401.37      1801.11       124.54      7.320284e-04       2.706727e-02       1.112349e-02      273.437      270.396
     2636.57       1421.76      1824.83       124.90      7.319656e-04       2.706626e-02       1.075134e-02      273.437      270.498
     2621.08       1390.13      1785.54       124.90      7.320220e-04       2.706903e-02       4.703010e-03      273.437      272.152
     2627.89       1410.71      1817.35       125.54      7.319387e-04       2.706660e-02       8.397635e-03      273.437      271.141
     2640.63       1428.50      1843.27       126.39      7.318535e-04       2.706520e-02       7.796471e-03      273.437      271.306
     2657.14       1445.81      1856.72       123.53      7.318578e-04       2.706484e-02       9.194729e-03      273.437      270.923
     2670.50       1452.83      1864.82       126.96      7.317639e-04       2.706435e-02       4.140289e-03      273.437      272.305
     2702.35       1484.51      1902.52       129.00      7.317300e-04       2.706404e-02       2.722206e-04      273.437      273.363
     2697.41       1501.02      1929.28       127.00      7.316146e-04       2.706020e-02       9.607227e-03      273.437      270.811
     2735.98       1558.03      2003.20       128.06      7.314537e-04       2.705600e-02       1.258158e-02      273.437      269.997
     2731.64       1536.96      1978.55       128.58      7.313885e-04       2.705741e-02       4.148249e-03      273.437      272.303
     2779.79       1596.21      2057.69       130.44      7.312005e-04       2.705422e-02       1.222831e-03      273.437      273.103
     2772.36       1588.09      2047.14       133.52      7.313162e-04       2.705634e-02       1.717176e-03      273.437      272.968
     2856.50       1689.69      2167.50       134.16      7.311366e-04       2.705302e-02       1.520851e-03      273.437      273.022
     2967.52       1828.36      2339.24       138.13      7.310950e-04       2.705229e-02       7.520767e-04      273.437      273.232
     2926.25       1805.15      2327.63       136.07      7.308343e-04       2.704592e-02       9.155928e-03      273.437      270.934
     3041.44       1977.01      2555.86       139.67      7.307984e-04       2.704147e-02       1.698995e-02      273.437      268.792
     3046.33       1939.58      2500.61       142.97      7.307639e-04       2.704609e-02       2.130219e-03      273.437      274.020
     3207.55       2145.70      2769.44       150.74      7.309393e-04       2.704878e-02       5.871645e-03      273.437      275.043
     3149.05       2093.51      2693.17       142.08      7.306766e-04       2.704273e-02       9.939037e-03      273.437      270.720
     3346.09       2371.80      3048.42       146.47      7.311418e-04       2.704456e-02       2.156832e-02      273.437      267.540
     3333.91       2357.01      3029.26       151.36      7.316015e-04       2.705302e-02       2.162441e-02      273.437      267.525
     2913.74       1772.81      2283.44       135.53      7.308368e-04       2.704742e-02       2.307605e-03      273.437      272.807
     3107.42       2063.21      2678.62       141.98      7.306002e-04       2.704015e-02       1.271137e-02      273.437      269.962
     3178.54       2185.84      2856.69       143.92      7.308952e-04       2.704117e-02       2.004448e-02      273.437      267.957
     3262.84       2278.42      2950.21       147.96      7.310216e-04       2.704311e-02       2.057411e-02      273.437      267.812
     2999.22       1893.38      2442.34       138.58      7.306723e-04       2.704397e-02       5.218189e-03      273.437      272.011
     3109.23       2016.22      2599.34       143.14      7.306405e-04       2.704348e-02       4.696943e-03      273.437      274.722
     3135.96       2093.59      2706.22       139.92      7.305317e-04       2.703836e-02       1.378621e-02      273.437      269.668
     3181.25       2172.75      2811.98       138.40      7.307008e-04       2.703566e-02       2.246953e-02      273.437      267.293
     3027.02       1939.69      2519.49       139.72      7.305533e-04       2.704202e-02       3.736910e-03      273.437      272.416
     3191.78       2166.66      2814.94       143.81      7.303792e-04       2.703775e-02       8.370609e-03      273.437      271.149
     3290.23       2310.05      3010.87       146.46      7.304991e-04       2.703878e-02       1.160944e-02      273.437      270.263
     3121.32       2114.32      2759.42       139.57      7.308874e-04       2.703804e-02       2.371819e-02      273.437      266.952
     3112.25       2040.53      2638.92       142.24      7.304727e-04       2.704068e-02       2.335234e-03      273.437      272.799
     3125.55       2055.40      2659.09       140.86      7.303771e-04       2.703900e-02       9.162345e-04      273.437      273.187
     3134.63       2051.50      2649.35       140.30      7.304305e-04       2.703954e-02       4.987893e-03      273.437      274.801
     3257.66       2243.24      2895.62       143.70      7.304634e-04       2.703859e-02       1.045708e-02      273.437      270.578
     3207.34       2157.98      2796.40       145.41      7.303860e-04       2.703898e-02       3.256996e-03      273.437      274.328
     3279.64       2273.17      2946.97       144.64      7.302725e-04       2.703632e-02       6.380439e-03      273.437      271.693
     3364.92       2394.08      3107.17       145.85      7.302594e-04       2.703513e-02       9.594671e-03      273.437      270.814
     3186.18       2141.05      2789.19       144.25      7.304006e-04       2.703926e-02       3.216823e-03      273.437      274.317
     3203.98       2166.38      2815.62       144.11      7.302898e-04       2.703740e-02       8.104889e-05      273.437      273.415
     3234.65       2230.24      2898.04       141.90      7.303066e-04       2.703506e-02       1.195925e-02      273.437      270.167
     3271.90       2253.51      2921.10       142.54      7.301635e-04       2.703498e-02       2.094312e-03      273.437      272.865
     3312.32       2297.56      2974.90       141.91      7.301207e-04       2.703425e-02       9.201966e-04      273.437      273.689
     3435.33       2497.73      3251.32       146.04      7.302649e-04       2.703440e-02       1.170973e-02      273.437      270.236
     3423.89       2446.95      3175.38       147.07      7.301328e-04       2.703440e-02       2.178002e-03      273.437      274.033
     3568.64       2663.16      3452.87       146.31      7.302107e-04       2.703321e-02       1.212551e-02      273.437      270.122
     3398.32       2400.10      3100.14       144.51      7.301751e-04       2.703508e-02       3.184557e-03      273.437      274.308
     3485.99       2506.95      3240.55       144.04      7.301408e-04       2.703358e-02       7.568064e-03      273.437      275.507
     3244.78       2173.54      2807.25       142.45      7.305537e-04       2.703766e-02       1.580390e-02      273.437      277.759
     3486.28       2536.21      3285.41       145.34      7.300672e-04       2.703300e-02       3.829518e-03      273.437      272.390
     3455.32       2492.44      3236.50       144.65      7.300270e-04       2.703253e-02       5.545130e-04      273.437      273.589
     3484.00       2539.25      3305.74       144.72      7.300307e-04       2.703258e-02       8.997857e-04      273.437      273.191
     3352.93       2378.82      3094.20       145.44      7.302104e-04       2.703492e-02       7.376345e-03      273.437      271.421
     3452.49       2474.61      3203.65       144.39      7.300653e-04       2.703296e-02       3.879531e-03      273.437      274.498
     3428.68       2451.79      3172.65       141.10      7.300538e-04       2.703301e-02       1.012265e-03      273.437      273.161
     3601.93       2687.22      3483.65       145.84      7.300212e-04       2.703227e-02       2.870451e-03      273.437      272.653
     3751.12       2893.17      3752.53       147.82      7.301017e-04       2.703288e-02       7.462529e-03      273.437      271.397
     3482.29       2515.17      3260.64       142.64      7.300113e-04       2.703187e-02       4.501516e-03      273.437      274.668
     3480.29       2504.68      3248.29       141.30      7.300731e-04       2.703200e-02       8.646514e-03      273.437      275.802
     3531.23       2597.91      3372.12       142.72      7.299710e-04       2.703132e-02       3.114195e-03      273.437      272.586
     3570.93       2660.65      3457.91       141.89      7.300034e-04       2.703121e-02       6.903541e-03      273.437      271.550
     3607.38       2696.31      3506.45       146.85      7.299914e-04       2.703187e-02       2.671415e-04      273.437      273.511
     3657.11       2758.11      3577.68       144.36      7.299769e-04       2.703155e-02       1.704800e-03      273.437      272.971
     3536.60       2595.33      3373.12       142.45      7.299656e-04       2.703122e-02       3.096709e-03      273.437      274.284
     3504.15       2549.97      3318.50       140.77      7.300226e-04       2.703181e-02       5.878923e-03      273.437      275.045
     3684.89       2811.82      3658.48       145.54      7.300091e-04       2.703153e-02       6.027889e-03      273.437      271.789
     3633.72       2736.15      3556.95       144.82      7.299664e-04       2.703124e-02       3.017120e-03      273.437      272.613
     3571.57       2646.51      3432.35       140.36      7.300064e-04       2.703204e-02       2.396633e-03      273.437      272.782
     3598.41       2683.81      3487.85       145.21      7.299640e-04       2.703136e-02       3.922517e-04      273.437      273.330
     3493.53       2549.82      3318.81       143.23      7.299793e-04       2.703165e-02       3.633923e-04      273.437      273.338
     3615.87       2705.29      3512.09       144.08      7.299585e-04       2.703124e-02       1.177835e-03      273.437      273.115
     3661.46       2763.12      3593.95       145.56      7.299786e-04       2.703154e-02       2.292451e-03      273.437      274.064
     3563.58       2638.75      3426.94       143.43      7.299609e-04       2.703125e-02       1.681853e-03      273.437      272.978
     3523.79       2576.29      3344.22       142.77      7.299651e-04       2.703125e-02       2.730245e-03      273.437      274.184
     3614.26       2706.86      3512.52       145.30      7.299850e-04       2.703154e-02       3.422641e-03      273.437      272.502
     3555.94       2623.00      3407.71       143.16      7.299591e-04       2.703123e-02       1.533972e-03      273.437      273.857
     3643.51       2750.32      3574.67       145.17      7.299784e-04       2.703135e-02       3.897689e-03      273.437      272.372
     3553.54       2619.28      3401.14       143.37      7.299540e-04       2.703115e-02       1.207940e-03      273.437      273.768
     3546.06       2609.38      3386.17       141.81      7.299640e-04       2.703136e-02       3.350596e-04      273.437      273.529
     3559.11       2627.89      3411.46       142.66      7.299557e-04       2.703121e-02       1.741565e-04      273.437      273.485
     3578.57       2648.76      3438.98       143.20      7.299608e-04       2.703118e-02       2.613891e-03      273.437      274.152
     3574.82       2646.25      3435.96       143.26      7.299575e-04       2.703120e-02       1.539161e-03      273.437      273.858
     3595.71       2676.28      3472.49       143.52      7.299616e-04       2.703131e-02       6.500195e-04      273.437      273.260
     3565.86       2636.27      3423.85       143.25      7.299588e-04       2.703125e-02       1.003154e-03      273.437      273.712
     3585.75       2662.91      3456.24       143.43      7.299573e-04       2.703124e-02       8.878775e-05      273.437      273.413
     3521.02       2573.62      3341.28       142.28      7.299626e-04       2.703123e-02       2.400633e-03      273.437      274.094
     3592.05       2672.08      3469.00       143.63      7.299541e-04       2.703118e-02       2.056541e-04      273.437      273.381
     3570.36       2644.73      3432.84       143.28      7.299577e-04       2.703123e-02       9.713053e-04      273.437      273.172
     3573.71       2645.87      3435.18       143.27      7.299543e-04       2.703117e-02       9.114691e-04      273.437      273.687
     3553.46       2619.66      3402.15       143.03      7.299595e-04       2.703126e-02       1.127592e-03      273.437      273.746
     3577.66       2652.07      3442.68       143.33      7.299560e-04       2.703122e-02       2.243160e-04      273.437      273.499
     3561.52       2630.44      3415.64       143.13      7.299537e-04       2.703116e-02       8.325065e-04      273.437      273.665
     3553.46       2619.66      3402.15       143.03      7.299595e-04       2.703126e-02       1.127592e-03      273.437      273.746
     3581.28       2655.90      3448.98       144.04      7.299603e-04       2.703127e-02       1.211533e-03      273.437      273.769
     3564.65       2634.88      3420.82       143.00      7.299555e-04       2.703120e-02       4.358324e-04      273.437      273.557
     3575.73       2648.89      3439.58       143.69      7.299607e-04       2.703129e-02       9.545204e-04      273.437      273.699
     3567.42       2638.38      3425.51       143.18      7.299544e-04       2.703118e-02       5.661278e-04      273.437      273.592
     3572.96       2645.38      3434.89       143.52      7.299545e-04       2.703118e-02       8.254177e-04      273.437      273.663
     3568.80       2640.13      3427.85       143.26      7.299539e-04       2.703117e-02       6.311263e-04      273.437      273.610
     3564.22       2635.02      3421.55       143.43      7.299512e-04       2.703113e-02       3.392767e-04      273.437      273.530
     3559.48       2629.60      3414.74       143.51      7.299659e-04       2.703140e-02       5.173746e-05      273.437      273.452
     3532.11       2590.65      3364.46       142.97      7.299604e-04       2.703125e-02       1.634714e-03      273.437      273.884
     3577.02       2651.60      3442.72       143.46      7.299548e-04       2.703119e-02       2.841419e-04      273.437      273.515
     3562.87       2632.73      3418.59       143.28      7.299534e-04       2.703116e-02       5.860613e-04      273.437      273.598
     3566.51       2637.57      3424.70       143.35      7.299542e-04       2.703118e-02       4.853109e-04      273.437      273.570
     3558.88       2627.14      3411.33       143.40      7.299548e-04       2.703118e-02       7.753234e-04      273.437      273.650
     3578.12       2653.52      3445.23       143.53      7.299524e-04       2.703115e-02       7.461714e-05      273.437      273.458
     3576.99       2652.29      3443.72       143.39      7.299548e-04       2.703120e-02       3.728974e-05      273.437      273.427
     3572.46       2646.00      3435.61       143.39      7.299543e-04       2.703119e-02       1.688158e-04      273.437      273.484
     3563.40       2633.42      3419.42       143.40      7.299545e-04       2.703118e-02       5.750688e-04      273.437      273.595
     3570.19       2642.85      3431.56       143.39      7.299538e-04       2.703117e-02       2.710837e-04      273.437      273.512
     3571.19       2644.47      3433.76       143.47      7.299601e-04       2.703129e-02       1.527271e-04      273.437      273.479
     3567.68       2639.30      3426.96       143.38      7.299546e-04       2.703119e-02       4.023648e-04      273.437      273.548
     3571.17       2644.26      3433.38       143.48      7.299539e-04       2.703118e-02       2.089664e-04      273.437      273.495
     3563.55       2633.87      3420.07       143.35      7.299540e-04       2.703118e-02       4.626573e-04      273.437      273.564
     3567.21       2638.93      3426.55       143.41      7.299549e-04       2.703119e-02       3.055251e-04      273.437      273.521
     3565.37       2636.30      3423.12       143.39      7.299544e-04       2.703118e-02       4.122669e-04      273.437      273.550
     3564.94       2635.79      3422.50       143.41      7.299542e-04       2.703118e-02       4.067236e-04      273.437      273.549
     3566.57       2638.17      3425.62       143.45      7.299541e-04       2.703118e-02       2.972472e-04      273.437      273.519
     3567.81       2639.87      3427.80       143.44      7.299548e-04       2.703119e-02       2.478577e-04      273.437      273.505
     3565.66       2636.81      3423.83       143.42      7.299522e-04       2.703114e-02       3.670853e-04      273.437      273.538
     3565.73       2636.81      3423.78       143.39      7.299547e-04       2.703119e-02       3.924419e-04      273.437      273.545
     3566.36       2637.83      3425.16       143.43      7.299542e-04       2.703118e-02       3.210822e-04      273.437      273.525
     3564.94       2635.92      3422.69       143.42      7.299520e-04       2.703114e-02       3.531430e-04      273.437      273.534
     3567.69       2639.64      3427.46       143.45      7.299543e-04       2.703118e-02       2.745585e-04      273.437      273.513
     3563.88       2634.45      3420.81       143.39      7.299542e-04       2.703118e-02       4.009234e-04      273.437      273.547
     3565.40       2636.60      3423.59       143.44      7.299538e-04       2.703117e-02       3.182635e-04      273.437      273.525
     3561.53       2631.35      3416.86       143.39      7.299609e-04       2.703130e-02       4.305225e-04      273.437      273.555
     3566.15       2637.57      3424.81       143.44      7.299538e-04       2.703117e-02       3.139076e-04      273.437      273.523
     3566.47       2638.10      3425.51       143.47      7.299543e-04       2.703118e-02       2.611875e-04      273.437      273.509
     3564.53       2635.36      3421.98       143.41      7.299520e-04       2.703114e-02       3.660800e-04      273.437      273.538
     3564.53       2635.34      3421.93       143.41      7.299519e-04       2.703114e-02       3.679100e-04      273.437      273.538
     3562.96       2633.25      3419.26       143.40      7.299518e-04       2.703114e-02       3.991370e-04      273.437      273.547
     3563.18       2633.57      3419.67       143.40      7.299518e-04       2.703114e-02       3.829776e-04      273.437      273.542
     3562.91       2633.23      3419.22       143.41      7.299516e-04       2.703113e-02       3.785045e-04      273.437      273.541
     3562.11       2632.20      3417.93       143.41      7.299579e-04       2.703125e-02       3.819003e-04      273.437      273.542
     3563.92       2634.55      3420.93       143.41      7.299519e-04       2.703114e-02       3.714757e-04      273.437      273.539
     3563.57       2634.12      3420.38       143.42      7.299516e-04       2.703113e-02       3.589094e-04      273.437      273.536
     3563.70       2634.29      3420.61       143.41      7.299519e-04       2.703114e-02       3.610861e-04      273.437      273.536
     3563.59       2634.14      3420.41       143.41      7.299519e-04       2.703114e-02       3.692261e-04      273.437      273.538
     3564.37       2635.18      3421.74       143.42      7.299516e-04       2.703113e-02       3.535934e-04      273.437      273.534
     3564.34       2635.17      3421.73       143.43      7.299515e-04       2.703113e-02       3.372026e-04      273.437      273.530
     3564.55       2635.45      3422.09       143.43      7.299517e-04       2.703113e-02       3.332897e-04      273.437      273.529
     3564.34       2635.16      3421.72       143.43      7.299515e-04       2.703113e-02       3.402722e-04      273.437      273.531
     3563.86       2634.56      3420.96       143.43      7.299537e-04       2.703117e-02       3.342964e-04      273.437      273.529
     3564.25       2635.02      3421.54       143.42      7.299514e-04       2.703113e-02       3.487706e-04      273.437      273.533
     3565.01       2636.07      3422.89       143.43      7.299515e-04       2.703113e-02       3.238078e-04      273.437      273.526
     3564.57       2635.46      3422.11       143.43      7.299516e-04       2.703113e-02       3.388689e-04      273.437      273.530
     3564.40       2635.25      3421.83       143.43      7.299515e-04       2.703113e-02       3.376193e-04      273.437      273.530
     3563.59       2634.16      3420.43       143.42      7.299514e-04       2.703113e-02       3.591197e-04      273.437      273.536
     3563.80       2634.44      3420.79       143.42      7.299514e-04       2.703113e-02       3.560455e-04      273.437      273.535
     3563.59       2634.16      3420.44       143.42      7.299516e-04       2.703113e-02       3.613287e-04      273.437      273.536
     3564.15       2634.91      3421.40       143.43      7.299513e-04       2.703113e-02       3.455405e-04      273.437      273.532
     3563.64       2634.24      3420.54       143.42      7.299514e-04       2.703113e-02       3.512738e-04      273.437      273.534
     3564.09       2634.83      3421.29       143.42      7.299513e-04       2.703113e-02       3.493990e-04      273.437      273.533
     3564.54       2635.44      3422.08       143.43      7.299514e-04       2.703113e-02       3.359406e-04      273.437      273.529
     3563.83       2634.48      3420.84       143.42      7.299514e-04       2.703113e-02       3.533860e-04      273.437      273.534
     3564.35       2635.18      3421.75       143.43      7.299512e-04       2.703113e-02       3.376428e-04      273.437      273.530
     3564.58       2635.49      3422.15       143.43      7.299516e-04       2.703113e-02       3.325863e-04      273.437      273.528
     3564.02       2634.73      3421.17       143.42      7.299513e-04       2.703113e-02       3.481364e-04      273.437      273.533
     3564.28       2635.10      3421.64       143.43      7.299512e-04       2.703113e-02       3.358999e-04      273.437      273.529
     3564.37       2635.23      3421.82       143.43      7.299537e-04       2.703117e-02       3.292028e-04      273.437      273.528
     3564.28       2635.10      3421.65       143.43      7.299512e-04       2.703113e-02       3.349922e-04      273.437      273.529
     3564.34       2635.20      3421.78       143.43      7.299535e-04       2.703117e-02       3.296635e-04      273.437      273.528
     3564.54       2635.47      3422.12       143.43      7.299538e-04       2.703117e-02       3.257085e-04      273.437      273.527
     3564.15       2634.92      3421.41       143.43      7.299513e-04       2.703113e-02       3.425320e-04      273.437      273.531
     3564.41       2635.28      3421.89       143.43      7.299537e-04       2.703117e-02       3.313181e-04      273.437      273.528
     3564.22       2635.01      3421.53       143.43      7.299513e-04       2.703113e-02       3.397292e-04      273.437      273.530
     3564.35       2635.19      3421.77       143.43      7.299512e-04       2.703113e-02       3.341222e-04      273.437      273.529
     3564.21       2635.02      3421.56       143.43      7.299536e-04       2.703117e-02       3.345026e-04      273.437      273.529
     3564.31       2635.14      3421.70       143.43      7.299512e-04       2.703113e-02       3.369119e-04      273.437      273.530
     3564.25       2635.06      3421.60       143.43      7.299535e-04       2.703117e-02       3.352336e-04      273.437      273.529
     3564.30       2635.12      3421.68       143.43      7.299512e-04       2.703113e-02       3.364386e-04      273.437      273.529
     3564.38       2635.24      3421.82       143.43      7.299536e-04       2.703117e-02       3.314490e-04      273.437      273.528
     3564.26       2635.07      3421.62       143.43      7.299512e-04       2.703113e-02       3.373201e-04      273.437      273.530
     3564.32       2635.15      3421.72       143.43      7.299512e-04       2.703113e-02       3.355369e-04      273.437      273.529
     3564.34       2635.18      3421.75       143.43      7.299512e-04       2.703113e-02       3.352470e-04      273.437      273.529
     3564.24       2635.05      3421.58       143.43      7.299512e-04       2.703113e-02       3.378219e-04      273.437      273.530
     3564.32       2635.16      3421.72       143.43      7.299512e-04       2.703113e-02       3.350741e-04      273.437      273.529
     3564.36       2635.21      3421.79       143.43      7.299512e-04       2.703113e-02       3.336102e-04      273.437      273.529
     3564.35       2635.20      3421.78       143.43      7.299535e-04       2.703117e-02       3.329694e-04      273.437      273.529
     3564.31       2635.14      3421.70       143.43      7.299512e-04       2.703113e-02       3.355980e-04      273.437      273.529
     3564.38       2635.24      3421.83       143.43      7.299512e-04       2.703113e-02       3.348265e-04      273.437      273.529
     3564.39       2635.25      3421.84       143.43      7.299512e-04       2.703113e-02       3.338346e-04      273.437      273.529
     3564.33       2635.17      3421.74       143.43      7.299512e-04       2.703113e-02       3.351573e-04      273.437      273.529
     3564.38       2635.24      3421.83       143.43      7.299512e-04       2.703113e-02       3.343999e-04      273.437      273.529
     3564.34       2635.18      3421.75       143.43      7.299512e-04       2.703113e-02       3.349059e-04      273.437      273.529
     3564.38       2635.23      3421.82       143.43      7.299512e-04       2.703113e-02       3.341909e-04      273.437      273.529
     3564.39       2635.25      3421.85       143.43      7.299512e-04       2.703113e-02       3.340854e-04      273.437      273.529
     3564.35       2635.20      3421.77       143.43      7.299512e-04       2.703113e-02       3.347004e-04      273.437      273.529
     3564.34       2635.18      3421.75       143.43      7.299512e-04       2.703113e-02       3.350547e-04      273.437      273.529
     3564.37       2635.22      3421.80       143.43      7.299512e-04       2.703113e-02       3.344071e-04      273.437      273.529
     3564.35       2635.19      3421.77       143.43      7.299512e-04       2.703113e-02       3.344827e-04      273.437      273.529
     3564.34       2635.19      3421.76       143.43      7.299512e-04       2.703113e-02       3.350281e-04      273.437      273.529
     3564.36       2635.21      3421.79       143.43      7.299512e-04       2.703113e-02       3.350909e-04      273.437      273.529
     3564.36       2635.21      3421.79       143.43      7.299512e-04       2.703113e-02       3.347731e-04      273.437      273.529
     3564.34       2635.18      3421.75       143.43      7.299512e-04       2.703113e-02       3.352046e-04      273.437      273.529
     3564.32       2635.16      3421.73       143.43      7.299512e-04       2.703113e-02       3.348360e-04      273.437      273.529
     3564.35       2635.20      3421.77       143.43      7.299512e-04       2.703113e-02       3.350538e-04      273.437      273.529
     3564.35       2635.20      3421.78       143.43      7.299512e-04       2.703113e-02       3.346464e-04      273.437      273.529
     3564.36       2635.21      3421.79       143.43      7.299512e-04       2.703113e-02       3.344217e-04      273.437      273.529
     3564.35       2635.19      3421.77       143.43      7.299512e-04       2.703113e-02       3.353927e-04      273.437      273.529
     3564.35       2635.20      3421.78       143.43      7.299512e-04       2.703113e-02       3.350839e-04      273.437      273.529
     3564.35       2635.20      3421.78       143.43      7.299512e-04       2.703113e-02       3.351269e-04      273.437      273.529
     3564.37       2635.22      3421.81       143.43      7.299512e-04       2.703113e-02       3.347656e-04      273.437      273.529
     3564.38       2635.24      3421.84       143.43      7.299512e-04       2.703113e-02       3.345251e-04      273.437      273.529
     3564.37       2635.22      3421.81       143.43      7.299512e-04       2.703113e-02       3.343061e-04      273.437      273.529
     3564.38       2635.24      3421.83       143.43      7.299512e-04       2.703113e-02       3.337628e-04      273.437      273.529
     3564.37       2635.23      3421.82       143.43      7.299512e-04       2.703113e-02       3.341619e-04      273.437      273.529
     3564.38       2635.24      3421.83       143.43      7.299512e-04       2.703113e-02       3.337441e-04      273.437      273.529
     3564.39       2635.26      3421.86       143.43      7.299512e-04       2.703113e-02       3.330738e-04      273.437      273.529
     3564.37       2635.22      3421.81       143.43      7.299512e-04       2.703113e-02       3.341212e-04      273.437      273.529
     3564.39       2635.25      3421.85       143.43      7.299512e-04       2.703113e-02       3.337116e-04      273.437      273.529
     3564.37       2635.22      3421.81       143.43      7.299512e-04       2.703113e-02       3.342442e-04      273.437      273.529
     3564.38       2635.24      3421.84       143.43      7.299512e-04       2.703113e-02       3.338892e-04      273.437      273.529
     3564.37       2635.23      3421.81       143.43      7.299512e-04       2.703113e-02       3.341554e-04      273.437      273.529
     3564.38       2635.24      3421.84       143.43      7.299512e-04       2.703113e-02       3.330627e-04      273.437      273.529
     3564.39       2635.26      3421.85       143.43      7.299512e-04       2.703113e-02       3.329005e-04      273.437      273.529
     3564.40       2635.27      3421.87       143.43      7.299512e-04       2.703113e-02       3.324747e-04      273.437      273.528
     3564.41       2635.29      3421.89       143.43      7.299536e-04       2.703117e-02       3.316001e-04      273.437      273.528
     3564.38       2635.24      3421.83       143.43      7.299512e-04       2.703113e-02       3.335168e-04      273.437      273.529
     3564.37       2635.23      3421.82       143.43      7.299512e-04       2.703113e-02       3.338019e-04      273.437      273.529
     3564.39       2635.26      3421.86       143.43      7.299512e-04       2.703113e-02       3.328068e-04      273.437      273.529
     3564.40       2635.27      3421.87       143.43      7.299512e-04       2.703113e-02       3.324052e-04      273.437      273.528
     3564.39       2635.25      3421.84       143.43      7.299512e-04       2.703113e-02       3.332388e-04      273.437      273.529
     3564.40       2635.27      3421.87       143.43      7.299512e-04       2.703113e-02       3.329470e-04      273.437      273.529
     3564.41       2635.28      3421.88       143.43      7.299512e-04       2.703113e-02       3.329970e-04      273.437      273.529
     3564.40       2635.26      3421.86       143.43      7.299512e-04       2.703113e-02       3.331324e-04      273.437      273.529
     3564.41       2635.27      3421.88       143.43      7.299512e-04       2.703113e-02       3.327408e-04      273.437      273.528
     3564.39       2635.25      3421.85       143.43      7.299512e-04       2.703113e-02       3.331145e-04      273.437      273.529
     3564.40       2635.26      3421.86       143.43      7.299512e-04       2.703113e-02       3.330397e-04      273.437      273.529
     3564.40       2635.26      3421.86       143.43      7.299512e-04       2.703113e-02       3.328765e-04      273.437      273.529
     3564.40       2635.26      3421.86       143.43      7.299512e-04       2.703113e-02       3.330103e-04      273.437      273.529
     3564.39       2635.26      3421.85       143.43      7.299512e-04       2.703113e-02       3.330929e-04      273.437      273.529
     3564.40       2635.26      3421.86       143.43      7.299512e-04       2.703113e-02       3.329237e-04      273.437      273.529
     3564.40       2635.27      3421.87       143.43      7.299512e-04       2.703113e-02       3.327862e-04      273.437      273.528
     3564.39       2635.26      3421.86       143.43      7.299512e-04       2.703113e-02       3.330159e-04      273.437      273.529
     3564.40       2635.27      3421.87       143.43      7.299512e-04       2.703113e-02       3.328626e-04      273.437      273.529
     3564.40       2635.27      3421.87       143.43      7.299512e-04       2.703113e-02       3.327862e-04      273.437      273.528
     3564.40       2635.27      3421.87       143.43      7.299512e-04       2.703113e-02       3.329950e-04      273.437      273.529
     3564.40       2635.27      3421.87       143.43      7.299512e-04       2.703113e-02       3.329837e-04      273.437      273.529
     3564.40       2635.27      3421.87       143.43      7.299512e-04       2.703113e-02       3.329069e-04      273.437      273.529
     3564.40       2635.27      3421.87       143.43      7.299512e-04       2.703113e-02       3.329728e-04      273.437      273.529
     3564.40       2635.27      3421.87       143.43      7.299512e-04       2.703113e-02       3.329291e-04      273.437      273.529
     3564.40       2635.27      3421.87       143.43      7.299512e-04       2.703113e-02       3.328508e-04      273.437      273.529
     3564.40       2635.27      3421.87       143.43      7.299512e-04       2.703113e-02       3.329704e-04      273.437      273.529
     3564.40       2635.27      3421.87       143.43      7.299512e-04       2.703113e-02       3.329048e-04      273.437      273.529
     3564.40       2635.27      3421.87       143.43      7.299512e-04       2.703113e-02       3.328958e-04      273.437      273.529
     3564.40       2635.27      3421.87       143.43      7.299512e-04       2.703113e-02       3.329231e-04      273.437      273.529
     3564.40       2635.26      3421.86       143.43      7.299512e-04       2.703113e-02       3.329365e-04      273.437      273.529
     3564.40       2635.27      3421.87       143.43      7.299512e-04       2.703113e-02       3.328570e-04      273.437      273.529
     3564.40       2635.27      3421.87       143.43      7.299512e-04       2.703113e-02       3.329167e-04      273.437      273.529
     3564.40       2635.27      3421.87       143.43      7.299512e-04       2.703113e-02       3.328768e-04      273.437      273.529
     3564.40       2635.27      3421.87       143.43      7.299512e-04       2.703113e-02       3.329069e-04      273.437      273.529
     3564.40       2635.27      3421.87       143.43      7.299512e-04       2.703113e-02       3.328932e-04      273.437      273.529
     3564.40       2635.27      3421.87       143.43      7.299512e-04       2.703113e-02       3.329098e-04      273.437      273.529
     3564.40       2635.27      3421.87       143.43      7.299512e-04       2.703113e-02       3.329143e-04      273.437      273.529
     3564.40       2635.27      3421.87       143.43      7.299512e-04       2.703113e-02       3.329197e-04      273.437      273.529
     3564.40       2635.27      3421.87       143.43      7.299512e-04       2.703113e-02       3.329154e-04      273.437      273.529
     3564.40       2635.27      3421.87       143.43      7.299512e-04       2.703113e-02       3.329033e-04      273.437      273.529
     3564.40       2635.27      3421.87       143.43      7.299512e-04       2.703113e-02       3.329157e-04      273.437      273.529
     3564.40       2635.27      3421.87       143.43      7.299512e-04       2.703113e-02       3.329184e-04      273.437      273.529
     3564.40       2635.27      3421.87       143.43      7.299512e-04       2.703113e-02       3.329192e-04      273.437      273.529
     3564.40       2635.27      3421.87       143.43      7.299512e-04       2.703113e-02       3.329078e-04      273.437      273.529
     3564.40       2635.27      3421.87       143.43      7.299512e-04       2.703113e-02       3.329214e-04      273.437      273.529
     3564.40       2635.27      3421.87       143.43      7.299512e-04       2.703113e-02       3.329336e-04      273.437      273.529
     3564.40       2635.27      3421.87       143.43      7.299512e-04       2.703113e-02       3.329141e-04      273.437      273.529
     3564.40       2635.27      3421.87       143.43      7.299512e-04       2.703113e-02       3.329160e-04      273.437      273.529
     3564.40       2635.27      3421.87       143.43      7.299512e-04       2.703113e-02       3.329201e-04      273.437      273.529
     3564.40       2635.27      3421.87       143.43      7.299512e-04       2.703113e-02       3.329263e-04      273.437      273.529
     3564.40       2635.27      3421.87       143.43      7.299512e-04       2.703113e-02       3.329173e-04      273.437      273.529
     3564.40       2635.27      3421.87       143.43      7.299512e-04       2.703113e-02       3.329215e-04      273.437      273.529
     3564.40       2635.27      3421.87       143.43      7.299512e-04       2.703113e-02       3.329192e-04      273.437      273.529
     3564.40       2635.27      3421.87       143.43      7.299512e-04       2.703113e-02       3.329238e-04      273.437      273.529
     3564.40       2635.27      3421.87       143.43      7.299512e-04       2.703113e-02       3.329192e-04      273.437      273.529
     3564.40       2635.27      3421.87       143.43      7.299512e-04       2.703113e-02       3.329219e-04      273.437      273.529
     3564.40       2635.27      3421.87       143.43      7.299512e-04       2.703113e-02       3.329214e-04      273.437      273.529
     3564.40       2635.27      3421.87       143.43      7.299512e-04       2.703113e-02       3.329215e-04      273.437      273.529
     3564.40       2635.27      3421.87       143.43      7.299512e-04       2.703113e-02       3.329203e-04      273.437      273.529
     3564.40       2635.27      3421.87       143.43      7.299512e-04       2.703113e-02       3.329212e-04      273.437      273.529
     3564.40       2635.27      3421.87       143.43      7.299512e-04       2.703113e-02       3.329232e-04      273.437      273.529
     3564.40       2635.27      3421.87       143.43      7.299512e-04       2.703113e-02       3.329233e-04      273.437      273.529
     3564.40       2635.27      3421.87       143.43      7.299512e-04       2.703113e-02       3.329244e-04      273.437      273.529
     3564.40       2635.27      3421.87       143.43      7.299512e-04       2.703113e-02       3.329243e-04      273.437      273.529
     3564.40       2635.27      3421.87       143.43      7.299512e-04       2.703113e-02       3.329260e-04      273.437      273.529
     3564.40       2635.27      3421.87       143.43      7.299512e-04       2.703113e-02       3.329250e-04      273.437      273.529
     3564.40       2635.27      3421.87       143.43      7.299512e-04       2.703113e-02       3.329244e-04      273.437      273.529
     3564.40       2635.27      3421.87       143.43      7.299512e-04       2.703113e-02       3.329235e-04      273.437      273.529
     3564.40       2635.27      3421.87       143.43      7.299512e-04       2.703113e-02       3.329247e-04      273.437      273.529
     3564.40       2635.27      3421.87       143.43      7.299512e-04       2.703113e-02       3.329219e-04      273.437      273.529
     3564.40       2635.27      3421.87       143.43      7.299512e-04       2.703113e-02       3.329246e-04      273.437      273.529
     3564.40       2635.27      3421.87       143.43      7.299512e-04       2.703113e-02       3.329255e-04      273.437      273.529
     3564.40       2635.27      3421.87       143.43      7.299512e-04       2.703113e-02       3.329239e-04      273.437      273.529
     3564.40       2635.27      3421.87       143.43      7.299512e-04       2.703113e-02       3.329233e-04      273.437      273.529
     3564.40       2635.27      3421.87       143.43      7.299512e-04       2.703113e-02       3.329231e-04      273.437      273.529
     3564.40       2635.27      3421.87       143.43      7.299512e-04       2.703113e-02       3.329241e-04      273.437      273.529
     3564.40       2635.27      3421.87       143.43      7.299512e-04       2.703113e-02       3.329228e-04      273.437      273.529
     3564.40       2635.27      3421.87       143.43      7.299512e-04       2.703113e-02       3.329241e-04      273.437      273.529
     3564.40       2635.27      3421.87       143.43      7.299512e-04       2.703113e-02       3.329235e-04      273.437      273.529
     3564.40       2635.27      3421.87       143.43      7.299512e-04       2.703113e-02       3.329233e-04      273.437      273.529
     3564.40       2635.27      3421.87       143.43      7.299512e-04       2.703113e-02       3.329247e-04      273.437      273.529
     3564.40       2635.27      3421.87       143.43      7.299512e-04       2.703113e-02       3.329252e-04      273.437      273.529
     3564.40       2635.27      3421.87       143.43      7.299512e-04       2.703113e-02       3.329233e-04      273.437      273.529
     3564.40       2635.27      3421.87       143.43      7.299512e-04       2.703113e-02       3.329239e-04      273.437      273.529
     3564.40       2635.27      3421.87       143.43      7.299512e-04       2.703113e-02       3.329240e-04      273.437      273.529
     3564.40       2635.27      3421.87       143.43      7.299512e-04       2.703113e-02       3.329240e-04      273.437      273.529
     3564.40       2635.27      3421.87       143.43      7.299512e-04       2.703113e-02       3.329240e-04      273.437      273.529
     3564.40       2635.27      3421.87       143.43      7.299512e-04       2.703113e-02       3.329240e-04      273.437      273.529
     3564.40       2635.27      3421.87       143.43      7.299512e-04       2.703113e-02       3.329241e-04      273.437      273.529
     3564.40       2635.27      3421.87       143.43      7.299512e-04       2.703113e-02       3.329247e-04      273.437      273.529
     3564.40       2635.27      3421.87       143.43      7.299512e-04       2.703113e-02       3.329246e-04      273.437      273.529
     3564.40       2635.27      3421.87       143.43      7.299512e-04       2.703113e-02       3.329247e-04      273.437      273.529
     3564.40       2635.27      3421.87       143.43      7.299512e-04       2.703113e-02       3.329246e-04      273.437      273.529
     3564.40       2635.27      3421.87       143.43      7.299512e-04       2.703113e-02       3.329240e-04      273.437      273.529
     3564.40       2635.27      3421.87       143.43      7.299512e-04       2.703113e-02       3.329246e-04      273.437      273.529
     3564.40       2635.27      3421.87       143.43      7.299512e-04       2.703113e-02       3.329240e-04      273.437      273.529
     3564.40       2635.27      3421.87       143.43      7.299512e-04       2.703113e-02       3.329246e-04      273.437      273.529
     3564.40       2635.27      3421.87       143.43      7.299512e-04       2.703113e-02       3.329240e-04      273.437      273.529
     3564.40       2635.27      3421.87       143.43      7.299512e-04       2.703113e-02       3.329247e-04      273.437      273.529
     3564.40       2635.27      3421.87       143.43      7.299512e-04       2.703113e-02       3.329247e-04      273.437      273.529
     3564.40       2635.27      3421.87       143.43      7.299512e-04       2.703113e-02       3.329247e-04      273.437      273.529
     3564.40       2635.27      3421.87       143.43      7.299512e-04       2.703113e-02       3.329240e-04      273.437      273.529
     3564.40       2635.27      3421.87       143.43      7.299512e-04       2.703113e-02       3.329247e-04      273.437      273.529
     3564.40       2635.27      3421.87       143.43      7.299512e-04       2.703113e-02       3.329247e-04      273.437      273.529
     3564.40       2635.27      3421.87       143.43      7.299512e-04       2.703113e-02       3.329247e-04      273.437      273.529
     3564.40       2635.27      3421.87       143.43      7.299512e-04       2.703113e-02       3.329247e-04      273.437      273.529
     3564.40       2635.27      3421.87       143.43      7.299512e-04       2.703113e-02       3.329241e-04      273.437      273.529
     3564.40       2635.27      3421.87       143.43      7.299512e-04       2.703113e-02       3.329247e-04      273.437      273.529
     3564.40       2635.27      3421.87       143.43      7.299512e-04       2.703113e-02       3.329247e-04      273.437      273.529
     3564.40       2635.27      3421.87       143.43      7.299512e-04       2.703113e-02       3.329247e-04      273.437      273.529
     3564.40       2635.27      3421.87       143.43      7.299512e-04       2.703113e-02       3.329247e-04      273.437      273.529
     3564.40       2635.27      3421.87       143.43      7.299512e-04       2.703113e-02       3.329247e-04      273.437      273.529
     3564.40       2635.27      3421.87       143.43      7.299512e-04       2.703113e-02       3.329247e-04      273.437      273.529
     3564.40       2635.27      3421.87       143.43      7.299512e-04       2.703113e-02       3.329247e-04      273.437      273.529
     3564.40       2635.27      3421.87       143.43      7.299512e-04       2.703113e-02       3.329247e-04      273.437      273.529
     3564.40       2635.27      3421.87       143.43      7.299512e-04       2.703113e-02       3.329247e-04      273.437      273.529
     3564.40       2635.27      3421.87       143.43      7.299512e-04       2.703113e-02       3.329247e-04      273.437      273.529
     3564.40       2635.27      3421.87       143.43      7.299512e-04       2.703113e-02       3.329247e-04      273.437      273.529
     3564.40       2635.27      3421.87       143.43      7.299512e-04       2.703113e-02       3.329247e-04      273.437      273.529
     3564.40       2635.27      3421.87       143.43      7.299512e-04       2.703113e-02       3.329247e-04      273.437      273.529
     3564.40       2635.27      3421.87       143.43      7.299512e-04       2.703113e-02       3.329247e-04      273.437      273.529
     3564.40       2635.27      3421.87       143.43      7.299512e-04       2.703113e-02       3.329247e-04      273.437      273.529
     3564.40       2635.27      3421.87       143.43      7.299512e-04       2.703113e-02       3.329247e-04      273.437      273.529
     3564.40       2635.27      3421.87       143.43      7.299512e-04       2.703113e-02       3.329247e-04      273.437      273.529
     3564.40       2635.27      3421.87       143.43      7.299512e-04       2.703113e-02       3.329247e-04      273.437      273.529
     3564.40       2635.27      3421.87       143.43      7.299512e-04       2.703113e-02       3.329247e-04      273.437      273.529
     3564.40       2635.27      3421.87       143.43      7.299512e-04       2.703113e-02       3.329247e-04      273.437      273.529
     3564.40       2635.27      3421.87       143.43      7.299512e-04       2.703113e-02       3.329247e-04      273.437      273.529
     3564.40       2635.27      3421.87       143.43      7.299512e-04       2.703113e-02       3.329247e-04      273.437      273.529
     3564.40       2635.27      3421.87       143.43      7.299512e-04       2.703113e-02       3.329247e-04      273.437      273.529
     3564.40       2635.27      3421.87       143.43      7.299512e-04       2.703113e-02       3.329247e-04      273.437      273.529
     3564.40       2635.27      3421.87       143.43      7.299512e-04       2.703113e-02       3.329247e-04      273.437      273.529
     3564.40       2635.27      3421.87       143.43      7.299512e-04       2.703113e-02       3.329247e-04      273.437      273.529
     3564.40       2635.27      3421.87       143.43      7.299512e-04       2.703113e-02       3.329247e-04      273.437      273.529
     3564.40       2635.27      3421.87       143.43      7.299512e-04       2.703113e-02       3.329247e-04      273.437      273.529
     3564.40       2635.27      3421.87       143.43      7.299512e-04       2.703113e-02       3.329247e-04      273.437      273.529
     3564.40       2635.27      3421.87       143.43      7.299512e-04       2.703113e-02       3.329247e-04      273.437      273.529
     3564.40       2635.27      3421.87       143.43      7.299512e-04       2.703113e-02       3.329247e-04      273.437      273.529
     3564.40       2635.27      3421.87       143.43      7.299512e-04       2.703113e-02       3.329247e-04      273.437      273.529
     3564.40       2635.27      3421.87       143.43      7.299512e-04       2.703113e-02       3.329247e-04      273.437      273.529
     3564.40       2635.27      3421.87       143.43      7.299512e-04       2.703113e-02       3.329247e-04      273.437      273.529
     3564.40       2635.27      3421.87       143.43      7.299512e-04       2.703113e-02       3.329247e-04      273.437      273.529
     3564.40       2635.27      3421.87       143.43      7.299512e-04       2.703113e-02       3.329247e-04      273.437      273.529
     3564.40       2635.27      3421.87       143.43      7.299512e-04       2.703113e-02       3.329247e-04      273.437      273.529
     3564.40       2635.27      3421.87       143.43      7.299512e-04       2.703113e-02       3.329247e-04      273.437      273.529
     3564.40       2635.27      3421.87       143.43      7.299512e-04       2.703113e-02       3.329247e-04      273.437      273.529
     3564.40       2635.27      3421.87       143.43      7.299512e-04       2.703113e-02       3.329247e-04      273.437      273.529
     3564.40       2635.27      3421.87       143.43      7.299512e-04       2.703113e-02       3.329247e-04      273.437      273.529
     3564.40       2635.27      3421.87       143.43      7.299512e-04       2.703113e-02       3.329247e-04      273.437      273.529
     3564.40       2635.27      3421.87       143.43      7.299512e-04       2.703113e-02       3.329247e-04      273.437      273.529
     3564.40       2635.27      3421.87       143.43      7.299512e-04       2.703113e-02       3.329247e-04      273.437      273.529
     3564.40       2635.27      3421.87       143.43      7.299512e-04       2.703113e-02       3.329247e-04      273.437      273.529
     3564.40       2635.27      3421.87       143.43      7.299512e-04       2.703113e-02       3.329247e-04      273.437      273.529
     3564.40       2635.27      3421.87       143.43      7.299512e-04       2.703113e-02       3.329247e-04      273.437      273.529
     3564.40       2635.27      3421.87       143.43      7.299512e-04       2.703113e-02       3.329247e-04      273.437      273.529
     3564.40       2635.27      3421.87       143.43      7.299512e-04       2.703113e-02       3.329247e-04      273.437      273.529
     3564.40       2635.27      3421.87       143.43      7.299512e-04       2.703113e-02       3.329247e-04      273.437      273.529
     3564.40       2635.27      3421.87       143.43      7.299512e-04       2.703113e-02       3.329247e-04      273.437      273.529
     3564.40       2635.27      3421.87       143.43      7.299512e-04       2.703113e-02       3.329247e-04      273.437      273.529
     3564.40       2635.27      3421.87       143.43      7.299512e-04       2.703113e-02       3.329247e-04      273.437      273.529
     3564.40       2635.27      3421.87       143.43      7.299512e-04       2.703113e-02       3.329247e-04      273.437      273.529
     3564.40       2635.27      3421.87       143.43      7.299512e-04       2.703113e-02       3.329247e-04      273.437      273.529
     3564.40       2635.27      3421.87       143.43      7.299512e-04       2.703113e-02       3.329247e-04      273.437      273.529
     3564.40       2635.27      3421.87       143.43      7.299512e-04       2.703113e-02       3.329247e-04      273.437      273.529
     3564.40       2635.27      3421.87       143.43      7.299512e-04       2.703113e-02       3.329247e-04      273.437      273.529
     3564.40       2635.27      3421.87       143.43      7.299512e-04       2.703113e-02       3.329247e-04      273.437      273.529
     3564.40       2635.27      3421.87       143.43      7.299512e-04       2.703113e-02       3.329247e-04      273.437      273.529
     3564.40       2635.27      3421.87       143.43      7.299512e-04       2.703113e-02       3.329247e-04      273.437      273.529
     3564.40       2635.27      3421.87       143.43      7.299512e-04       2.703113e-02       3.329247e-04      273.437      273.529
     3564.40       2635.27      3421.87       143.43      7.299512e-04       2.703113e-02       3.329247e-04      273.437      273.529
     3564.40       2635.27      3421.87       143.43      7.299512e-04       2.703113e-02       3.329247e-04      273.437      273.529
     3564.40       2635.27      3421.87       143.43      7.299512e-04       2.703113e-02       3.329247e-04      273.437      273.529
     3564.40       2635.27      3421.87       143.43      7.299512e-04       2.703113e-02       3.329247e-04      273.437      273.529
     3564.40       2635.27      3421.87       143.43      7.299512e-04       2.703113e-02       3.329247e-04      273.437      273.529
     3564.40       2635.27      3421.87       143.43      7.299512e-04       2.703113e-02       3.329247e-04      273.437      273.529
     3564.40       2635.27      3421.87       143.43      7.299512e-04       2.703113e-02       3.329247e-04      273.437      273.529
     3564.40       2635.27      3421.87       143.43      7.299512e-04       2.703113e-02       3.329247e-04      273.437      273.529
     3564.40       2635.27      3421.87       143.43      7.299512e-04       2.703113e-02       3.329247e-04      273.437      273.529
     3564.40       2635.27      3421.87       143.43      7.299512e-04       2.703113e-02       3.329247e-04      273.437      273.529
     3564.40       2635.27      3421.87       143.43      7.299512e-04       2.703113e-02       3.329247e-04      273.437      273.529
     3564.40       2635.27      3421.87       143.43      7.299512e-04       2.703113e-02       3.329247e-04      273.437      273.529
     3564.40       2635.27      3421.87       143.43      7.299512e-04       2.703113e-02       3.329247e-04      273.437      273.529
     3564.40       2635.27      3421.87       143.43      7.299512e-04       2.703113e-02       3.329247e-04      273.437      273.529
     3564.40       2635.27      3421.87       143.43      7.299512e-04       2.703113e-02       3.329247e-04      273.437      273.529
     3564.40       2635.27      3421.87       143.43      7.299512e-04       2.703113e-02       3.329247e-04      273.437      273.529
     3564.40       2635.27      3421.87       143.43      7.299512e-04       2.703113e-02       3.329247e-04      273.437      273.529
     3564.40       2635.27      3421.87       143.43      7.299512e-04       2.703113e-02       3.329247e-04      273.437      273.529
     3564.40       2635.27      3421.87       143.43      7.299512e-04       2.703113e-02       3.329247e-04      273.437      273.529
     3564.40       2635.27      3421.87       143.43      7.299512e-04       2.703113e-02       3.329247e-04      273.437      273.529
     3564.40       2635.27      3421.87       143.43      7.299512e-04       2.703113e-02       3.329247e-04      273.437      273.529
     3564.40       2635.27      3421.87       143.43      7.299512e-04       2.703113e-02       3.329247e-04      273.437      273.529
     3564.40       2635.27      3421.87       143.43      7.299512e-04       2.703113e-02       3.329247e-04      273.437      273.529
     3564.40       2635.27      3421.87       143.43      7.299512e-04       2.703113e-02       3.329247e-04      273.437      273.529
     3564.40       2635.27      3421.87       143.43      7.299512e-04       2.703113e-02       3.329247e-04      273.437      273.529
     3564.40       2635.27      3421.87       143.43      7.299512e-04       2.703113e-02       3.329247e-04      273.437      273.529
     3564.40       2635.27      3421.87       143.43      7.299512e-04       2.703113e-02       3.329247e-04      273.437      273.529
     3564.40       2635.27      3421.87       143.43      7.299512e-04       2.703113e-02       3.329247e-04      273.437      273.529
     3564.40       2635.27      3421.87       143.43      7.299512e-04       2.703113e-02       3.329247e-04      273.437      273.529
