[ER, ET, CPRT, GRT]  O.F.1  IT_1 IT_Force Force_Exp Force_FEMU 
    1297.657       548.382      1.02550      211.200      6.201412e-03       7.823351e-02       2.950434e-01      326.355      230.066
    6540.652       851.854      1.02550      211.200      1.083922e-02       7.055804e-02       2.421933e+00      326.355     1116.765
  -22156.987     -9363.413      4.98137      211.200      1.083922e-02       7.055804e-02       2.421933e+00      326.355     1116.765
    2124.846      4420.879      0.20829      211.200      3.170347e-03       5.624440e-02       1.003895e-01      326.355      359.117
    1297.657       548.382      1.02550     2730.272      1.427994e-02       1.192581e-01       2.676889e-01      326.355      238.993
    1951.020      1088.356      1.01605      551.126      7.205868e-03       8.489030e-02       8.192205e-02      326.355      353.091
    6002.872      3625.492      0.00231       21.127      3.401259e-02       1.722880e-01       2.087849e+00      326.355     1007.735
   -2367.883     -1141.472      1.91300       96.147      3.401259e-02       1.722880e-01       2.087849e+00      326.355     1007.735
    1936.423      2127.528      0.39444      211.200      2.023958e-04       1.423134e-02       8.192606e-03      326.355      329.029
    2561.420      2750.538      0.47407       21.127      6.211670e-04       2.271577e-02       3.250797e-01      326.355      432.446
    4200.973      2343.469      0.39444      211.200      1.611036e-03       1.495405e-02       1.177980e+00      326.355      710.794
    -313.530      -344.472      1.01605      211.200      1.611036e-03       1.495405e-02       1.177980e+00      326.355      710.794
     477.126       158.023      1.62975       26.082      1.611036e-03       1.495405e-02       1.177980e+00      326.355      710.794
    1858.780      1053.516      0.91240       55.487      2.581815e-03       5.083372e-02       1.821565e-02      326.355      320.410
    2246.363      2437.470      0.43678       26.082      4.530579e-04       2.066517e-02       1.625913e-01      326.355      379.417
    2976.965      2262.723      0.39444      211.200      5.042295e-04       1.436731e-02       5.459088e-01      326.355      504.515
    1184.531      1301.432      0.66976      211.200      1.593586e-04       4.975217e-03       3.669204e-01      326.355      206.609
    2053.081      3186.840      0.27919      211.200      1.358173e-03       3.681457e-02       6.493160e-02      326.355      347.546
    1867.569      1138.363      0.80735       96.147      4.867719e-04       2.206989e-02       1.338371e-02      326.355      321.987
     639.688       784.921      0.74396       55.487      6.245627e-04       1.386124e-02       6.577393e-01      326.355      111.698
    2437.002      2061.671      0.47018      162.789      1.047819e-04       5.683395e-03       2.692827e-01      326.355      414.237
    1839.943      3050.969      0.30504      186.205      9.650522e-04       3.104863e-02       4.470491e-02      326.355      311.765
    1973.542      1568.859      0.62274      115.879      4.455135e-06       1.803058e-03       3.474717e-02      326.355      337.695
    1554.210      1254.434      0.66570      450.468      8.254844e-05       7.315333e-03       1.705516e-01      326.355      270.695
    1340.417       944.512      0.88261      228.181      1.613091e-03       3.924781e-02       2.724725e-01      326.355      237.432
    1900.314      1866.744      0.49026      215.384      1.328160e-05       3.641410e-03       5.915501e-03      326.355      324.424
    2662.929      1775.840      0.43930      230.350      2.156357e-04       8.203217e-03       3.852405e-01      326.355      452.080
    1594.956      1545.093      0.61281      215.909      2.550638e-05       9.301145e-04       1.569781e-01      326.355      275.124
    1030.304       960.153      0.74976      321.118      5.118931e-04       1.782112e-02       4.411557e-01      326.355      182.382
    2106.306      1820.971      0.52850      197.366      1.235604e-05       1.381547e-03       1.022217e-01      326.355      359.715
    2232.728      2202.032      0.48256       34.734      1.984501e-04       1.318199e-02       1.576673e-01      326.355      377.810
    1730.448      1476.683      0.60996      302.224      9.457112e-06       1.484341e-03       8.518244e-02      326.355      298.555
    2250.156      1763.150      0.50768      188.838      3.668332e-05       2.481809e-03       1.747287e-01      326.355      383.378
    1767.064      1623.004      0.58657      208.971      4.952998e-06       3.059042e-04       6.971022e-02      326.355      303.605
    1841.894      1376.960      0.69671      186.314      2.927051e-05       5.352051e-03       2.558717e-02      326.355      318.004
    1903.766      1746.045      0.53625      207.918      1.172189e-06       1.081512e-03       1.921232e-03      326.355      325.728
    1567.729      1370.699      0.65367      209.157      3.522877e-05       2.543598e-03       1.696035e-01      326.355      271.004
    1977.655      1714.384      0.55750      200.281      1.587269e-06       4.450222e-04       3.727496e-02      326.355      338.520
    2085.342      1857.911      0.54373       90.544      1.607561e-05       2.893466e-03       8.781709e-02      326.355      355.014
    1818.904      1569.849      0.59204      237.648      1.929698e-06       4.123577e-04       4.195032e-02      326.355      312.664
    2074.088      1667.616      0.56591      166.909      7.614138e-06       4.324528e-04       8.618184e-02      326.355      354.481
    1843.737      1637.762      0.58148      198.011      9.955768e-07       2.233482e-04       3.075292e-02      326.355      316.319
    1792.019      1765.504      0.51410      333.706      1.352674e-05       3.183627e-03       5.832147e-02      326.355      307.321
    1931.504      1618.208      0.59407      159.745      3.488249e-07       3.979499e-04       1.380649e-02      326.355      330.861
    2010.053      1790.216      0.54340      149.469      3.993120e-06       1.154074e-03       5.160006e-02      326.355      343.195
    1867.302      1624.631      0.57933      213.689      3.891161e-07       2.346589e-04       1.827858e-02      326.355      320.390
    1797.000      1597.539      0.58772      188.290      3.087581e-06       2.377623e-04       5.505548e-02      326.355      308.387
    1932.741      1685.916      0.56493      197.249      3.099261e-07       3.237048e-04       1.432641e-02      326.355      331.030
    1874.122      1535.979      0.62629      176.019      1.135166e-06       9.777792e-04       1.341901e-02      326.355      321.976
    1885.366      1589.102      0.60273      183.744      2.067781e-07       3.646767e-04       8.597788e-03      326.355      323.549
    1966.226      1620.496      0.58885      178.401      1.089408e-06       2.317501e-04       3.218312e-02      326.355      336.858
    1874.138      1633.801      0.58329      193.013      2.715315e-07       2.068744e-04       1.512539e-02      326.355      321.419
    1945.763      1639.167      0.59289      154.952      6.455307e-07       4.526173e-04       2.099698e-02      326.355      333.207
    1886.822      1628.275      0.58272      198.119      1.104280e-07       1.970880e-04       8.463048e-03      326.355      323.593
    1858.993      1650.613      0.57269      229.383      6.207623e-07       3.453121e-04       2.239735e-02      326.355      319.045
    1913.365      1626.321      0.58866      175.973      8.651929e-08       2.519188e-04       4.808292e-03      326.355      327.924
    1843.979      1551.763      0.61454      178.223      1.267661e-06       6.252686e-04       2.961573e-02      326.355      316.690
    1911.811      1652.807      0.57701      192.401      6.085389e-08       2.121127e-04       3.988368e-03      326.355      327.657
    1925.109      1614.494      0.59220      181.997      1.862404e-07       2.428229e-04       1.128434e-02      326.355      330.038
    1931.503      1671.146      0.56788      190.328      2.673205e-07       2.887411e-04       1.356586e-02      326.355      330.782
    1897.564      1609.874      0.59388      185.380      7.116835e-08       2.526406e-04       2.721198e-03      326.355      325.467
    1879.868      1644.174      0.57897      193.850      1.979984e-07       2.119576e-04       1.237406e-02      326.355      322.317
    1913.789      1621.914      0.58886      184.925      7.631984e-08       2.181021e-04       5.366460e-03      326.355      328.106
    1931.705      1627.191      0.59144      171.606      2.896967e-07       2.923146e-04       1.429456e-02      326.355      331.020
    1898.013      1628.011      0.58490      191.311      4.715517e-08       1.986798e-04       2.778669e-03      326.355      325.448
    1897.398      1630.004      0.58361      201.437      4.593149e-08       1.951288e-04       2.809683e-03      326.355      325.438
    1889.407      1631.839      0.58109      214.816      9.389902e-08       2.229917e-04       6.650070e-03      326.355      324.185
    1888.783      1638.465      0.58082      200.410      9.632658e-08       2.024664e-04       7.441433e-03      326.355      323.926
    1907.538      1626.051      0.58684      188.738      4.639295e-08       2.042908e-04       2.167937e-03      326.355      327.062
    1909.270      1658.415      0.57243      201.677      6.465039e-08       2.394476e-04       2.715245e-03      326.355      327.241
    1906.569      1646.335      0.57773      197.538      4.401882e-08       2.046530e-04       1.475753e-03      326.355      326.837
    1892.821      1612.424      0.58959      197.060      6.869814e-08       2.087509e-04       5.016449e-03      326.355      324.718
    1907.130      1642.704      0.58013      193.561      4.262131e-08       1.988251e-04       1.769020e-03      326.355      326.932
    1911.313      1644.524      0.57925      199.310      5.559657e-08       1.973682e-04       4.084276e-03      326.355      327.688
    1901.355      1632.146      0.58348      193.295      3.916311e-08       1.951689e-04       1.053702e-03      326.355      326.011
    1898.599      1649.547      0.57567      204.305      5.542636e-08       2.215032e-04       2.532142e-03      326.355      325.529
    1905.348      1631.926      0.58403      192.571      3.904567e-08       1.950497e-04       1.019479e-03      326.355      326.688
    1912.814      1646.549      0.57908      187.168      6.393764e-08       2.108071e-04       4.420682e-03      326.355      327.798
    1901.260      1634.143      0.58247      197.820      3.838504e-08       1.934600e-04       9.978512e-04      326.355      326.029
    1900.866      1624.097      0.58735      191.101      4.293070e-08       2.039940e-04       1.165665e-03      326.355      325.974
    1902.337      1629.667      0.58494      192.701      3.885549e-08       1.966273e-04       4.815212e-04      326.355      326.198
    1897.960      1621.238      0.58735      194.622      4.664219e-08       2.004016e-04       2.553733e-03      326.355      325.521
    1904.861      1637.337      0.58193      193.826      3.857801e-08       1.952606e-04       6.996076e-04      326.355      326.583
    1905.556      1634.391      0.58320      195.154      3.864605e-08       1.931239e-04       1.177498e-03      326.355      326.739
    1901.663      1635.845      0.58224      197.183      3.832991e-08       1.941579e-04       8.187269e-04      326.355      326.088
    1899.818      1637.805      0.58134      199.510      4.148913e-08       1.962145e-04       1.739972e-03      326.355      325.787
    1904.302      1641.186      0.57999      199.313      3.914071e-08       1.973197e-04       4.945685e-04      326.355      326.516
    1902.840      1632.548      0.58370      194.343      3.776829e-08       1.943005e-04       2.309675e-04      326.355      326.280
    1899.760      1635.545      0.58197      196.425      4.138676e-08       1.949436e-04       1.849796e-03      326.355      325.751
    1904.106      1634.680      0.58289      195.472      3.754981e-08       1.934177e-04       4.204786e-04      326.355      326.492
    1900.071      1631.270      0.58372      198.593      3.974554e-08       1.936239e-04       1.514208e-03      326.355      325.861
    1903.665      1635.821      0.58238      195.012      3.768467e-08       1.941670e-04       1.468114e-04      326.355      326.403
    1904.879      1635.304      0.58312      193.196      3.866026e-08       1.952568e-04       7.570889e-04      326.355      326.602
    1902.164      1634.433      0.58264      196.659      3.770721e-08       1.934740e-04       5.589656e-04      326.355      326.172
    1904.725      1632.897      0.58356      193.566      3.816983e-08       1.941836e-04       7.073085e-04      326.355      326.586
    1903.960      1633.634      0.58323      194.467      3.762940e-08       1.938056e-04       3.260952e-04      326.355      326.461
    1904.103      1636.734      0.58187      196.463      3.766320e-08       1.937629e-04       3.958559e-04      326.355      326.484
    1905.755      1636.001      0.58255      194.051      3.911744e-08       1.941760e-04       1.204499e-03      326.355      326.748
    1903.062      1634.825      0.58261      196.005      3.742202e-08       1.935084e-04       1.182201e-04      326.355      326.316
    1903.952      1634.116      0.58293      196.191      3.730817e-08       1.929029e-04       3.658449e-04      326.355      326.474
    1904.094      1633.264      0.58321      196.782      3.722647e-08       1.924516e-04       4.752621e-04      326.355      326.510
    1903.502      1631.467      0.58410      194.900      3.752002e-08       1.937374e-04       1.528983e-04      326.355      326.405
    1903.424      1633.484      0.58317      197.115      3.713079e-08       1.927392e-04       1.398062e-04      326.355      326.401
    1903.156      1633.409      0.58315      198.446      3.709011e-08       1.926787e-04       4.645912e-05      326.355      326.370
    1902.801      1631.803      0.58364      197.593      3.707299e-08       1.925876e-04       1.417563e-04      326.355      326.309
    1902.148      1630.366      0.58402      198.659      3.726479e-08       1.926728e-04       4.232231e-04      326.355      326.217
    1903.051      1635.183      0.58220      199.525      3.731653e-08       1.932700e-04       2.467976e-05      326.355      326.347
    1903.490      1632.006      0.58349      200.176      3.709564e-08       1.924706e-04       2.962336e-04      326.355      326.452
    1903.714      1630.057      0.58454      196.974      3.729511e-08       1.928807e-04       3.596449e-04      326.355      326.472
    1903.550      1631.339      0.58395      197.610      3.707633e-08       1.924662e-04       2.648032e-04      326.355      326.441
    1902.404      1631.014      0.58391      200.135      3.727887e-08       1.930216e-04       2.424666e-04      326.355      326.276
    1903.672      1632.702      0.58338      197.617      3.705318e-08       1.923606e-04       2.959532e-04      326.355      326.451
    1903.100      1632.621      0.58358      195.471      3.737981e-08       1.934248e-04       6.369460e-05      326.355      326.334
    1903.393      1632.159      0.58351      198.994      3.700626e-08       1.923556e-04       2.063583e-04      326.355      326.422
    1903.552      1630.593      0.58410      197.461      3.702415e-08       1.923289e-04       2.659308e-04      326.355      326.442
    1903.158      1632.289      0.58336      198.223      3.695033e-08       1.923148e-04       4.841812e-05      326.355      326.371
    1902.962      1632.764      0.58307      198.529      3.697297e-08       1.923704e-04       6.012193e-05      326.355      326.335
    1904.087      1632.068      0.58353      198.554      3.712702e-08       1.919924e-04       5.502801e-04      326.355      326.534
    1903.123      1631.870      0.58362      197.833      3.699157e-08       1.924256e-04       3.124376e-05      326.355      326.365
    1902.941      1630.754      0.58391      198.638      3.696000e-08       1.923450e-04       1.988241e-05      326.355      326.348
    1902.755      1632.944      0.58310      199.385      3.710992e-08       1.926896e-04       1.333356e-04      326.355      326.311
    1903.353      1631.180      0.58385      197.941      3.696341e-08       1.922829e-04       1.663063e-04      326.355      326.409
    1902.895      1630.887      0.58386      197.325      3.699254e-08       1.924080e-04       9.337838e-05      326.355      326.324
    1903.019      1631.205      0.58377      197.742      3.695954e-08       1.923439e-04       1.841312e-05      326.355      326.349
    1903.113      1630.845      0.58383      198.439      3.690181e-08       1.921861e-04       5.702323e-05      326.355      326.373
    1903.109      1630.333      0.58394      198.742      3.687242e-08       1.921053e-04       6.992319e-05      326.355      326.378
    1902.761      1631.110      0.58364      198.731      3.693560e-08       1.922410e-04       1.262435e-04      326.355      326.314
    1903.083      1631.715      0.58345      198.080      3.688450e-08       1.921494e-04       6.717620e-06      326.355      326.357
    1903.036      1631.518      0.58342      199.147      3.687155e-08       1.921149e-04       1.770294e-05      326.355      326.361
    1903.044      1631.674      0.58325      199.851      3.689087e-08       1.921628e-04       3.544077e-05      326.355      326.366
    1902.836      1630.049      0.58386      199.127      3.683891e-08       1.920199e-04       6.435908e-05      326.355      326.334
    1902.674      1628.929      0.58411      199.580      3.684398e-08       1.920058e-04       1.208473e-04      326.355      326.315
    1903.271      1630.697      0.58369      198.816      3.679999e-08       1.918771e-04       1.413167e-04      326.355      326.401
    1903.526      1630.490      0.58372      198.859      3.678662e-08       1.916968e-04       2.751309e-04      326.355      326.445
    1903.170      1629.481      0.58402      199.859      3.684194e-08       1.919857e-04       1.424824e-04      326.355      326.401
    1903.175      1630.436      0.58358      199.755      3.676759e-08       1.918100e-04       1.153875e-04      326.355      326.393
    1903.208      1630.487      0.58340      200.262      3.675779e-08       1.917695e-04       1.379217e-04      326.355      326.400
    1903.334      1628.736      0.58408      199.907      3.673844e-08       1.916330e-04       2.279873e-04      326.355      326.429
    1903.483      1627.345      0.58441      200.287      3.676759e-08       1.915553e-04       3.329317e-04      326.355      326.464
    1903.281      1630.400      0.58350      199.218      3.667227e-08       1.915403e-04       1.458321e-04      326.355      326.402
    1903.336      1630.860      0.58324      198.897      3.662928e-08       1.914268e-04       1.473068e-04      326.355      326.403
    1903.866      1630.236      0.58335      199.835      3.671737e-08       1.911646e-04       4.582800e-04      326.355      326.504
    1903.346      1629.669      0.58332      200.593      3.661848e-08       1.913394e-04       2.105078e-04      326.355      326.424
    1903.256      1629.257      0.58312      201.462      3.663372e-08       1.914127e-04       1.776422e-04      326.355      326.413
    1903.734      1629.264      0.58360      199.353      3.655474e-08       1.909016e-04       3.843800e-04      326.355      326.480
    1903.997      1628.652      0.58370      198.899      3.652488e-08       1.905348e-04       5.076320e-04      326.355      326.521
    1903.936      1630.971      0.58273      199.204      3.658493e-08       1.908774e-04       4.326341e-04      326.355      326.496
    1903.442      1629.840      0.58314      198.961      3.639706e-08       1.907799e-04       1.910287e-04      326.355      326.417
    1903.230      1629.641      0.58304      198.524      3.631153e-08       1.906426e-04       5.727190e-05      326.355      326.374
    1903.919      1628.606      0.58315      199.712      3.631018e-08       1.900991e-04       4.567597e-04      326.355      326.504
    1904.209      1627.479      0.58310      200.120      3.624180e-08       1.894845e-04       6.109912e-04      326.355      326.554
    1904.340      1628.702      0.58297      197.785      3.627929e-08       1.896380e-04       5.938610e-04      326.355      326.549
    1903.952      1626.268      0.58368      198.459      3.599242e-08       1.892710e-04       4.524707e-04      326.355      326.503
    1903.960      1623.918      0.58415      198.087      3.580654e-08       1.887558e-04       4.619536e-04      326.355      326.506
    1903.871      1626.214      0.58292      198.357      3.563758e-08       1.885422e-04       3.534961e-04      326.355      326.470
    1903.804      1624.991      0.58253      198.087      3.529065e-08       1.877514e-04       2.744335e-04      326.355      326.444
    1904.926      1622.903      0.58334      198.513      3.568220e-08       1.867685e-04       9.135625e-04      326.355      326.653
    1904.111      1620.947      0.58360      199.618      3.507919e-08       1.866150e-04       5.374573e-04      326.355      326.530
    1903.994      1617.072      0.58391      200.538      3.462701e-08       1.854806e-04       5.083110e-04      326.355      326.521
    1904.134      1616.967      0.58387      197.494      3.430951e-08       1.847271e-04       4.685327e-04      326.355      326.508
    1904.093      1611.714      0.58425      196.187      3.356350e-08       1.828678e-04       3.953444e-04      326.355      326.484
    1904.434      1614.400      0.58287      198.570      3.356102e-08       1.823789e-04       5.763722e-04      326.355      326.543
    1904.647      1609.614      0.58222      198.812      3.268414e-08       1.798082e-04       6.208686e-04      326.355      326.558
    1903.345      1608.796      0.58312      198.293      3.243858e-08       1.801968e-04       1.278618e-05      326.355      326.351
    1902.539      1601.734      0.58300      198.183      3.152286e-08       1.769746e-04       4.839128e-04      326.355      326.197
    1903.824      1595.097      0.58417      198.767      3.047595e-08       1.744940e-04       2.413526e-04      326.355      326.434
    1903.798      1580.162      0.58501      199.108      2.851438e-08       1.688213e-04       2.055263e-04      326.355      326.422
    1903.500      1584.491      0.58332      195.619      2.834570e-08       1.683686e-04       1.614141e-04      326.355      326.302
    1903.154      1568.132      0.58302      193.182      2.624201e-08       1.611482e-04       5.470238e-04      326.355      326.176
    1902.872      1567.994      0.58235      198.443      2.609564e-08       1.606676e-04       5.544087e-04      326.355      326.174
    1902.037      1545.956      0.58137      199.576      2.449915e-08       1.523227e-04       1.148972e-03      326.355      325.980
    1901.063      1538.467      0.58402      196.200      2.450305e-08       1.478245e-04       1.634876e-03      326.355      325.821
    1902.214      1514.531      0.58373      195.837      2.000180e-08       1.361228e-04       1.221034e-03      326.355      325.956
    1901.504      1470.729      0.58413      194.669      1.724999e-08       1.172377e-04       1.875913e-03      326.355      325.743
    1899.603      1481.054      0.58115      192.718      2.454094e-08       1.233999e-04       3.054282e-03      326.355      325.358
    1898.443      1449.762      0.58230      198.401      2.551149e-08       1.126087e-04       3.583777e-03      326.355      325.185
    1899.899      1479.460      0.58248      197.090      2.214190e-08       1.224545e-04       2.676151e-03      326.355      325.482
    1902.589      1536.105      0.58479      201.086      2.284462e-08       1.498533e-04       6.411358e-04      326.355      326.146
    1901.907      1477.549      0.58233      200.005      1.770035e-08       1.235742e-04       1.563663e-03      326.355      325.845
    1900.686      1436.154      0.58563      196.838      1.681643e-08       1.063797e-04       2.347574e-03      326.355      325.589
    1899.385      1381.426      0.58793      195.476      1.889419e-08       9.053961e-05       3.271845e-03      326.355      325.287
    1898.239      1395.270      0.58241      193.244      2.542601e-08       8.837532e-05       4.198049e-03      326.355      324.985
    1901.952      1501.111      0.58422      199.111      1.921220e-08       1.324757e-04       1.296124e-03      326.355      325.932
    1903.212      1463.327      0.58566      198.211      1.446612e-08       1.175074e-04       8.197182e-04      326.355      326.087
    1904.861      1455.282      0.58727      198.773      1.394017e-08       1.180804e-04       1.054866e-04      326.355      326.389
    1902.240      1418.655      0.58547      196.027      1.248679e-08       9.811345e-05       1.694157e-03      326.355      325.802
    1901.908      1377.362      0.58614      194.494      1.144498e-08       8.285688e-05       2.141630e-03      326.355      325.656
    1902.655      1392.483      0.58938      192.412      1.179165e-08       9.740479e-05       1.521000e-03      326.355      325.859
    1903.359      1360.138      0.59023      196.577      9.837186e-09       9.197458e-05       1.177422e-03      326.355      325.971
    1903.690      1305.191      0.59354      197.534      1.035241e-08       9.518905e-05       1.140401e-03      326.355      325.983
    1905.751      1356.600      0.59096      194.280      8.348144e-09       9.141378e-05       4.544601e-06      326.355      326.356
    1907.983      1317.009      0.59380      193.007      9.857795e-09       9.389318e-05       1.025028e-03      326.355      326.689
    1900.806      1288.153      0.59125      190.150      1.441855e-08       6.801759e-05       3.129981e-03      326.355      325.333
    1904.302      1413.461      0.58820      196.600      1.076907e-08       1.027682e-04       4.672462e-04      326.355      326.202
    1905.013      1361.233      0.58836      198.585      7.624254e-09       8.657769e-05       3.688543e-04      326.355      326.235
    1906.072      1345.539      0.58783      201.708      7.269218e-09       8.518641e-05       1.405391e-04      326.355      326.401
    1907.963      1360.551      0.59249      200.089      1.388787e-08       1.084324e-04       1.463573e-03      326.355      326.833
    1903.429      1373.151      0.58772      195.885      8.890365e-09       8.582803e-05       1.237449e-03      326.355      325.951
    1904.469      1304.267      0.59023      197.606      6.547031e-09       7.519382e-05       9.479321e-04      326.355      326.046
    1903.697      1249.746      0.59134      198.111      7.295522e-09       6.794218e-05       1.638291e-03      326.355      325.820
    1906.526      1329.562      0.58811      198.145      5.587377e-09       7.458981e-05       1.711754e-04      326.355      326.411
    1907.954      1314.166      0.58702      198.932      5.233817e-09       6.823553e-05       7.631421e-04      326.355      326.604
    1908.492      1287.205      0.59038      200.373      6.873771e-09       7.513636e-05       1.110831e-03      326.355      326.717
    1907.143      1268.640      0.58666      205.097      5.318117e-09       7.267946e-05       2.027184e-04      326.355      326.421
    1907.502      1241.663      0.58936      199.280      3.491766e-09       5.881961e-05       1.883602e-04      326.355      326.416
    1907.384      1189.843      0.59020      198.072      2.596152e-09       5.048858e-05       2.227202e-04      326.355      326.282
    1905.346      1251.125      0.58660      199.459      4.056508e-09       5.493120e-05       1.020827e-03      326.355      326.022
    1908.925      1207.104      0.58482      203.174      3.422691e-09       5.607024e-05       5.310017e-04      326.355      326.528
    1908.014      1212.465      0.58766      194.779      1.522334e-09       3.903518e-05       1.060042e-05      326.355      326.358
    1908.209      1184.438      0.58818      189.720      8.052850e-10       2.761490e-05       2.084824e-04      326.355      326.287
    1904.622      1102.503      0.58793      196.223      7.149492e-09       3.346819e-05       2.455706e-03      326.355      325.553
    1908.058      1261.121      0.58722      198.253      3.159018e-09       5.441413e-05       4.484213e-04      326.355      326.501
    1910.801      1170.154      0.58863      195.103      2.704504e-09       3.478618e-05       1.222962e-03      326.355      326.754
    1908.515      1195.608      0.59229      187.526      2.001687e-09       4.434034e-05       1.938749e-04      326.355      326.418
    1908.430      1109.527      0.59268      186.994      1.172891e-09       3.113192e-05       4.523979e-04      326.355      326.207
    1905.700      1169.430      0.59301      186.055      3.890078e-09       4.232430e-05       1.449318e-03      326.355      325.882
    1909.537      1169.981      0.58973      192.820      1.472172e-09       3.403063e-05       5.614681e-04      326.355      326.538
    1910.059      1139.874      0.59122      180.645      7.238309e-10       2.491218e-05       3.222343e-04      326.355      326.460
    1911.190      1114.951      0.59175      172.234      1.137241e-09       2.998427e-05       4.889614e-04      326.355      326.514
    1909.055      1106.074      0.58847      187.509      3.604309e-10       1.498664e-05       3.688577e-04      326.355      326.235
    1908.314      1061.230      0.58641      187.501      1.500678e-09       1.052472e-05       1.178991e-03      326.355      325.970
    1908.280      1099.985      0.59053      179.698      1.123895e-09       1.537241e-05       9.422421e-04      326.355      326.047
    1909.581      1155.718      0.58658      181.761      2.269993e-10       1.503126e-05       3.586614e-05      326.355      326.343
    1910.091      1179.033      0.58364      179.173      4.730592e-10       2.130952e-05       1.393474e-04      326.355      326.400
    1909.989      1193.309      0.58678      190.154      1.210877e-09       2.672491e-05       7.052449e-04      326.355      326.585
    1908.846      1123.202      0.58955      182.285      4.568076e-10       1.569600e-05       4.590095e-04      326.355      326.205
    1910.017      1078.196      0.58977      176.482      2.238041e-10       1.044626e-05       3.388051e-04      326.355      326.244
    1909.982      1025.510      0.59066      170.043      9.551722e-10       1.314445e-05       8.846290e-04      326.355      326.066
    1908.549      1091.520      0.58586      183.336      1.038255e-09       6.316845e-06       9.991958e-04      326.355      326.029
    1909.790      1127.822      0.58991      181.316      3.038830e-10       1.737085e-05       4.937802e-05      326.355      326.371
    1910.507      1110.587      0.58777      181.208      1.150753e-10       9.075904e-06       1.810680e-04      326.355      326.414
    1911.298      1104.260      0.58687      180.671      2.784498e-10       6.869555e-06       4.809430e-04      326.355      326.512
    1911.017      1130.005      0.58851      173.008      5.434321e-10       2.044476e-05       3.547699e-04      326.355      326.471
    1909.558      1112.051      0.58848      183.829      1.721988e-10       1.183780e-05       1.794590e-04      326.355      326.296
    1910.069      1100.303      0.58633      180.305      8.501519e-11       6.016592e-06       2.210249e-04      326.355      326.283
    1910.047      1086.479      0.58450      179.800      2.158570e-10       4.735929e-06       4.398300e-04      326.355      326.211
    1909.922      1045.215      0.58969      179.136      3.409742e-10       6.906937e-06       5.415866e-04      326.355      326.178
    1909.895      1127.951      0.58732      181.103      1.227711e-10       1.100015e-05       4.346094e-05      326.355      326.341
    1909.854      1147.473      0.58527      186.810      2.446028e-10       1.505799e-05       1.344864e-04      326.355      326.399
    1910.042      1095.431      0.58861      179.036      1.116100e-10       8.759064e-06       1.869907e-04      326.355      326.294
    1910.721      1105.062      0.58653      177.027      6.225326e-11       7.689458e-06       5.643245e-05      326.355      326.373
    1911.281      1101.552      0.58555      173.674      1.255790e-10       9.945744e-06       1.635852e-04      326.355      326.408
    1910.627      1077.781      0.58730      177.686      3.407443e-11       4.487599e-06       1.181356e-04      326.355      326.316
    1910.758      1052.774      0.58730      175.990      8.335319e-11       2.567539e-06       2.770695e-04      326.355      326.264
    1910.167      1078.692      0.58660      175.834      2.194503e-10       4.752022e-06       4.437242e-04      326.355      326.210
    1910.452      1102.612      0.58748      179.857      5.731079e-11       7.467213e-06       4.009090e-05      326.355      326.368
    1910.908      1097.429      0.58521      178.396      3.735327e-11       5.651158e-06       7.382153e-05      326.355      326.379
    1911.309      1091.131      0.58693      176.188      1.092078e-10       6.470678e-06       2.595765e-04      326.355      326.440
    1910.381      1098.009      0.58648      179.271      4.396252e-11       5.828812e-06       1.001072e-04      326.355      326.322
    1910.457      1082.858      0.58670      180.585      3.219997e-11       4.418128e-06       1.126927e-04      326.355      326.318
    1910.283      1071.776      0.58679      182.378      6.914309e-11       4.532421e-06       2.205012e-04      326.355      326.283
    1910.669      1075.396      0.58534      178.111      5.108496e-11       3.199784e-06       2.021301e-04      326.355      326.289
    1910.644      1082.205      0.58588      178.547      3.045295e-11       3.800513e-06       1.265839e-04      326.355      326.314
    1910.897      1072.124      0.58606      178.334      1.204882e-11       2.853264e-06       6.257676e-05      326.355      326.334
    1911.085      1059.195      0.58585      177.866      9.663071e-12       1.782105e-06       8.056271e-05      326.355      326.329
    1910.453      1053.681      0.58770      178.942      1.088302e-10       2.907288e-06       3.168380e-04      326.355      326.251
    1910.823      1086.458      0.58582      178.533      1.811845e-11       4.248997e-06       9.084350e-06      326.355      326.352
    1910.901      1077.564      0.58482      180.080      1.465387e-11       3.676246e-06       3.395001e-05      326.355      326.344
    1911.266      1069.830      0.58447      176.935      1.228303e-11       3.481587e-06       1.317996e-05      326.355      326.351
    1911.387      1064.304      0.58459      178.157      1.005691e-11       2.654998e-06       5.490849e-05      326.355      326.373
    1911.384      1048.982      0.58403      177.983      1.293281e-11       2.353821e-06       8.601092e-05      326.355      326.327
    1911.603      1043.614      0.58465      175.405      6.661891e-12       1.837415e-06       5.735132e-05      326.355      326.336
    1911.840      1026.679      0.58455      173.091      2.131261e-11       2.295798e-06       1.266775e-04      326.355      326.314
    1911.265      1069.473      0.58574      176.198      1.063315e-11       3.153340e-06       2.644889e-05      326.355      326.364
    1911.417      1048.484      0.58595      176.874      1.430987e-12       1.168232e-06       8.221082e-06      326.355      326.352
    1911.468      1037.849      0.58671      176.843      1.085785e-12       8.562002e-07       1.879997e-05      326.355      326.349
    1911.438      1033.016      0.58515      177.937      1.346856e-11       6.935521e-07       1.139650e-04      326.355      326.318
    1911.343      1060.349      0.58559      176.632      4.580143e-12       2.118315e-06       9.867723e-06      326.355      326.358
    1911.360      1036.235      0.58682      175.220      1.831763e-11       1.232867e-06       1.296117e-04      326.355      326.313
    1911.390      1057.270      0.58514      177.420      3.559422e-12       1.835715e-06       1.389039e-05      326.355      326.359
    1911.808      1040.335      0.58519      175.287      4.137196e-12       1.294045e-06       4.964188e-05      326.355      326.371
    1911.401      1054.263      0.58666      177.688      1.016700e-11       1.720418e-06       8.491244e-05      326.355      326.383
    1911.560      1046.279      0.58515      175.974      2.345403e-12       1.425485e-06       1.776030e-05      326.355      326.349
    1911.723      1030.530      0.58550      176.129      6.316451e-13       4.444037e-07       2.084101e-05      326.355      326.348
    1911.826      1015.657      0.58545      175.878      6.605647e-12       1.443986e-07       8.114689e-05      326.355      326.328
    1911.279      1045.612      0.58605      177.900      4.871485e-12       9.655278e-07       6.277080e-05      326.355      326.334
    1911.677      1041.655      0.58540      175.939      1.588077e-12       1.042054e-06       2.243406e-05      326.355      326.362
    1911.765      1020.936      0.58625      175.026      3.932923e-12       3.401585e-07       6.178455e-05      326.355      326.335
    1911.509      1048.166      0.58541      176.820      1.541492e-12       1.216577e-06       7.931756e-06      326.355      326.357
    1911.632      1032.827      0.58636      176.891      4.622001e-13       4.726719e-07       1.545978e-05      326.355      326.360
    1911.660      1026.118      0.58698      177.351      1.183789e-12       6.537023e-07       2.751162e-05      326.355      326.364
    1911.498      1033.031      0.58659      177.405      1.006416e-12       5.920567e-07       2.561709e-05      326.355      326.347
    1911.622      1018.999      0.58718      176.814      2.765645e-12       6.469169e-07       4.845164e-05      326.355      326.339
    1911.550      1040.857      0.58585      176.819      5.435713e-13       7.374201e-07       5.716011e-07      326.355      326.355
    1911.730      1030.768      0.58544      176.778      1.675209e-13       4.077943e-07       1.179415e-06      326.355      326.355
    1911.847      1027.223      0.58480      176.746      5.069562e-13       7.002837e-07       4.129089e-06      326.355      326.356
    1911.823      1034.459      0.58499      175.905      1.487398e-12       9.019595e-07       2.597461e-05      326.355      326.363
    1911.580      1033.388      0.58619      177.029      3.475753e-13       4.404505e-07       1.240051e-05      326.355      326.351
    1911.520      1038.387      0.58642      177.631      9.834812e-13       7.243240e-07       2.143270e-05      326.355      326.362
    1911.675      1032.495      0.58573      176.504      2.481271e-13       4.149817e-07       8.722929e-06      326.355      326.352
    1911.743      1023.892      0.58601      176.783      1.454221e-13       1.495541e-07       1.109406e-05      326.355      326.351
    1911.814      1015.424      0.58609      176.765      9.253713e-13       5.534360e-08       3.036958e-05      326.355      326.345
    1911.730      1027.441      0.58532      176.656      1.154441e-12       3.694489e-07       3.190744e-05      326.355      326.344
    1911.659      1031.481      0.58610      176.833      1.521679e-13       3.611255e-07       4.678322e-06      326.355      326.356
    1911.819      1025.927      0.58545      176.420      9.324691e-14       2.860048e-07       3.395578e-06      326.355      326.356
    1911.929      1022.195      0.58508      176.115      2.105720e-13       4.158350e-07       6.150297e-06      326.355      326.357
    1911.798      1023.541      0.58578      176.903      6.948024e-14       1.559332e-07       6.722306e-06      326.355      326.357
    1911.852      1019.068      0.58580      177.102      1.255156e-13       1.186323e-07       1.055727e-05      326.355      326.358
    1911.781      1021.657      0.58623      176.691      1.952142e-14       1.359867e-07       1.023486e-06      326.355      326.355
    1911.802      1017.109      0.58663      176.647      4.886723e-14       2.178321e-07       1.209904e-06      326.355      326.354
    1911.893      1016.030      0.58563      176.565      2.123856e-13       8.046632e-08       1.434982e-05      326.355      326.350
    1911.724      1027.617      0.58599      176.766      6.760474e-14       2.338597e-07       3.601262e-06      326.355      326.356
    1911.819      1025.479      0.58571      176.606      4.023064e-13       1.984862e-07       1.905122e-05      326.355      326.361
    1911.762      1024.288      0.58594      176.739      3.630566e-14       1.540898e-07       3.547639e-06      326.355      326.354
    1911.714      1022.625      0.58651      177.129      7.659145e-14       2.753092e-07       9.338662e-07      326.355      326.355
    1911.741      1023.450      0.58625      176.952      3.626108e-14       1.837989e-07       1.585188e-06      326.355      326.355
    1911.705      1024.964      0.58643      176.671      9.774022e-14       2.609832e-07       5.449415e-06      326.355      326.353
    1911.775      1023.897      0.58594      176.845      3.729542e-14       1.494024e-07       3.872554e-06      326.355      326.356
    1911.801      1019.032      0.58619      176.847      2.739106e-14       1.015811e-07       4.133118e-06      326.355      326.354
    1911.767      1020.317      0.58637      176.770      6.155911e-14       1.548627e-07       6.131935e-06      326.355      326.353
    1911.774      1023.002      0.58605      176.826      2.080818e-14       1.366363e-07       1.468802e-06      326.355      326.355
    1911.786      1019.283      0.58642      176.919      4.196065e-14       1.725499e-07       3.495275e-06      326.355      326.356
    1911.768      1023.036      0.58606      176.784      2.138014e-14       1.365504e-07       1.659149e-06      326.355      326.354
    1911.820      1019.913      0.58602      176.622      1.903516e-14       7.844341e-08       3.589978e-06      326.355      326.354
    1911.858      1018.144      0.58590      176.457      5.358141e-14       5.237315e-08       7.130302e-06      326.355      326.353
    1911.769      1024.773      0.58598      176.614      3.178496e-14       1.649806e-07       2.143262e-06      326.355      326.356
    1911.794      1020.467      0.58614      176.789      1.619385e-14       1.058499e-07       2.236259e-06      326.355      326.354
    1911.816      1019.483      0.58616      176.680      8.059595e-15       8.960671e-08       1.956042e-07      326.355      326.355
    1911.838      1017.707      0.58621      176.628      5.735037e-15       7.574327e-08       6.108565e-08      326.355      326.355
    1911.842      1016.872      0.58626      176.539      2.544416e-14       7.246133e-08       4.494304e-06      326.355      326.353
    1911.791      1021.468      0.58610      176.754      1.282650e-14       1.128736e-07       3.143094e-07      326.355      326.355
    1911.840      1018.120      0.58600      176.706      2.155505e-14       6.161937e-08       4.214487e-06      326.355      326.354
    1911.796      1020.773      0.58618      176.694      1.221431e-14       1.105565e-07       6.148705e-08      326.355      326.355
    1911.789      1020.294      0.58630      176.811      2.635246e-14       1.362243e-07       2.795347e-06      326.355      326.356
    1911.813      1020.008      0.58609      176.669      1.133329e-14       8.669537e-08       1.955690e-06      326.355      326.354
    1911.826      1019.511      0.58614      176.584      9.633352e-15       8.382488e-08       1.616715e-06      326.355      326.355
    1911.844      1017.532      0.58621      176.534      5.415940e-15       6.931283e-08       7.851600e-07      326.355      326.355
    1911.870      1015.564      0.58627      176.423      7.291513e-15       5.903774e-08       1.951805e-06      326.355      326.354
    1911.864      1016.607      0.58615      176.513      3.466543e-15       5.008018e-08       9.803199e-07      326.355      326.355
    1911.896      1014.524      0.58614      176.422      6.508943e-15       3.002136e-08       2.368240e-06      326.355      326.354
    1911.873      1015.671      0.58627      176.460      6.379947e-15       6.233229e-08       1.580670e-06      326.355      326.355
    1911.882      1014.248      0.58628      176.483      8.831955e-15       5.608456e-08       2.385293e-06      326.355      326.354
    1911.869      1015.563      0.58625      176.508      4.577522e-15       5.777520e-08       1.114848e-06      326.355      326.355
    1911.835      1018.034      0.58614      176.631      1.366516e-14       6.726828e-08       3.024014e-06      326.355      326.354
    1911.863      1016.261      0.58624      176.503      4.016417e-15       6.158175e-08       4.773858e-07      326.355      326.355
    1911.882      1015.274      0.58621      176.401      3.893058e-15       4.481112e-08       1.373692e-06      326.355      326.354
    1911.894      1014.321      0.58621      176.429      2.662782e-15       4.018616e-08       1.024436e-06      326.355      326.355
    1911.917      1012.717      0.58621      176.377      3.757253e-15       3.161886e-08       1.660874e-06      326.355      326.354
    1911.883      1015.669      0.58616      176.414      1.691522e-15       4.012602e-08       2.881566e-07      326.355      326.355
    1911.889      1015.721      0.58612      176.367      1.180852e-15       3.406248e-08       1.475115e-07      326.355      326.355
    1911.901      1014.700      0.58611      176.352      5.261033e-15       2.519931e-08       2.150968e-06      326.355      326.354
    1911.873      1015.871      0.58621      176.465      2.586250e-15       5.074525e-08       1.172383e-07      326.355      326.355
    1911.878      1015.986      0.58613      176.486      1.909496e-15       4.152317e-08       4.324887e-07      326.355      326.355
    1911.903      1014.343      0.58619      176.361      1.474197e-15       3.304192e-08       6.192899e-07      326.355      326.355
    1911.878      1016.639      0.58611      176.411      3.965152e-15       4.198895e-08       1.484535e-06      326.355      326.355
    1911.890      1014.901      0.58619      176.424      1.650103e-15       3.890510e-08       3.714968e-07      326.355      326.355
    1911.907      1014.604      0.58611      176.354      8.311297e-16       2.434233e-08       4.890535e-07      326.355      326.355
    1911.924      1013.971      0.58606      176.299      6.793303e-16       1.545780e-08       6.637964e-07      326.355      326.355
    1911.925      1013.483      0.58614      176.240      3.720897e-16       1.929613e-08       1.101531e-08      326.355      326.355
    1911.948      1012.231      0.58615      176.117      4.607584e-16       1.304074e-08       5.393215e-07      326.355      326.355
    1911.931      1013.858      0.58607      176.209      1.315545e-15       1.393692e-08       1.059010e-06      326.355      326.355
    1911.932      1014.173      0.58601      176.197      3.564337e-16       1.342814e-08       4.198797e-07      326.355      326.355
    1911.946      1014.088      0.58592      176.114      3.131705e-16       1.474848e-08       3.096295e-07      326.355      326.355
    1911.912      1014.773      0.58605      176.301      6.111792e-16       2.004046e-08       4.582147e-07      326.355      326.355
    1911.963      1012.436      0.58596      176.110      1.444453e-16       4.744187e-09       3.492284e-07      326.355      326.355
    1911.999      1010.794      0.58589      175.981      1.848088e-15       5.535163e-09       1.348140e-06      326.355      326.354
    1911.949      1013.419      0.58598      176.084      7.974494e-16       9.394954e-09       8.421832e-07      326.355      326.355
    1911.930      1013.833      0.58604      176.245      2.500703e-16       1.277121e-08       2.951771e-07      326.355      326.355
    1911.971      1012.147      0.58598      176.053      1.186909e-16       3.766514e-09       3.232932e-07      326.355      326.355
    1911.999      1010.834      0.58594      175.930      9.897286e-17       2.982432e-09       3.001447e-07      326.355      326.355
    1911.995      1012.112      0.58579      175.960      5.230957e-16       2.114486e-08       2.764736e-07      326.355      326.355
    1911.943      1013.140      0.58605      176.170      1.034753e-16       9.242311e-09       1.346862e-07      326.355      326.355
    1911.971      1011.034      0.58608      176.113      2.213946e-17       3.977648e-09       7.958392e-08      326.355      326.355
    1911.983      1009.508      0.58616      176.112      5.030664e-16       1.166874e-08       6.058408e-07      326.355      326.355
    1912.007      1009.889      0.58598      175.916      5.214068e-16       8.012798e-10       7.216408e-07      326.355      326.355
    1911.950      1012.847      0.58602      176.163      1.239779e-16       6.758349e-09       2.799076e-07      326.355      326.355
    1911.969      1011.491      0.58608      176.078      6.951664e-16       4.814456e-09       8.197625e-07      326.355      326.355
    1911.965      1012.200      0.58599      176.102      1.619783e-17       3.674709e-09       5.203691e-08      326.355      326.355
    1911.989      1010.757      0.58601      175.994      2.109407e-17       6.558204e-10       1.437512e-07      326.355      326.355
    1912.019      1009.272      0.58596      175.899      4.338104e-16       1.641965e-09       6.565950e-07      326.355      326.355
    1911.962      1012.173      0.58603      176.102      3.775278e-17       4.146206e-09       1.434537e-07      326.355      326.355
    1911.944      1012.248      0.58612      176.226      3.350228e-16       1.152772e-08       4.497414e-07      326.355      326.355
    1911.986      1011.187      0.58598      176.004      2.120979e-17       1.382265e-09       1.389282e-07      326.355      326.355
    1911.993      1010.416      0.58600      176.004      8.366259e-17       1.667640e-10       2.891968e-07      326.355      326.355
    1911.970      1011.734      0.58602      176.078      1.508774e-17       2.636229e-09       9.024961e-08      326.355      326.355
    1911.983      1011.905      0.58593      175.976      5.575610e-17       5.709771e-09       1.522735e-07      326.355      326.355
    1911.974      1011.252      0.58604      176.079      5.177316e-18       2.059502e-09       3.065957e-08      326.355      326.355
    1911.963      1011.784      0.58605      176.122      6.248765e-17       3.860908e-09       2.181650e-07      326.355      326.355
    1911.980      1011.336      0.58600      176.033      7.043577e-18       1.445196e-09       7.040648e-08      326.355      326.355
    1911.955      1012.504      0.58602      176.151      3.636404e-17       5.258916e-09       9.346390e-08      326.355      326.355
    1911.981      1011.194      0.58601      176.033      2.581572e-18       1.237930e-09       3.241349e-08      326.355      326.355
    1911.988      1010.558      0.58604      176.010      2.294772e-18       1.079554e-09       3.362291e-08      326.355      326.355
    1911.999      1009.737      0.58607      175.964      4.635830e-18       1.857102e-09       3.450293e-08      326.355      326.355
    1911.991      1010.436      0.58603      176.000      8.370962e-18       4.793118e-10       9.023000e-08      326.355      326.355
    1911.986      1010.760      0.58602      176.019      1.938280e-18       7.670172e-10       3.674987e-08      326.355      326.355
    1911.984      1010.545      0.58606      176.037      1.434550e-17       1.771926e-09       1.058722e-07      326.355      326.355
    1911.981      1011.139      0.58602      176.034      1.715127e-18       1.166605e-09       1.885524e-08      326.355      326.355
    1911.993      1010.574      0.58601      175.970      4.305264e-19       6.018847e-10       8.283927e-09      326.355      326.355
    1912.003      1010.235      0.58599      175.916      9.784169e-19       9.855176e-10       2.853642e-09      326.355      326.355
    1911.993      1010.322      0.58603      175.983      3.373858e-18       6.521384e-10       5.430469e-08      326.355      326.355
    1911.984      1010.976      0.58602      176.021      1.651793e-18       9.497756e-10       2.739748e-08      326.355      326.355
    1911.984      1011.166      0.58599      176.013      4.209336e-18       1.219130e-09       5.219717e-08      326.355      326.355
    1911.987      1010.710      0.58603      176.010      9.236881e-19       8.463680e-10       1.442448e-08      326.355      326.355
    1911.987      1010.939      0.58601      175.998      6.517011e-18       9.415978e-10       7.504193e-08      326.355      326.355
    1911.986      1010.805      0.58602      176.014      1.038144e-18       7.708935e-10       2.108226e-08      326.355      326.355
    1911.994      1010.394      0.58602      175.973      7.242951e-19       5.470147e-10       2.062448e-08      326.355      326.355
    1911.996      1010.265      0.58602      175.963      6.341038e-19       5.146905e-10       1.922141e-08      326.355      326.355
    1911.999      1010.166      0.58602      175.944      8.070278e-19       5.841926e-10       2.158907e-08      326.355      326.355
    1912.004      1009.990      0.58601      175.915      1.759055e-18       7.377530e-10       3.486144e-08      326.355      326.355
    1911.991      1010.530      0.58602      175.987      3.858179e-19       6.166725e-10       2.431709e-09      326.355      326.355
    1911.988      1010.715      0.58602      176.002      1.217352e-18       6.496948e-10       2.820764e-08      326.355      326.355
    1911.996      1010.304      0.58602      175.959      3.221443e-19       5.453646e-10       5.001917e-09      326.355      326.355
    1911.995      1010.443      0.58601      175.966      5.046967e-18       5.543497e-10       6.884744e-08      326.355      326.355
    1911.994      1010.406      0.58602      175.971      2.964133e-19       5.422794e-10       1.624918e-09      326.355      326.355
    1911.991      1010.641      0.58601      175.980      9.494352e-19       6.463297e-10       2.306753e-08      326.355      326.355
    1911.995      1010.359      0.58602      175.967      5.954043e-19       5.309890e-10       1.771262e-08      326.355      326.355
    1911.992      1010.547      0.58602      175.976      4.523171e-19       5.817452e-10       1.068775e-08      326.355      326.355
    1911.993      1010.500      0.58602      175.974      7.836961e-19       5.692660e-10       2.144659e-08      326.355      326.355
    1911.995      1010.355      0.58602      175.965      7.378821e-19       5.317745e-10       2.133965e-08      326.355      326.355
    1911.993      1010.468      0.58602      175.979      9.454076e-19       5.639344e-10       2.505401e-08      326.355      326.355
    1911.994      1010.490      0.58601      175.971      3.271591e-19       5.477767e-10       5.234486e-09      326.355      326.355
    1911.995      1010.383      0.58602      175.969      3.804114e-19       5.361249e-10       9.657585e-09      326.355      326.355
    1911.996      1010.349      0.58602      175.959      1.029555e-18       5.157468e-10       2.763740e-08      326.355      326.355
    1911.994      1010.438      0.58602      175.974      4.589432e-19       5.547157e-10       1.231022e-08      326.355      326.355
    1911.993      1010.503      0.58602      175.978      4.157424e-19       5.514521e-10       1.058051e-08      326.355      326.355
    1911.994      1010.453      0.58602      175.971      2.837479e-19       5.289794e-10       2.051448e-09      326.355      326.355
    1911.994      1010.460      0.58601      175.969      1.066312e-18       5.188266e-10       2.823828e-08      326.355      326.355
    1911.995      1010.362      0.58602      175.963      2.793079e-19       5.272290e-10       1.271009e-09      326.355      326.355
    1911.997      1010.291      0.58602      175.956      3.547187e-19       5.313516e-10       8.524463e-09      326.355      326.355
    1911.994      1010.473      0.58601      175.969      1.249033e-18       5.361053e-10       3.101470e-08      326.355      326.355
    1911.994      1010.405      0.58602      175.969      2.810208e-19       5.303674e-10       1.118415e-10      326.355      326.355
    1911.995      1010.323      0.58602      175.967      3.108672e-19       5.359828e-10       4.886398e-09      326.355      326.355
    1911.995      1010.365      0.58602      175.968      1.812771e-18       5.174134e-10       3.931058e-08      326.355      326.355
    1911.995      1010.384      0.58602      175.966      9.264563e-19       5.204145e-10       2.561046e-08      326.355      326.355
    1911.995      1010.407      0.58602      175.967      2.766178e-19       5.260721e-10       3.778095e-10      326.355      326.355
    1911.995      1010.384      0.58602      175.967      8.735112e-19       5.245674e-10       2.446662e-08      326.355      326.355
    1911.995      1010.426      0.58602      175.967      2.879919e-19       5.332307e-10       1.985262e-09      326.355      326.355
    1911.995      1010.406      0.58602      175.966      4.777305e-19       5.336023e-10       1.390266e-08      326.355      326.355
    1911.995      1010.417      0.58601      175.964      5.859637e-19       5.263826e-10       1.758301e-08      326.355      326.355
    1911.995      1010.409      0.58602      175.965      1.295638e-18       5.204995e-10       3.201545e-08      326.355      326.355
    1911.995      1010.385      0.58602      175.965      9.124717e-19       5.190107e-10       2.536472e-08      326.355      326.355
    1911.995      1010.417      0.58602      175.967      8.355124e-19       5.226819e-10       2.371896e-08      326.355      326.355
    1911.995      1010.407      0.58602      175.967      3.279920e-19       5.298139e-10       6.897093e-09      326.355      326.355
    1911.995      1010.396      0.58602      175.967      4.202873e-19       5.248094e-10       1.204731e-08      326.355      326.355
    1911.994      1010.429      0.58602      175.969      4.133008e-19       5.330521e-10       1.137719e-08      326.355      326.355
    1911.995      1010.403      0.58602      175.968      2.815204e-19       5.275582e-10       1.865760e-09      326.355      326.355
    1911.995      1010.427      0.58602      175.968      2.843376e-19       5.270338e-10       2.617396e-09      326.355      326.355
    1911.995      1010.393      0.58602      175.966      3.300023e-19       5.222123e-10       7.587446e-09      326.355      326.355
    1911.995      1010.402      0.58602      175.967      2.831513e-19       5.247145e-10       2.846288e-09      326.355      326.355
    1911.995      1010.413      0.58602      175.968      3.447978e-19       5.224030e-10       8.495047e-09      326.355      326.355
    1911.995      1010.408      0.58602      175.967      2.876219e-19       5.279401e-10       3.029830e-09      326.355      326.355
    1911.995      1010.411      0.58602      175.968      2.961765e-19       5.242316e-10       4.651072e-09      326.355      326.355
    1911.995      1010.409      0.58602      175.967      2.787135e-19       5.270010e-10       1.123011e-09      326.355      326.355
    1911.995      1010.384      0.58602      175.966      7.671678e-19       5.196804e-10       2.230180e-08      326.355      326.355
    1911.995      1010.416      0.58602      175.967      1.312441e-18       5.178846e-10       3.231881e-08      326.355      326.355
    1911.995      1010.408      0.58602      175.967      2.779722e-19       5.265353e-10       1.005041e-09      326.355      326.355
    1911.995      1010.405      0.58602      175.967      8.237332e-19       5.195324e-10       2.353910e-08      326.355      326.355
    1911.995      1010.405      0.58602      175.967      2.779904e-19       5.253843e-10       1.495918e-09      326.355      326.355
    1911.995      1010.417      0.58602      175.967      9.469450e-19       5.195921e-10       2.602382e-08      326.355      326.355
    1911.995      1010.396      0.58602      175.967      1.569083e-18       5.155245e-10       3.610517e-08      326.355      326.355
    1911.995      1010.412      0.58602      175.967      3.594376e-19       5.288627e-10       8.945477e-09      326.355      326.355
    1911.995      1010.411      0.58602      175.967      7.368267e-19       5.201657e-10       2.159919e-08      326.355      326.355
    1911.995      1010.410      0.58602      175.967      1.476397e-18       5.165340e-10       3.478299e-08      326.355      326.355
    1911.995      1010.408      0.58602      175.967      2.772056e-19       5.262969e-10       7.029157e-10      326.355      326.355
    1911.995      1010.406      0.58602      175.967      2.764245e-19       5.257266e-10       5.589008e-10      326.355      326.355
    1911.995      1010.410      0.58602      175.967      2.973259e-19       5.274619e-10       4.403182e-09      326.355      326.355
    1911.995      1010.406      0.58602      175.967      4.072289e-19       5.227933e-10       1.158402e-08      326.355      326.355
    1911.995      1010.409      0.58602      175.967      4.848248e-19       5.300024e-10       1.428997e-08      326.355      326.355
    1911.995      1010.407      0.58602      175.967      3.023252e-19       5.245864e-10       5.235405e-09      326.355      326.355
    1911.995      1010.408      0.58602      175.967      3.417767e-19       5.281955e-10       7.941355e-09      326.355      326.355
    1911.995      1010.407      0.58602      175.967      2.791100e-19       5.254860e-10       1.802945e-09      326.355      326.355
    1911.995      1010.405      0.58602      175.967      3.028982e-19       5.243435e-10       5.313847e-09      326.355      326.355
    1911.995      1010.408      0.58602      175.967      2.804779e-19       5.266803e-10       1.833893e-09      326.355      326.355
    1911.995      1010.406      0.58602      175.967      2.830397e-19       5.251151e-10       2.751299e-09      326.355      326.355
    1911.995      1010.408      0.58602      175.967      2.774012e-19       5.262800e-10       8.411089e-10      326.355      326.355
    1911.995      1010.407      0.58602      175.967      2.833076e-19       5.266999e-10       2.484412e-09      326.355      326.355
    1911.995      1010.407      0.58602      175.967      2.771406e-19       5.257847e-10       9.835919e-10      326.355      326.355
    1911.995      1010.407      0.58602      175.967      2.778006e-19       5.256583e-10       1.326777e-09      326.355      326.355
    1911.995      1010.407      0.58602      175.967      2.765609e-19       5.261331e-10       1.473855e-10      326.355      326.355
    1911.995      1010.406      0.58602      175.967      2.763989e-19       5.255548e-10       6.836117e-10      326.355      326.355
    1911.995      1010.406      0.58602      175.967      2.782295e-19       5.251857e-10       1.638707e-09      326.355      326.355
    1911.995      1010.406      0.58602      175.967      2.765005e-19       5.259464e-10       3.968073e-10      326.355      326.355
    1911.995      1010.406      0.58602      175.967      2.765203e-19       5.256119e-10       7.271226e-10      326.355      326.355
    1911.995      1010.405      0.58602      175.967      2.771232e-19       5.252929e-10       1.210952e-09      326.355      326.355
    1911.995      1010.407      0.58602      175.967      2.763201e-19       5.259211e-10       6.128303e-11      326.355      326.355
    1911.995      1010.407      0.58602      175.967      2.764437e-19       5.259629e-10       2.886428e-10      326.355      326.355
    1911.995      1010.407      0.58602      175.967      2.773668e-19       5.256344e-10       1.162538e-09      326.355      326.355
    1911.995      1010.406      0.58602      175.967      2.763296e-19       5.258704e-10       2.576950e-10      326.355      326.355
    1911.995      1010.406      0.58602      175.967      2.770588e-19       5.255751e-10       1.051616e-09      326.355      326.355
    1911.995      1010.407      0.58602      175.967      2.763537e-19       5.258638e-10       3.122368e-10      326.355      326.355
    1911.995      1010.407      0.58602      175.967      2.762771e-19       5.258764e-10       8.732837e-11      326.355      326.355
    1911.995      1010.408      0.58602      175.967      2.763690e-19       5.259551e-10       1.299198e-10      326.355      326.355
    1911.995      1010.407      0.58602      175.967      2.773402e-19       5.262048e-10       8.518333e-10      326.355      326.355
    1911.995      1010.407      0.58602      175.967      2.762767e-19       5.257128e-10       4.231590e-10      326.355      326.355
    1911.995      1010.407      0.58602      175.967      2.762409e-19       5.258296e-10       1.437085e-10      326.355      326.355
    1911.995      1010.407      0.58602      175.967      2.762042e-19       5.258009e-10       1.185826e-10      326.355      326.355
    1911.995      1010.407      0.58602      175.967      2.763104e-19       5.257947e-10       3.560541e-10      326.355      326.355
    1911.995      1010.407      0.58602      175.967      2.762572e-19       5.256781e-10       4.427696e-10      326.355      326.355
    1911.995      1010.407      0.58602      175.967      2.761378e-19       5.257468e-10       6.679833e-11      326.355      326.355
    1911.995      1010.406      0.58602      175.967      2.761857e-19       5.257326e-10       2.595334e-10      326.355      326.355
