 [Q11, Q12, Q22, Q66]  O.F.1  IT_1 IT_Force Force_Exp Force_FEMU 
     2335.68       1012.22       987.05       211.20      6.201412e-03       7.823351e-02       2.950434e-01      326.355      230.066
     7578.68       1012.22       987.05       211.20      1.083922e-02       7.055804e-02       2.421933e+00      326.355     1116.765
     2335.68       4916.85       987.05       211.20      1.083922e-02       7.055804e-02       2.421933e+00      326.355     1116.765
     2335.68       1012.22      4859.54       211.20      3.170347e-03       5.624440e-02       1.003895e-01      326.355      359.117
     2335.68       1012.22       987.05      2730.27      1.427994e-02       1.192581e-01       2.676889e-01      326.355      238.993
     4600.23       2607.37      2566.19       551.13      7.205868e-03       8.489030e-02       8.192205e-02      326.355      353.091
     6002.89          8.39      3625.50        21.13      3.401259e-02       1.722880e-01       2.087849e+00      326.355     1007.735
     3098.72       2857.61      1493.78        96.15      3.401259e-02       1.722880e-01       2.087849e+00      326.355     1007.735
     2335.68       1012.22      2566.19       211.20      2.023958e-04       1.423134e-02       8.192606e-03      326.355      329.029
     3376.23       1718.74      3625.50        21.13      6.211670e-04       2.271577e-02       3.250797e-01      326.355      432.446
     4600.23       1012.22      2566.19       211.20      1.611036e-03       1.495405e-02       1.177980e+00      326.355      710.794
     2335.68       2607.37      2566.19       211.20      1.611036e-03       1.495405e-02       1.177980e+00      326.355      710.794
     3965.58       2140.49      1313.39        26.08      1.611036e-03       1.495405e-02       1.177980e+00      326.355      710.794
     3519.29       1819.93      1994.65        55.49      2.581815e-03       5.083372e-02       1.821565e-02      326.355      320.410
     2832.75       1342.54      3073.74        26.08      4.530579e-04       2.066517e-02       1.625913e-01      326.355      379.417
     3376.23       1012.22      2566.19       211.20      5.042295e-04       1.436731e-02       5.459088e-01      326.355      504.515
     2335.68       1718.74      2566.19       211.20      1.593586e-04       4.975217e-03       3.669204e-01      326.355      206.609
     2335.68       1012.22      3625.50       211.20      1.358173e-03       3.681457e-02       6.493160e-02      326.355      347.546
     3098.72       1524.92      1888.80        96.15      4.867719e-04       2.206989e-02       1.338371e-02      326.355      321.987
     1993.64       1819.93      2446.27        55.49      6.245627e-04       1.386124e-02       6.577393e-01      326.355      111.698
     2997.62       1192.35      2535.95       162.79      1.047819e-04       5.683395e-03       2.692827e-01      326.355      414.237
     2175.63       1100.46      3607.60       186.21      9.650522e-04       3.104863e-02       4.470491e-02      326.355      311.765
     2853.11       1412.42      2268.07       115.88      4.455135e-06       1.803058e-03       3.474717e-02      326.355      337.695
     2419.68       1300.09      1952.97       450.47      8.254844e-05       7.315333e-03       1.705516e-01      326.355      270.695
     2971.56       1848.09      2093.88       228.18      1.613091e-03       3.924781e-02       2.724725e-01      326.355      237.432
     2487.67       1198.06      2443.72       215.38      1.328160e-05       3.641410e-03       5.915501e-03      326.355      324.424
     3056.27        895.37      2038.15       230.35      2.156357e-04       8.203217e-03       3.852405e-01      326.355      452.080
     2507.00       1488.29      2428.62       215.91      2.550638e-05       9.301145e-04       1.569781e-01      326.355      275.124
     2163.90       1511.94      2016.57       321.12      5.118931e-04       1.782112e-02       4.411557e-01      326.355      182.382
     2776.83       1268.74      2400.66       197.37      1.235604e-05       1.381547e-03       1.022217e-01      326.355      359.715
     2898.38       1379.41      2858.53        34.73      1.984501e-04       1.318199e-02       1.576673e-01      326.355      377.810
     2535.41       1319.70      2163.60       302.22      9.457112e-06       1.484341e-03       8.518244e-02      326.355      298.555
     2819.59       1121.64      2209.34       188.84      3.668332e-05       2.481809e-03       1.747287e-01      326.355      383.378
     2583.47       1391.84      2372.85       208.97      4.952998e-06       3.059042e-04       6.971022e-02      326.355      303.605
     2890.97       1505.75      2161.23       186.31      2.927051e-05       5.352051e-03       2.558717e-02      326.355      318.004
     2585.73       1271.73      2371.51       207.92      1.172189e-06       1.081512e-03       1.921232e-03      326.355      325.728
     2502.68       1430.32      2188.15       209.16      3.522877e-05       2.543598e-03       1.696035e-01      326.355      271.004
     2707.00       1308.24      2346.63       200.28      1.587269e-06       4.450222e-04       3.727496e-02      326.355      338.520
     2831.02       1371.42      2522.26        90.54      1.607561e-05       2.893466e-03       8.781709e-02      326.355      355.014
     2607.82       1332.54      2250.75       237.65      1.929698e-06       4.123577e-04       4.195032e-02      326.355      312.664
     2793.36       1271.00      2245.93       166.91      7.614138e-06       4.324528e-04       8.618184e-02      326.355      354.481
     2635.20       1361.12      2340.80       198.01      9.955768e-07       2.233482e-04       3.075292e-02      326.355      316.319
     2422.93       1227.20      2387.08       333.71      1.352674e-05       3.183627e-03       5.832147e-02      326.355      307.321
     2742.36       1364.91      2297.54       159.75      3.488249e-07       3.979499e-04       1.380649e-02      326.355      330.861
     2727.29       1319.91      2429.01       149.47      3.993120e-06       1.154074e-03       5.160006e-02      326.355      343.195
     2637.45       1329.38      2294.69       213.69      3.891161e-07       2.346589e-04       1.827858e-02      326.355      320.390
     2593.37       1355.01      2305.52       188.29      3.087581e-06       2.377623e-04       5.505548e-02      326.355      308.387
     2678.37       1319.86      2336.32       197.25      3.099261e-07       3.237048e-04       1.432641e-02      326.355      331.030
     2762.03       1417.72      2263.68       176.02      1.135166e-06       9.777792e-04       1.341901e-02      326.355      321.976
     2717.42       1380.49      2290.41       183.74      2.067781e-07       3.646767e-04       8.597788e-03      326.355      323.549
     2752.94       1336.03      2268.88       178.40      1.089408e-06       2.317501e-04       3.218312e-02      326.355      336.858
     2664.40       1354.83      2322.72       193.01      2.715315e-07       2.068744e-04       1.512539e-02      326.355      321.419
     2764.38       1380.72      2328.79       154.95      6.455307e-07       4.526173e-04       2.099698e-02      326.355      333.207
     2668.91       1342.12      2303.19       198.12      1.104280e-07       1.970880e-04       8.463048e-03      326.355      323.593
     2622.76       1333.65      2328.76       229.38      6.207623e-07       3.453121e-04       2.239735e-02      326.355      319.045
     2712.22       1357.06      2305.33       175.97      8.651929e-08       2.519188e-04       4.808292e-03      326.355      327.924
     2703.03       1397.88      2274.68       178.22      1.267661e-06       6.252686e-04       2.961573e-02      326.355      316.690
     2684.52       1339.15      2320.83       192.40      6.085389e-08       2.121127e-04       3.988368e-03      326.355      327.657
     2727.24       1354.49      2287.21       182.00      1.862404e-07       2.428229e-04       1.128434e-02      326.355      330.038
     2679.00       1316.28      2317.88       190.33      2.673205e-07       2.887411e-04       1.356586e-02      326.355      330.782
     2707.79       1364.30      2297.26       185.38      7.116835e-08       2.526406e-04       2.721198e-03      326.355      325.467
     2659.63       1346.79      2326.17       193.85      1.979984e-07       2.119576e-04       1.237406e-02      326.355      322.317
     2710.26       1352.57      2296.92       184.92      7.631984e-08       2.181021e-04       5.366460e-03      326.355      328.106
     2738.68       1364.43      2306.96       171.61      2.896967e-07       2.923146e-04       1.429456e-02      326.355      331.020
     2686.27       1347.68      2304.13       191.31      4.715517e-08       1.986798e-04       2.778669e-03      326.355      325.448
     2682.22       1344.77      2304.23       201.44      4.593149e-08       1.951288e-04       2.809683e-03      326.355      325.438
     2667.28       1338.65      2303.67       214.82      9.389902e-08       2.229917e-04       6.650070e-03      326.355      324.185
     2670.19       1345.36      2316.32       200.41      9.632658e-08       2.024664e-04       7.441433e-03      326.355      323.926
     2700.22       1350.76      2301.76       188.74      4.639295e-08       2.042908e-04       2.167937e-03      326.355      327.062
     2668.88       1327.01      2318.22       201.68      6.465039e-08       2.394476e-04       2.715245e-03      326.355      327.241
     2678.59       1336.28      2312.98       197.54      4.401882e-08       2.046530e-04       1.475753e-03      326.355      326.837
     2689.11       1350.60      2290.76       197.06      6.869814e-08       2.087509e-04       5.016449e-03      326.355      324.718
     2685.67       1342.01      2313.30       193.56      4.262131e-08       1.988251e-04       1.769020e-03      326.355      326.932
     2687.06       1339.23      2311.99       199.31      5.559657e-08       1.973682e-04       4.084276e-03      326.355      327.688
     2686.47       1345.57      2306.10       193.30      3.916311e-08       1.951689e-04       1.053702e-03      326.355      326.011
     2666.30       1333.58      2316.55       204.30      5.542636e-08       2.215032e-04       2.532142e-03      326.355      325.529
     2691.72       1346.46      2305.45       192.57      3.904567e-08       1.950497e-04       1.019479e-03      326.355      326.688
     2689.00       1340.38      2314.69       187.17      6.393764e-08       2.108071e-04       4.420682e-03      326.355      327.798
     2683.91       1343.67      2306.84       197.82      3.838504e-08       1.934600e-04       9.978512e-04      326.355      326.029
     2695.31       1352.59      2302.87       191.10      4.293070e-08       2.039940e-04       1.165665e-03      326.355      325.974
     2691.13       1348.51      2305.39       192.70      3.885549e-08       1.966273e-04       4.815212e-04      326.355      326.198
     2690.94       1350.10      2298.61       194.62      4.664219e-08       2.004016e-04       2.553733e-03      326.355      325.521
     2686.99       1344.03      2309.62       193.83      3.857801e-08       1.952606e-04       6.996076e-04      326.355      326.583
     2690.40       1345.76      2307.55       195.15      3.864605e-08       1.931239e-04       1.177498e-03      326.355      326.739
     2684.50       1344.53      2309.25       197.18      3.832991e-08       1.941579e-04       8.187269e-04      326.355      326.088
     2680.89       1343.57      2311.15       199.51      4.148913e-08       1.962145e-04       1.739972e-03      326.355      325.787
     2681.78       1340.50      2311.24       199.31      3.914071e-08       1.973197e-04       4.945685e-04      326.355      326.516
     2688.79       1346.50      2306.86       194.34      3.776829e-08       1.943005e-04       2.309675e-04      326.355      326.280
     2681.69       1343.60      2308.73       196.43      4.138676e-08       1.949436e-04       1.849796e-03      326.355      325.751
     2688.23       1345.22      2307.85       195.47      3.754981e-08       1.934177e-04       4.204786e-04      326.355      326.492
     2685.72       1345.94      2305.78       198.59      3.974554e-08       1.936239e-04       1.514208e-03      326.355      325.861
     2686.67       1344.51      2308.66       195.01      3.768467e-08       1.941670e-04       1.468114e-04      326.355      326.403
     2690.18       1346.71      2309.47       193.20      3.866026e-08       1.952568e-04       7.570889e-04      326.355      326.602
     2685.48       1344.43      2307.50       196.66      3.770721e-08       1.934740e-04       5.589656e-04      326.355      326.172
     2690.09       1345.80      2306.18       193.57      3.816983e-08       1.941836e-04       7.073085e-04      326.355      326.586
     2688.69       1345.48      2306.95       194.47      3.762940e-08       1.938056e-04       3.260952e-04      326.355      326.461
     2685.74       1343.32      2308.62       196.46      3.766320e-08       1.937629e-04       3.958559e-04      326.355      326.484
     2689.19       1344.84      2308.54       194.05      3.911744e-08       1.941760e-04       1.204499e-03      326.355      326.748
     2686.41       1344.53      2307.76       196.01      3.742202e-08       1.935084e-04       1.182201e-04      326.355      326.316
     2687.86       1344.77      2306.93       196.19      3.730817e-08       1.929029e-04       3.658449e-04      326.355      326.474
     2688.45       1344.91      2306.06       196.78      3.722647e-08       1.924516e-04       4.752621e-04      326.355      326.510
     2690.14       1346.75      2305.69       194.90      3.752002e-08       1.937374e-04       1.528983e-04      326.355      326.405
     2687.93       1345.23      2306.73       197.12      3.713079e-08       1.927392e-04       1.398062e-04      326.355      326.401
     2687.54       1345.10      2306.62       198.45      3.709011e-08       1.926787e-04       4.645912e-05      326.355      326.370
     2688.05       1345.42      2305.21       197.59      3.707299e-08       1.925876e-04       1.417563e-04      326.355      326.309
     2687.96       1345.52      2303.90       198.66      3.726479e-08       1.926728e-04       4.232231e-04      326.355      326.217
     2685.08       1343.23      2307.14       199.52      3.731653e-08       1.932700e-04       2.467976e-05      326.355      326.347
     2688.16       1344.80      2304.76       200.18      3.709564e-08       1.924706e-04       2.962336e-04      326.355      326.452
     2691.02       1346.89      2304.19       196.97      3.729511e-08       1.928807e-04       3.596449e-04      326.355      326.472
     2689.54       1345.97      2304.93       197.61      3.707633e-08       1.924662e-04       2.648032e-04      326.355      326.441
     2688.19       1345.73      2304.70       200.14      3.727887e-08       1.930216e-04       2.424666e-04      326.355      326.276
     2688.39       1345.12      2305.72       197.62      3.705318e-08       1.923606e-04       2.959532e-04      326.355      326.451
     2688.60       1346.01      2306.48       195.47      3.737981e-08       1.934248e-04       6.369460e-05      326.355      326.334
     2688.27       1345.10      2305.19       198.99      3.700626e-08       1.923556e-04       2.063583e-04      326.355      326.422
     2689.58       1345.71      2303.91       197.46      3.702415e-08       1.923289e-04       2.659308e-04      326.355      326.442
     2687.61       1344.70      2305.09       198.22      3.695033e-08       1.923148e-04       4.841812e-05      326.355      326.371
     2686.64       1344.07      2305.17       198.53      3.697297e-08       1.923704e-04       6.012193e-05      326.355      326.335
     2688.87       1344.89      2304.74       198.55      3.712702e-08       1.919924e-04       5.502801e-04      326.355      326.534
     2688.25       1345.29      2305.10       197.83      3.699157e-08       1.924256e-04       3.124376e-05      326.355      326.365
     2688.46       1345.28      2303.92       198.64      3.696000e-08       1.923450e-04       1.988241e-05      326.355      326.348
     2686.72       1344.48      2305.74       199.38      3.710992e-08       1.926896e-04       1.333356e-04      326.355      326.311
     2688.86       1345.40      2304.36       197.94      3.696341e-08       1.922829e-04       1.663063e-04      326.355      326.409
     2688.32       1345.24      2304.04       197.32      3.699254e-08       1.924080e-04       9.337838e-05      326.355      326.324
     2688.31       1345.20      2304.33       197.74      3.695954e-08       1.923439e-04       1.841312e-05      326.355      326.349
     2688.37       1345.00      2303.76       198.44      3.690181e-08       1.921861e-04       5.702323e-05      326.355      326.373
     2688.42       1344.86      2303.09       198.74      3.687242e-08       1.921053e-04       6.992319e-05      326.355      326.378
     2687.54       1344.62      2303.85       198.73      3.693560e-08       1.922410e-04       1.262435e-04      326.355      326.314
     2687.47       1344.41      2304.26       198.08      3.688450e-08       1.921494e-04       6.717620e-06      326.355      326.357
     2687.21       1344.10      2303.81       199.15      3.687155e-08       1.921149e-04       1.770294e-05      326.355      326.361
     2686.66       1343.54      2303.55       199.85      3.689087e-08       1.921628e-04       3.544077e-05      326.355      326.366
     2687.72       1344.29      2302.41       199.13      3.683891e-08       1.920199e-04       6.435908e-05      326.355      326.334
     2687.78       1344.09      2301.08       199.58      3.684398e-08       1.920058e-04       1.208473e-04      326.355      326.315
     2687.88       1344.21      2302.94       198.82      3.679999e-08       1.918771e-04       1.413167e-04      326.355      326.401
     2688.04       1344.00      2302.48       198.86      3.678662e-08       1.916968e-04       2.751309e-04      326.355      326.445
     2688.22       1344.21      2301.64       199.86      3.684194e-08       1.919857e-04       1.424824e-04      326.355      326.401
     2687.18       1343.44      2302.08       199.75      3.676759e-08       1.918100e-04       1.153875e-04      326.355      326.393
     2686.55       1342.73      2301.58       200.26      3.675779e-08       1.917695e-04       1.379217e-04      326.355      326.400
     2688.06       1343.52      2300.25       199.91      3.673844e-08       1.916330e-04       2.279873e-04      326.355      326.429
     2688.48       1343.24      2298.46       200.29      3.676759e-08       1.915553e-04       3.329317e-04      326.355      326.464
     2686.96       1343.06      2301.72       199.22      3.667227e-08       1.915403e-04       1.458321e-04      326.355      326.402
     2686.33       1342.49      2301.76       198.90      3.662928e-08       1.914268e-04       1.473068e-04      326.355      326.403
     2686.77       1342.08      2300.62       199.83      3.671737e-08       1.911646e-04       4.582800e-04      326.355      326.504
     2685.81       1341.41      2299.63       200.59      3.661848e-08       1.913394e-04       2.105078e-04      326.355      326.424
     2684.70       1340.12      2298.20       201.46      3.663372e-08       1.914127e-04       1.776422e-04      326.355      326.413
     2686.94       1342.02      2299.55       199.35      3.655474e-08       1.909016e-04       3.843800e-04      326.355      326.480
     2687.13       1341.66      2298.53       198.90      3.652488e-08       1.905348e-04       5.076320e-04      326.355      326.521
     2684.97       1340.29      2300.03       199.20      3.658493e-08       1.908774e-04       4.326341e-04      326.355      326.496
     2685.35       1340.85      2299.35       198.96      3.639706e-08       1.907799e-04       1.910287e-04      326.355      326.417
     2684.63       1340.23      2298.72       198.52      3.631153e-08       1.906426e-04       5.727190e-05      326.355      326.374
     2684.94       1339.31      2296.69       199.71      3.631018e-08       1.900991e-04       4.567597e-04      326.355      326.504
     2684.24       1337.73      2294.15       200.12      3.624180e-08       1.894845e-04       6.109912e-04      326.355      326.554
     2684.67       1338.55      2296.09       197.79      3.627929e-08       1.896380e-04       5.938610e-04      326.355      326.549
     2685.37       1338.79      2293.72       198.46      3.599242e-08       1.892710e-04       4.524707e-04      326.355      326.503
     2685.57       1338.04      2290.57       198.09      3.580654e-08       1.887558e-04       4.619536e-04      326.355      326.506
     2682.43       1335.62      2291.23       198.36      3.563758e-08       1.885422e-04       3.534961e-04      326.355      326.470
     2680.09       1332.60      2287.59       198.09      3.529065e-08       1.877514e-04       2.744335e-04      326.355      326.444
     2682.65       1333.22      2285.49       198.51      3.568220e-08       1.867685e-04       9.135625e-04      326.355      326.653
     2681.61       1332.25      2282.82       199.62      3.507919e-08       1.866150e-04       5.374573e-04      326.355      326.530
     2680.08       1329.11      2276.20       200.54      3.462701e-08       1.854806e-04       5.083110e-04      326.355      326.521
     2679.95       1328.76      2275.78       197.49      3.430951e-08       1.847271e-04       4.685327e-04      326.355      326.508
     2677.81       1324.29      2266.63       196.19      3.356350e-08       1.828678e-04       3.953444e-04      326.355      326.484
     2674.75       1321.59      2267.40       198.57      3.356102e-08       1.823789e-04       5.763722e-04      326.355      326.543
     2669.34       1313.41      2255.85       198.81      3.268414e-08       1.798082e-04       6.208686e-04      326.355      326.558
     2671.01       1316.48      2257.66       198.29      3.243858e-08       1.801968e-04       1.278618e-05      326.355      326.351
     2665.19       1308.15      2243.81       198.18      3.152286e-08       1.769746e-04       4.839128e-04      326.355      326.197
     2666.13       1304.92      2233.78       198.77      3.047595e-08       1.744940e-04       2.413526e-04      326.355      326.434
     2659.16       1291.19      2207.11       199.11      2.851438e-08       1.688213e-04       2.055263e-04      326.355      326.422
     2655.69       1289.50      2210.62       195.62      2.834570e-08       1.683686e-04       1.614141e-04      326.355      326.302
     2643.54       1269.92      2178.18       193.18      2.624201e-08       1.611482e-04       5.470238e-04      326.355      326.176
     2640.85       1267.25      2176.10       198.44      2.609564e-08       1.606676e-04       5.544087e-04      326.355      326.174
     2622.46       1239.19      2131.51       199.58      2.449915e-08       1.523227e-04       1.148972e-03      326.355      325.980
     2625.87       1241.07      2125.03       196.20      2.450305e-08       1.478245e-04       1.634876e-03      326.355      325.821
     2610.42       1213.24      2078.40       195.84      2.000180e-08       1.361228e-04       1.221034e-03      326.355      325.956
     2583.24       1167.10      1998.02       194.67      1.724999e-08       1.172377e-04       1.875913e-03      326.355      325.743
     2578.61       1168.38      2010.46       192.72      2.454094e-08       1.233999e-04       3.054282e-03      326.355      325.358
     2561.78       1139.17      1956.33       198.40      2.551149e-08       1.126087e-04       3.583777e-03      326.355      325.185
     2582.10       1171.20      2010.70       197.09      2.214190e-08       1.224545e-04       2.676151e-03      326.355      325.482
     2628.26       1240.92      2122.00       201.09      2.284462e-08       1.498533e-04       6.411358e-04      326.355      326.146
     2582.17       1168.17      2006.03       200.00      1.770035e-08       1.235742e-04       1.563663e-03      326.355      325.845
     2565.50       1135.23      1938.49       196.84      1.681643e-08       1.063797e-04       2.347574e-03      326.355      325.589
     2537.25       1084.94      1845.35       195.48      1.889419e-08       9.053961e-05       3.271845e-03      326.355      325.287
     2528.70       1082.51      1858.68       193.24      2.542601e-08       8.837532e-05       4.198049e-03      326.355      324.985
     2603.20       1200.31      2054.57       199.11      1.921220e-08       1.324757e-04       1.296124e-03      326.355      325.932
     2584.92       1163.99      1987.47       198.21      1.446612e-08       1.175074e-04       8.197182e-04      326.355      326.087
     2586.33       1160.39      1975.91       198.77      1.394017e-08       1.180804e-04       1.054866e-04      326.355      326.389
     2555.52       1115.82      1905.86       196.03      1.248679e-08       9.811345e-05       1.694157e-03      326.355      325.802
     2531.84       1074.71      1833.56       194.49      1.144498e-08       8.285688e-05       2.141630e-03      326.355      325.656
     2551.25       1100.47      1867.16       192.41      1.179165e-08       9.740479e-05       1.521000e-03      326.355      325.859
     2534.25       1068.89      1810.97       196.58      9.837186e-09       9.197458e-05       1.177422e-03      326.355      325.971
     2509.93       1021.39      1720.83       197.53      1.035241e-08       9.518905e-05       1.140401e-03      326.355      325.983
     2536.28       1066.95      1805.44       194.28      8.348144e-09       9.141378e-05       4.544601e-06      326.355      326.356
     2521.73       1033.59      1740.65       193.01      9.857795e-09       9.389318e-05       1.025028e-03      326.355      326.689
     2490.91        998.06      1688.06       190.15      1.441855e-08       6.801759e-05       3.129981e-03      326.355      325.333
     2562.31       1118.68      1901.86       196.60      1.076907e-08       1.027682e-04       4.672462e-04      326.355      326.202
     2531.08       1064.10      1808.59       198.58      7.624254e-09       8.657769e-05       3.688543e-04      326.355      326.235
     2521.03       1046.14      1779.65       201.71      7.269218e-09       8.518641e-05       1.405391e-04      326.355      326.401
     2545.06       1075.29      1814.86       200.09      1.388787e-08       1.084324e-04       1.463573e-03      326.355      326.833
     2535.14       1074.86      1828.87       195.89      8.890365e-09       8.582803e-05       1.237449e-03      326.355      325.951
     2501.21       1011.03      1712.95       197.61      6.547031e-09       7.519382e-05       9.479321e-04      326.355      326.046
     2470.94        959.24      1622.13       198.11      7.295522e-09       6.794218e-05       1.638291e-03      326.355      325.820
     2512.56       1030.48      1752.20       198.15      5.587377e-09       7.458981e-05       1.711754e-04      326.355      326.411
     2501.75       1011.54      1723.16       198.93      5.233817e-09       6.823553e-05       7.631421e-04      326.355      326.604
     2495.03        993.49      1682.80       200.37      6.873771e-09       7.513636e-05       1.110831e-03      326.355      326.717
     2473.41        965.24      1645.32       205.10      5.318117e-09       7.267946e-05       2.027184e-04      326.355      326.421
     2464.80        945.60      1604.43       199.28      3.491766e-09       5.881961e-05       1.883602e-04      326.355      326.416
     2436.92        897.21      1520.17       198.07      2.596152e-09       5.048858e-05       2.227202e-04      326.355      326.282
     2461.53        948.15      1616.34       199.46      4.056508e-09       5.493120e-05       1.020827e-03      326.355      326.022
     2435.70        900.74      1540.21       203.17      3.422691e-09       5.607024e-05       5.310017e-04      326.355      326.528
     2444.44        912.83      1553.34       194.78      1.522334e-09       3.903518e-05       1.060042e-05      326.355      326.358
     2430.02        887.17      1508.33       189.72      8.052850e-10       2.761490e-05       2.084824e-04      326.355      326.287
     2381.04        810.33      1378.28       196.22      7.149492e-09       3.346819e-05       2.455706e-03      326.355      325.553
     2471.30        959.16      1633.39       198.25      3.159018e-09       5.441413e-05       4.484213e-04      326.355      326.501
     2425.45        874.31      1485.32       195.10      2.704504e-09       3.478618e-05       1.222962e-03      326.355      326.754
     2446.09        907.62      1532.38       187.53      2.001687e-09       4.434034e-05       1.938749e-04      326.355      326.418
     2398.20        826.36      1394.27       186.99      1.172891e-09       3.113192e-05       4.523979e-04      326.355      326.207
     2430.10        884.31      1491.23       186.06      3.890078e-09       4.232430e-05       1.449318e-03      326.355      325.882
     2426.61        876.81      1486.80       192.82      1.472172e-09       3.403063e-05       5.614681e-04      326.355      326.538
     2413.51        851.55      1440.32       180.65      7.238309e-10       2.491218e-05       3.222343e-04      326.355      326.460
     2401.85        829.16      1401.19       172.23      1.137241e-09       2.998427e-05       4.889614e-04      326.355      326.514
     2388.22        814.26      1383.69       187.51      3.604309e-10       1.498664e-05       3.688577e-04      326.355      326.235
     2359.54        769.47      1312.16       187.50      1.500678e-09       1.052472e-05       1.178991e-03      326.355      325.970
     2388.39        813.01      1376.73       179.70      1.123895e-09       1.537241e-05       9.422421e-04      326.355      326.047
     2411.82        856.21      1459.68       181.76      2.269993e-10       1.503126e-05       3.586614e-05      326.355      326.343
     2418.64        871.34      1492.94       179.17      4.730592e-10       2.130952e-05       1.393474e-04      326.355      326.400
     2433.46        892.11      1520.36       190.15      1.210877e-09       2.672491e-05       7.052449e-04      326.355      326.585
     2399.62        832.44      1411.98       182.28      4.568076e-10       1.569600e-05       4.590095e-04      326.355      326.205
     2376.68        791.26      1341.63       176.48      2.238041e-10       1.044626e-05       3.388051e-04      326.355      326.244
     2350.22        745.34      1261.89       170.04      9.551722e-10       1.314445e-05       8.846290e-04      326.355      326.066
     2374.70        795.67      1358.12       183.34      1.038255e-09       6.316845e-06       9.991958e-04      326.355      326.029
     2403.78        837.40      1419.55       181.32      3.038830e-10       1.737085e-05       4.937802e-05      326.355      326.371
     2390.60        816.80      1389.67       181.21      1.150753e-10       9.075904e-06       1.810680e-04      326.355      326.414
     2386.10        809.04      1378.58       180.67      2.784498e-10       6.869555e-06       4.809430e-04      326.355      326.512
     2403.19        836.30      1421.03       173.01      5.434321e-10       2.044476e-05       3.547699e-04      326.355      326.471
     2391.96        819.74      1392.98       183.83      1.721988e-10       1.183780e-05       1.794590e-04      326.355      326.296
     2381.74        804.45      1372.01       180.30      8.501519e-11       6.016592e-06       2.210249e-04      326.355      326.283
     2370.76        788.22      1348.54       179.80      2.158570e-10       4.735929e-06       4.398300e-04      326.355      326.211
     2358.81        761.22      1290.87       179.14      3.409742e-10       6.906937e-06       5.415866e-04      326.355      326.178
     2398.51        831.95      1416.52       181.10      1.227711e-10       1.100015e-05       4.346094e-05      326.355      326.341
     2404.76        845.60      1444.82       186.81      2.446028e-10       1.505799e-05       1.344864e-04      326.355      326.399
     2383.68        804.67      1367.07       179.04      1.116100e-10       8.759064e-06       1.869907e-04      326.355      326.294
     2385.30        809.13      1379.53       177.03      6.225326e-11       7.689458e-06       5.643245e-05      326.355      326.373
     2381.98        803.86      1372.83       173.67      1.255790e-10       9.945744e-06       1.635852e-04      326.355      326.408
     2372.19        785.90      1338.15       177.69      3.407443e-11       4.487599e-06       1.181356e-04      326.355      326.316
     2359.08        763.36      1299.78       175.99      8.335319e-11       2.567539e-06       2.770695e-04      326.355      326.264
     2370.87        785.38      1338.86       175.83      2.194503e-10       4.752022e-06       4.437242e-04      326.355      326.210
     2385.66        808.89      1376.88       179.86      5.731079e-11       7.467213e-06       4.009090e-05      326.355      326.368
     2378.75        799.46      1366.11       178.40      3.735327e-11       5.651158e-06       7.382153e-05      326.355      326.379
     2379.20        797.19      1358.24       176.19      1.092078e-10       6.470678e-06       2.595765e-04      326.355      326.440
     2381.11        802.63      1368.56       179.27      4.396252e-11       5.828812e-06       1.001072e-04      326.355      326.322
     2373.55        789.32      1345.34       180.59      3.219997e-11       4.418128e-06       1.126927e-04      326.355      326.318
     2367.69        779.50      1328.41       182.38      6.914309e-11       4.532421e-06       2.205012e-04      326.355      326.283
     2367.16        779.86      1332.32       178.11      5.108496e-11       3.199784e-06       2.021301e-04      326.355      326.289
     2371.77        787.07      1343.39       178.55      3.045295e-11       3.800513e-06       1.265839e-04      326.355      326.314
     2367.04        778.31      1328.04       178.33      1.204882e-11       2.853264e-06       6.257676e-05      326.355      326.334
     2360.02        766.29      1308.01       177.87      9.663071e-12       1.782105e-06       8.056271e-05      326.355      326.329
     2360.02        764.97      1301.63       178.94      1.088302e-10       2.907288e-06       3.168380e-04      326.355      326.251
     2374.06        790.76      1349.85       178.53      1.811845e-11       4.248997e-06       9.084350e-06      326.355      326.352
     2367.51        780.77      1335.05       180.08      1.465387e-11       3.676246e-06       3.395001e-05      326.355      326.344
     2363.13        773.12      1322.76       176.94      1.228303e-11       3.481587e-06       1.317996e-05      326.355      326.351
     2360.59        768.40      1314.43       178.16      1.005691e-11       2.654998e-06       5.490849e-05      326.355      326.373
     2351.58        753.73      1290.57       177.98      1.293281e-11       2.353821e-06       8.601092e-05      326.355      326.327
     2350.16        750.12      1283.04       175.41      6.661891e-12       1.837415e-06       5.735132e-05      326.355      326.336
     2341.50        735.03      1257.41       173.09      2.131261e-11       2.295798e-06       1.266775e-04      326.355      326.314
     2365.37        775.27      1323.57       176.20      1.063315e-11       3.153340e-06       2.644889e-05      326.355      326.364
     2354.93        756.91      1291.77       176.87      1.430987e-12       1.168232e-06       8.221082e-06      326.355      326.352
     2350.84        748.88      1276.41       176.84      1.085785e-12       8.562002e-07       1.879997e-05      326.355      326.349
     2345.45        741.71      1267.57       177.94      1.346856e-11       6.935521e-07       1.139650e-04      326.355      326.318
     2360.38        766.81      1309.46       176.63      4.580143e-12       2.118315e-06       9.867723e-06      326.355      326.358
     2350.11        747.67      1274.10       175.22      1.831763e-11       1.232867e-06       1.296117e-04      326.355      326.313
     2357.97        763.19      1304.29       177.42      3.559422e-12       1.835715e-06       1.389039e-05      326.355      326.359
     2349.66        748.22      1278.60       175.29      4.137196e-12       1.294045e-06       4.964188e-05      326.355      326.371
     2359.26        763.41      1301.29       177.69      1.016700e-11       1.720418e-06       8.491244e-05      326.355      326.383
     2352.43        753.43      1287.59       175.97      2.345403e-12       1.425485e-06       1.776030e-05      326.355      326.349
     2345.08        740.15      1264.13       176.13      6.316451e-13       4.444037e-07       2.084101e-05      326.355      326.348
     2337.44        726.99      1241.76       175.88      6.605647e-12       1.443986e-07       8.114689e-05      326.355      326.328
     2353.50        754.57      1287.54       177.90      4.871485e-12       9.655278e-07       6.277080e-05      326.355      326.334
     2350.62        749.80      1280.83       175.94      1.588077e-12       1.042054e-06       2.243406e-05      326.355      326.362
     2341.53        733.07      1250.44       175.03      3.932923e-12       3.401585e-07       6.178455e-05      326.355      326.335
     2353.85        755.61      1290.72       176.82      1.541492e-12       1.216577e-06       7.931756e-06      326.355      326.357
     2347.76        743.78      1268.46       176.89      4.622001e-13       4.726719e-07       1.545978e-05      326.355      326.360
     2345.42        738.97      1258.95       177.35      1.183789e-12       6.537023e-07       2.751162e-05      326.355      326.364
     2348.14        744.38      1269.01       177.40      1.006416e-12       5.920567e-07       2.561709e-05      326.355      326.347
     2342.06        733.06      1248.45       176.81      2.765645e-12       6.469169e-07       4.845164e-05      326.355      326.339
     2350.90        749.94      1280.09       176.82      5.435713e-13       7.374201e-07       5.716011e-07      326.355      326.355
     2345.10        740.25      1264.43       176.78      1.675209e-13       4.077943e-07       1.179415e-06      326.355      326.355
     2342.24        735.96      1258.47       176.75      5.069562e-13       7.002837e-07       4.129089e-06      326.355      326.356
     2346.27        742.66      1269.53       175.91      1.487398e-12       9.019595e-07       2.597461e-05      326.355      326.363
     2347.68        743.95      1269.14       177.03      3.475753e-13       4.404505e-07       1.240051e-05      326.355      326.351
     2350.64        748.82      1276.93       177.63      9.834812e-13       7.243240e-07       2.143270e-05      326.355      326.362
     2346.47        742.31      1267.33       176.50      2.481271e-13       4.149817e-07       8.722929e-06      326.355      326.352
     2342.60        735.24      1254.65       176.78      1.454221e-13       1.495541e-07       1.109406e-05      326.355      326.351
     2338.46        727.95      1242.03       176.77      9.253713e-13       5.534360e-08       3.036958e-05      326.355      326.345
     2343.17        737.10      1259.31       176.66      1.154441e-12       3.694489e-07       3.190744e-05      326.355      326.344
     2346.61        742.11      1266.17       176.83      1.521679e-13       3.611255e-07       4.678322e-06      326.355      326.356
     2342.72        736.01      1257.16       176.42      9.324691e-14       2.860048e-07       3.395578e-06      326.355      326.356
     2340.24        732.05      1251.19       176.12      2.105720e-13       4.158350e-07       6.150297e-06      326.355      326.357
     2342.05        734.50      1253.89       176.90      6.948024e-14       1.559332e-07       6.722306e-06      326.355      326.357
     2339.84        730.61      1247.20       177.10      1.255156e-13       1.186323e-07       1.055727e-05      326.355      326.358
     2341.89        733.68      1251.51       176.69      1.952142e-14       1.359867e-07       1.023486e-06      326.355      326.355
     2340.28        730.40      1245.07       176.65      4.886723e-14       2.178321e-07       1.209904e-06      326.355      326.354
     2338.02        727.64      1242.49       176.57      2.123856e-13       8.046632e-08       1.434982e-05      326.355      326.350
     2344.46        738.48      1260.23       176.77      6.760474e-14       2.338597e-07       3.601262e-06      326.355      326.356
     2342.95        736.08      1256.73       176.61      4.023064e-13       1.984862e-07       1.905122e-05      326.355      326.361
     2342.69        735.45      1255.17       176.74      3.630566e-14       1.540898e-07       3.547639e-06      326.355      326.354
     2342.83        735.04      1253.24       177.13      7.659145e-14       2.753092e-07       9.338662e-07      326.355      326.355
     2342.80        735.28      1254.22       176.95      3.626108e-14       1.837989e-07       1.585188e-06      326.355      326.355
     2343.87        736.94      1256.67       176.67      9.774022e-14       2.609832e-07       5.449415e-06      326.355      326.353
     2342.50        735.11      1254.58       176.84      3.729542e-14       1.494024e-07       3.872554e-06      326.355      326.356
     2340.48        731.29      1247.53       176.85      2.739106e-14       1.015811e-07       4.133118e-06      326.355      326.354
     2341.42        732.74      1249.63       176.77      6.155911e-14       1.548627e-07       6.131935e-06      326.355      326.353
     2342.23        734.52      1253.34       176.83      2.080818e-14       1.366363e-07       1.468802e-06      326.355      326.355
     2341.01        731.93      1248.13       176.92      4.196065e-14       1.725499e-07       3.495275e-06      326.355      326.356
     2342.27        734.57      1253.41       176.78      2.138014e-14       1.365504e-07       1.659149e-06      326.355      326.354
     2340.64        731.75      1248.68       176.62      1.903516e-14       7.844341e-08       3.589978e-06      326.355      326.354
     2339.55        729.98      1245.91       176.46      5.358141e-14       5.237315e-08       7.130302e-06      326.355      326.353
     2343.03        735.96      1255.95       176.61      3.178496e-14       1.649806e-07       2.143262e-06      326.355      326.356
     2341.12        732.46      1249.63       176.79      1.619385e-14       1.058499e-07       2.236259e-06      326.355      326.354
     2340.67        731.63      1248.17       176.68      8.059595e-15       8.960671e-08       1.956042e-07      326.355      326.355
     2339.87        730.16      1245.55       176.63      5.735037e-15       7.574327e-08       6.108565e-08      326.355      326.355
     2339.52        729.51      1244.34       176.54      2.544416e-14       7.246133e-08       4.494304e-06      326.355      326.353
     2341.55        733.26      1251.09       176.75      1.282650e-14       1.128736e-07       3.143094e-07      326.355      326.355
     2339.70        730.14      1245.97       176.71      2.155505e-14       6.161937e-08       4.214487e-06      326.355      326.354
     2341.34        732.79      1250.12       176.69      1.221431e-14       1.105565e-07       6.148705e-08      326.355      326.355
     2341.30        732.59      1249.52       176.81      2.635246e-14       1.362243e-07       2.795347e-06      326.355      326.356
     2340.80        731.96      1248.89       176.67      1.133329e-14       8.669537e-08       1.955690e-06      326.355      326.354
     2340.66        731.62      1248.20       176.58      9.633352e-15       8.382488e-08       1.616715e-06      326.355      326.355
     2339.78        730.00      1245.29       176.53      5.415940e-15       6.931283e-08       7.851600e-07      326.355      326.355
     2338.89        728.38      1242.39       176.42      7.291513e-15       5.903774e-08       1.951805e-06      326.355      326.354
     2339.22        729.08      1243.85       176.51      3.466543e-15       5.008018e-08       9.803199e-07      326.355      326.355
     2338.15        727.23      1240.71       176.42      6.508943e-15       3.002136e-08       2.368240e-06      326.355      326.354
     2338.96        728.48      1242.56       176.46      6.379947e-15       6.233229e-08       1.580670e-06      326.355      326.355
     2338.25        727.24      1240.43       176.48      8.831955e-15       5.608456e-08       2.385293e-06      326.355      326.354
     2338.85        728.33      1242.37       176.51      4.577522e-15       5.777520e-08       1.114848e-06      326.355      326.355
     2339.90        730.31      1245.97       176.63      1.366516e-14       6.726828e-08       3.024014e-06      326.355      326.354
     2339.19        728.94      1243.41       176.50      4.016417e-15       6.158175e-08       4.773858e-07      326.355      326.355
     2338.66        728.02      1241.91       176.40      3.893058e-15       4.481112e-08       1.373692e-06      326.355      326.354
     2338.18        727.19      1240.48       176.43      2.662782e-15       4.018616e-08       1.024436e-06      326.355      326.355
     2337.38        725.78      1238.08       176.38      3.757253e-15       3.161886e-08       1.660874e-06      326.355      326.354
     2338.77        728.28      1242.45       176.41      1.691522e-15       4.012602e-08       2.881566e-07      326.355      326.355
     2338.73        728.25      1242.49       176.37      1.180852e-15       3.406248e-08       1.475115e-07      326.355      326.355
     2338.20        727.33      1240.95       176.35      5.261033e-15       2.519931e-08       2.150968e-06      326.355      326.354
     2338.94        728.53      1242.80       176.47      2.586250e-15       5.074525e-08       1.172383e-07      326.355      326.355
     2338.88        728.50      1242.90       176.49      1.909496e-15       4.152317e-08       4.324887e-07      326.355      326.355
     2338.15        727.15      1240.49       176.36      1.474197e-15       3.304192e-08       6.192899e-07      326.355      326.355
     2339.17        729.04      1243.85       176.41      3.965152e-15       4.198895e-08       1.484535e-06      326.355      326.355
     2338.43        727.65      1241.32       176.42      1.650103e-15       3.890510e-08       3.714968e-07      326.355      326.355
     2338.15        727.24      1240.80       176.35      8.311297e-16       2.434233e-08       4.890535e-07      326.355      326.355
     2337.75        726.60      1239.80       176.30      6.793303e-16       1.545780e-08       6.637964e-07      326.355      326.355
     2337.65        726.32      1239.15       176.24      3.720897e-16       1.929613e-08       1.101531e-08      326.355      326.355
     2337.04        725.23      1237.28       176.12      4.607584e-16       1.304074e-08       5.393215e-07      326.355      326.355
     2337.71        726.51      1239.64       176.21      1.315545e-15       1.393692e-08       1.059010e-06      326.355      326.355
     2337.77        726.68      1240.06       176.20      3.564337e-16       1.342814e-08       4.198797e-07      326.355      326.355
     2337.58        726.45      1239.84       176.11      3.131705e-16       1.474848e-08       3.096295e-07      326.355      326.355
     2338.14        727.29      1241.00       176.30      6.111792e-16       2.004046e-08       4.582147e-07      326.355      326.355
     2336.83        725.08      1237.42       176.11      1.444453e-16       4.744187e-09       3.492284e-07      326.355      326.355
     2335.89        723.50      1234.89       175.98      1.848088e-15       5.535163e-09       1.348140e-06      326.355      326.354
     2337.36        725.97      1238.90       176.08      7.974494e-16       9.394954e-09       8.421832e-07      326.355      326.355
     2337.65        726.44      1239.58       176.25      2.500703e-16       1.277121e-08       2.951771e-07      326.355      326.355
     2336.72        724.85      1237.00       176.05      1.186909e-16       3.766514e-09       3.232932e-07      326.355      326.355
     2336.00        723.63      1235.00       175.93      9.897286e-17       2.982432e-09       3.001447e-07      326.355      326.355
     2336.39        724.48      1236.76       175.96      5.230957e-16       2.114486e-08       2.764736e-07      326.355      326.355
     2337.33        725.86      1238.56       176.17      1.034753e-16       9.242311e-09       1.346862e-07      326.355      326.355
     2336.33        724.06      1235.43       176.11      2.213946e-17       3.977648e-09       7.958392e-08      326.355      326.355
     2335.70        722.87      1233.23       176.11      5.030664e-16       1.166874e-08       6.058408e-07      326.355      326.355
     2335.60        722.88      1233.62       175.92      5.214068e-16       8.012798e-10       7.216408e-07      326.355      326.355
     2337.14        725.55      1238.09       176.16      1.239779e-16       6.758349e-09       2.799076e-07      326.355      326.355
     2336.57        724.47      1236.12       176.08      6.951664e-16       4.814456e-09       8.197625e-07      326.355      326.355
     2336.77        724.93      1237.09       176.10      1.619783e-17       3.674709e-09       5.203691e-08      326.355      326.355
     2336.08        723.69      1234.95       175.99      2.109407e-17       6.558204e-10       1.437512e-07      326.355      326.355
     2335.25        722.30      1232.68       175.90      4.338104e-16       1.641965e-09       6.565950e-07      326.355      326.355
     2336.81        724.97      1237.09       176.10      3.775278e-17       4.146206e-09       1.434537e-07      326.355      326.355
     2336.99        725.19      1237.28       176.23      3.350228e-16       1.152772e-08       4.497414e-07      326.355      326.355
     2336.25        724.02      1235.57       176.00      2.120979e-17       1.382265e-09       1.389282e-07      326.355      326.355
     2335.90        723.38      1234.43       176.00      8.366259e-17       1.667640e-10       2.891968e-07      326.355      326.355
     2336.59        724.57      1236.42       176.08      1.508774e-17       2.636229e-09       9.024961e-08      326.355      326.355
     2336.51        724.55      1236.58       175.98      5.575610e-17       5.709771e-09       1.522735e-07      326.355      326.355
     2336.37        724.18      1235.72       176.08      5.177316e-18       2.059502e-09       3.065957e-08      326.355      326.355
     2336.65        724.66      1236.52       176.12      6.248765e-17       3.860908e-09       2.181650e-07      326.355      326.355
     2336.35        724.18      1235.81       176.03      7.043577e-18       1.445196e-09       7.040648e-08      326.355      326.355
     2336.96        725.24      1237.57       176.15      3.636404e-17       5.258916e-09       9.346390e-08      326.355      326.355
     2336.30        724.08      1235.60       176.03      2.581572e-18       1.237930e-09       3.241349e-08      326.355      326.355
     2336.04        723.58      1234.68       176.01      2.294772e-18       1.079554e-09       3.362291e-08      326.355      326.355
     2335.67        722.91      1233.48       175.96      4.635830e-18       1.857102e-09       3.450293e-08      326.355      326.355
     2335.95        723.44      1234.48       176.00      8.370962e-18       4.793118e-10       9.023000e-08      326.355      326.355
     2336.11        723.72      1234.97       176.02      1.938280e-18       7.670172e-10       3.674987e-08      326.355      326.355
     2336.06        723.60      1234.68       176.04      1.434550e-17       1.771926e-09       1.058722e-07      326.355      326.355
     2336.28        724.04      1235.53       176.03      1.715127e-18       1.166605e-09       1.885524e-08      326.355      326.355
     2335.99        723.53      1234.67       175.97      4.305264e-19       6.018847e-10       8.283927e-09      326.355      326.355
     2335.79        723.20      1234.15       175.92      9.784169e-19       9.855176e-10       2.853642e-09      326.355      326.355
     2335.90        723.35      1234.32       175.98      3.373858e-18       6.521384e-10       5.430469e-08      326.355      326.355
     2336.20        723.90      1235.28       176.02      1.651793e-18       9.497756e-10       2.739748e-08      326.355      326.355
     2336.25        724.01      1235.54       176.01      4.209336e-18       1.219130e-09       5.219717e-08      326.355      326.355
     2336.09        723.69      1234.90       176.01      9.236881e-19       8.463680e-10       1.442448e-08      326.355      326.355
     2336.17        723.85      1235.22       176.00      6.517011e-18       9.415978e-10       7.504193e-08      326.355      326.355
     2336.12        723.75      1235.03       176.01      1.038144e-18       7.708935e-10       2.108226e-08      326.355      326.355
     2335.92        723.40      1234.42       175.97      7.242951e-19       5.470147e-10       2.062448e-08      326.355      326.355
     2335.86        723.29      1234.23       175.96      6.341038e-19       5.146905e-10       1.922141e-08      326.355      326.355
     2335.81        723.19      1234.08       175.94      8.070278e-19       5.841926e-10       2.158907e-08      326.355      326.355
     2335.70        723.01      1233.80       175.91      1.759055e-18       7.377530e-10       3.486144e-08      326.355      326.355
     2335.99        723.52      1234.62       175.99      3.858179e-19       6.166725e-10       2.431709e-09      326.355      326.355
     2336.07        723.67      1234.89       176.00      1.217352e-18       6.496948e-10       2.820764e-08      326.355      326.355
     2335.87        723.31      1234.28       175.96      3.221443e-19       5.453646e-10       5.001917e-09      326.355      326.355
     2335.93        723.43      1234.48       175.97      5.046967e-18       5.543497e-10       6.884744e-08      326.355      326.355
     2335.92        723.40      1234.43       175.97      2.964133e-19       5.422794e-10       1.624918e-09      326.355      326.355
     2336.03        723.60      1234.78       175.98      9.494352e-19       6.463297e-10       2.306753e-08      326.355      326.355
     2335.90        723.36      1234.36       175.97      5.954043e-19       5.309890e-10       1.771262e-08      326.355      326.355
     2335.99        723.52      1234.64       175.98      4.523171e-19       5.817452e-10       1.068775e-08      326.355      326.355
     2335.96        723.48      1234.57       175.97      7.836961e-19       5.692660e-10       2.144659e-08      326.355      326.355
     2335.90        723.36      1234.36       175.97      7.378821e-19       5.317745e-10       2.133965e-08      326.355      326.355
     2335.96        723.46      1234.53       175.98      9.454076e-19       5.639344e-10       2.505401e-08      326.355      326.355
     2335.95        723.47      1234.55       175.97      3.271591e-19       5.477767e-10       5.234486e-09      326.355      326.355
     2335.91        723.38      1234.40       175.97      3.804114e-19       5.361249e-10       9.657585e-09      326.355      326.355
     2335.89        723.34      1234.34       175.96      1.029555e-18       5.157468e-10       2.763740e-08      326.355      326.355
     2335.94        723.43      1234.48       175.97      4.589432e-19       5.547157e-10       1.231022e-08      326.355      326.355
     2335.97        723.48      1234.58       175.98      4.157424e-19       5.514521e-10       1.058051e-08      326.355      326.355
     2335.94        723.44      1234.50       175.97      2.837479e-19       5.289794e-10       2.051448e-09      326.355      326.355
     2335.94        723.44      1234.51       175.97      1.066312e-18       5.188266e-10       2.823828e-08      326.355      326.355
     2335.90        723.36      1234.37       175.96      2.793079e-19       5.272290e-10       1.271009e-09      326.355      326.355
     2335.86        723.30      1234.26       175.96      3.547187e-19       5.313516e-10       8.524463e-09      326.355      326.355
     2335.95        723.45      1234.53       175.97      1.249033e-18       5.361053e-10       3.101470e-08      326.355      326.355
     2335.92        723.40      1234.43       175.97      2.810208e-19       5.303674e-10       1.118415e-10      326.355      326.355
     2335.89        723.34      1234.31       175.97      3.108672e-19       5.359828e-10       4.886398e-09      326.355      326.355
     2335.90        723.37      1234.37       175.97      1.812771e-18       5.174134e-10       3.931058e-08      326.355      326.355
     2335.91        723.38      1234.40       175.97      9.264563e-19       5.204145e-10       2.561046e-08      326.355      326.355
     2335.92        723.40      1234.43       175.97      2.766178e-19       5.260721e-10       3.778095e-10      326.355      326.355
     2335.91        723.38      1234.40       175.97      8.735112e-19       5.245674e-10       2.446662e-08      326.355      326.355
     2335.93        723.41      1234.46       175.97      2.879919e-19       5.332307e-10       1.985262e-09      326.355      326.355
     2335.92        723.40      1234.43       175.97      4.777305e-19       5.336023e-10       1.390266e-08      326.355      326.355
     2335.92        723.40      1234.44       175.96      5.859637e-19       5.263826e-10       1.758301e-08      326.355      326.355
     2335.92        723.40      1234.43       175.97      1.295638e-18       5.204995e-10       3.201545e-08      326.355      326.355
     2335.91        723.38      1234.40       175.97      9.124717e-19       5.190107e-10       2.536472e-08      326.355      326.355
     2335.92        723.41      1234.45       175.97      8.355124e-19       5.226819e-10       2.371896e-08      326.355      326.355
     2335.92        723.40      1234.43       175.97      3.279920e-19       5.298139e-10       6.897093e-09      326.355      326.355
     2335.91        723.39      1234.42       175.97      4.202873e-19       5.248094e-10       1.204731e-08      326.355      326.355
     2335.93        723.42      1234.46       175.97      4.133008e-19       5.330521e-10       1.137719e-08      326.355      326.355
     2335.92        723.40      1234.43       175.97      2.815204e-19       5.275582e-10       1.865760e-09      326.355      326.355
     2335.93        723.41      1234.46       175.97      2.843376e-19       5.270338e-10       2.617396e-09      326.355      326.355
     2335.91        723.39      1234.41       175.97      3.300023e-19       5.222123e-10       7.587446e-09      326.355      326.355
     2335.92        723.39      1234.42       175.97      2.831513e-19       5.247145e-10       2.846288e-09      326.355      326.355
     2335.92        723.40      1234.44       175.97      3.447978e-19       5.224030e-10       8.495047e-09      326.355      326.355
     2335.92        723.40      1234.43       175.97      2.876219e-19       5.279401e-10       3.029830e-09      326.355      326.355
     2335.92        723.40      1234.44       175.97      2.961765e-19       5.242316e-10       4.651072e-09      326.355      326.355
     2335.92        723.40      1234.44       175.97      2.787135e-19       5.270010e-10       1.123011e-09      326.355      326.355
     2335.91        723.38      1234.40       175.97      7.671678e-19       5.196804e-10       2.230180e-08      326.355      326.355
     2335.92        723.41      1234.45       175.97      1.312441e-18       5.178846e-10       3.231881e-08      326.355      326.355
     2335.92        723.40      1234.43       175.97      2.779722e-19       5.265353e-10       1.005041e-09      326.355      326.355
     2335.92        723.40      1234.43       175.97      8.237332e-19       5.195324e-10       2.353910e-08      326.355      326.355
     2335.92        723.40      1234.43       175.97      2.779904e-19       5.253843e-10       1.495918e-09      326.355      326.355
     2335.92        723.41      1234.45       175.97      9.469450e-19       5.195921e-10       2.602382e-08      326.355      326.355
     2335.91        723.39      1234.42       175.97      1.569083e-18       5.155245e-10       3.610517e-08      326.355      326.355
     2335.92        723.40      1234.44       175.97      3.594376e-19       5.288627e-10       8.945477e-09      326.355      326.355
     2335.92        723.40      1234.44       175.97      7.368267e-19       5.201657e-10       2.159919e-08      326.355      326.355
     2335.92        723.40      1234.44       175.97      1.476397e-18       5.165340e-10       3.478299e-08      326.355      326.355
     2335.92        723.40      1234.43       175.97      2.772056e-19       5.262969e-10       7.029157e-10      326.355      326.355
     2335.92        723.40      1234.43       175.97      2.764245e-19       5.257266e-10       5.589008e-10      326.355      326.355
     2335.92        723.40      1234.44       175.97      2.973259e-19       5.274619e-10       4.403182e-09      326.355      326.355
     2335.92        723.40      1234.43       175.97      4.072289e-19       5.227933e-10       1.158402e-08      326.355      326.355
     2335.92        723.40      1234.44       175.97      4.848248e-19       5.300024e-10       1.428997e-08      326.355      326.355
     2335.92        723.40      1234.43       175.97      3.023252e-19       5.245864e-10       5.235405e-09      326.355      326.355
     2335.92        723.40      1234.43       175.97      3.417767e-19       5.281955e-10       7.941355e-09      326.355      326.355
     2335.92        723.40      1234.43       175.97      2.791100e-19       5.254860e-10       1.802945e-09      326.355      326.355
     2335.92        723.40      1234.43       175.97      3.028982e-19       5.243435e-10       5.313847e-09      326.355      326.355
     2335.92        723.40      1234.43       175.97      2.804779e-19       5.266803e-10       1.833893e-09      326.355      326.355
     2335.92        723.40      1234.43       175.97      2.830397e-19       5.251151e-10       2.751299e-09      326.355      326.355
     2335.92        723.40      1234.43       175.97      2.774012e-19       5.262800e-10       8.411089e-10      326.355      326.355
     2335.92        723.40      1234.43       175.97      2.833076e-19       5.266999e-10       2.484412e-09      326.355      326.355
     2335.92        723.40      1234.43       175.97      2.771406e-19       5.257847e-10       9.835919e-10      326.355      326.355
     2335.92        723.40      1234.43       175.97      2.778006e-19       5.256583e-10       1.326777e-09      326.355      326.355
     2335.92        723.40      1234.43       175.97      2.765609e-19       5.261331e-10       1.473855e-10      326.355      326.355
     2335.92        723.40      1234.43       175.97      2.763989e-19       5.255548e-10       6.836117e-10      326.355      326.355
     2335.92        723.40      1234.43       175.97      2.782295e-19       5.251857e-10       1.638707e-09      326.355      326.355
     2335.92        723.40      1234.43       175.97      2.765005e-19       5.259464e-10       3.968073e-10      326.355      326.355
     2335.92        723.40      1234.43       175.97      2.765203e-19       5.256119e-10       7.271226e-10      326.355      326.355
     2335.92        723.40      1234.43       175.97      2.771232e-19       5.252929e-10       1.210952e-09      326.355      326.355
     2335.92        723.40      1234.43       175.97      2.763201e-19       5.259211e-10       6.128303e-11      326.355      326.355
     2335.92        723.40      1234.43       175.97      2.764437e-19       5.259629e-10       2.886428e-10      326.355      326.355
     2335.92        723.40      1234.43       175.97      2.773668e-19       5.256344e-10       1.162538e-09      326.355      326.355
     2335.92        723.40      1234.43       175.97      2.763296e-19       5.258704e-10       2.576950e-10      326.355      326.355
     2335.92        723.40      1234.43       175.97      2.770588e-19       5.255751e-10       1.051616e-09      326.355      326.355
     2335.92        723.40      1234.43       175.97      2.763537e-19       5.258638e-10       3.122368e-10      326.355      326.355
     2335.92        723.40      1234.43       175.97      2.762771e-19       5.258764e-10       8.732837e-11      326.355      326.355
     2335.92        723.40      1234.43       175.97      2.763690e-19       5.259551e-10       1.299198e-10      326.355      326.355
     2335.92        723.40      1234.43       175.97      2.773402e-19       5.262048e-10       8.518333e-10      326.355      326.355
     2335.92        723.40      1234.43       175.97      2.762767e-19       5.257128e-10       4.231590e-10      326.355      326.355
     2335.92        723.40      1234.43       175.97      2.762409e-19       5.258296e-10       1.437085e-10      326.355      326.355
     2335.92        723.40      1234.43       175.97      2.762042e-19       5.258009e-10       1.185826e-10      326.355      326.355
     2335.92        723.40      1234.43       175.97      2.763104e-19       5.257947e-10       3.560541e-10      326.355      326.355
     2335.92        723.40      1234.43       175.97      2.762572e-19       5.256781e-10       4.427696e-10      326.355      326.355
     2335.92        723.40      1234.43       175.97      2.761378e-19       5.257468e-10       6.679833e-11      326.355      326.355
     2335.92        723.40      1234.43       175.97      2.761857e-19       5.257326e-10       2.595334e-10      326.355      326.355
