[ER, ET, CPRT, GRT]  O.F.1  IT_1 IT_Force Force_Exp Force_FEMU 
    1297.657       548.382      1.02550      211.200      6.121292e-03       7.823351e-02       2.950434e-01      326.355      230.066
    6540.652       851.854      1.02550      211.200      5.037045e-03       7.055804e-02       2.421933e+00      326.355     1116.765
  -22156.987     -9363.413      4.98137      211.200      5.037045e-03       7.055804e-02       2.421933e+00      326.355     1116.765
    2124.846      4420.879      0.20829      211.200      3.163502e-03       5.624440e-02       1.003895e-01      326.355      359.117
    1297.657       548.382      1.02550     2730.272      1.422308e-02       1.192581e-01       2.676889e-01      326.355      238.993
    1951.020      1088.356      1.01605      551.126      7.206359e-03       8.489030e-02       8.192205e-02      326.355      353.091
    1787.279       947.968      1.01767       21.127      1.001125e-02       1.000565e-01       6.099992e-02      326.355      306.447
    4200.973      2343.469      0.39444      211.200      2.374978e-04       1.495405e-02       1.177980e+00      326.355      710.794
    -313.530      -344.472      1.01605      211.200      2.374978e-04       1.495405e-02       1.177980e+00      326.355      710.794
    1936.423      2127.528      0.39444      211.200      2.025298e-04       1.423134e-02       8.192606e-03      326.355      329.029
    1936.423      2127.528      0.39444     1118.606      4.987500e-04       2.233278e-02       1.365066e-02      326.355      330.810
     383.376       112.081      1.74130      575.813      4.987500e-04       2.233278e-02       1.365066e-02      326.355      330.810
    1719.154       935.163      0.90468      467.893      2.163947e-03       4.651803e-02       6.446290e-02      326.355      305.317
    2976.965      2262.723      0.39444      211.200      2.093976e-04       1.436731e-02       5.459088e-01      326.355      504.515
    1184.531      1301.432      0.66976      211.200      2.609884e-05       4.975217e-03       3.669204e-01      326.355      206.609
    1936.423      2127.528      0.39444      575.813      2.920176e-04       1.708857e-02       1.181710e-02      326.355      330.211
    2053.081      3186.840      0.27919      211.200      1.355341e-03       3.681457e-02       6.493160e-02      326.355      347.546
    1763.457      1049.328      0.79647      371.137      4.174579e-04       2.043117e-02       5.429704e-02      326.355      308.635
    1954.524      1520.284      0.59698      326.952      1.184541e-06       1.084076e-03       3.054614e-02      326.355      336.324
    2092.930      1608.221      0.63468       47.080      6.375424e-05       7.979455e-03       9.120563e-02      326.355      356.120
     539.374       624.714      0.78732      155.335      6.639512e-04       2.567115e-02       7.035569e-01      326.355       96.746
    2413.303      2010.126      0.47528      196.428      2.453313e-05       4.885367e-03       2.581778e-01      326.355      410.612
    1632.394      1106.352      0.85097      148.956      8.993077e-04       2.998592e-02       1.269770e-01      326.355      284.915
    1958.168      1899.722      0.48613      194.619      1.552956e-05       3.940086e-03       2.331574e-02      326.355      333.964
    1691.899      1847.207      0.48068      549.735      7.337372e-05       8.558851e-03       1.097855e-01      326.355      290.526
    1996.635      1668.618      0.59330      120.925      1.255985e-06       1.111343e-03       4.573257e-02      326.355      341.280
    2866.832      1909.133      0.40437      195.668      1.690101e-04       1.290836e-02       4.884797e-01      326.355      485.773
    1652.946      1596.761      0.60197      207.261      4.976838e-07       5.783060e-04       1.277691e-01      326.355      284.657
    1342.003      1265.812      0.67452      215.979      2.207678e-05       4.611138e-03       2.853773e-01      326.355      233.221
    1624.958      1482.653      0.61928      211.004      1.171446e-06       9.853213e-04       1.416324e-01      326.355      280.132
    1567.949      1221.689      0.74203      226.462      1.224017e-04       1.105155e-02       1.631463e-01      326.355      273.111
    1891.928      1738.709      0.54191      202.353      7.832906e-07       8.846918e-04       7.865884e-03      326.355      323.788
    1580.734      1509.444      0.58550      384.973      8.640827e-06       2.894172e-03       1.626894e-01      326.355      273.260
    1888.856      1629.601      0.59139      172.953      8.519835e-08       2.908536e-04       7.767617e-03      326.355      323.820
    1578.784      1687.463      0.58040      101.436      2.001745e-06       1.306481e-03       1.717176e-01      326.355      270.314
    1860.767      1570.337      0.59243      258.504      2.714788e-07       5.173137e-04       1.966708e-02      326.355      319.936
    2021.905      1783.403      0.54625      207.339      5.647871e-07       7.272240e-04       5.994803e-02      326.355      345.919
    1812.231      1554.055      0.62536      218.663      1.078648e-06       1.029397e-03       4.358845e-02      326.355      312.130
    1875.860      1694.174      0.56208      206.371      1.600214e-07       3.972424e-04       1.490451e-02      326.355      321.491
    1612.052      1457.860      0.63032      213.051      2.177452e-06       1.399871e-03       1.475915e-01      326.355      278.188
    1921.947      1705.552      0.56623      208.759      1.048934e-07       3.225257e-04       9.335715e-03      326.355      329.402
    2115.354      1672.553      0.55281      213.888      3.629260e-07       4.956224e-04       1.082990e-01      326.355      361.699
    2002.025      1664.486      0.56541      212.222      1.078196e-07       2.868667e-04       5.052517e-02      326.355      342.844
    1983.421      1780.391      0.55132      148.578      8.887703e-07       9.349598e-04       3.824800e-02      326.355      338.837
    1891.788      1621.937      0.58164      228.179      7.064971e-08       2.653284e-04       5.012400e-03      326.355      324.719
    1977.476      1617.898      0.59066      203.656      4.812975e-08       1.813074e-04       3.906110e-02      326.355      339.103
    2028.495      1579.816      0.60574      202.305      1.525449e-07       3.297146e-04       6.620744e-02      326.355      347.962
    1835.201      1617.456      0.59919      193.770      1.275719e-07       3.404233e-04       3.418341e-02      326.355      315.199
    1961.454      1654.842      0.57390      207.530      5.235504e-08       2.082880e-04       2.995261e-02      326.355      336.130
    1937.119      1558.599      0.60357      196.508      1.053145e-07       3.192128e-04       1.848975e-02      326.355      332.389
    1926.081      1668.320      0.57518      205.662      4.997573e-08       2.204245e-04       1.178663e-02      326.355      330.202
    1988.050      1649.544      0.56913      253.153      1.712888e-07       3.889745e-04       4.470916e-02      326.355      340.946
    1914.199      1635.523      0.58585      191.571      4.013144e-08       1.995159e-04       5.703011e-03      326.355      328.216
    1998.560      1666.491      0.58107      177.524      8.322311e-08       2.441681e-04       4.858563e-02      326.355      342.211
    1918.258      1633.111      0.58150      214.918      4.262185e-08       2.047783e-04       8.295290e-03      326.355      329.062
    1905.797      1621.848      0.59264      200.235      5.314819e-08       2.304463e-04       2.079462e-03      326.355      327.034
    1947.813      1646.896      0.57857      205.694      4.017777e-08       1.866274e-04       2.312648e-02      326.355      333.902
    1952.617      1598.807      0.59333      202.095      4.781676e-08       2.023246e-04       2.623341e-02      326.355      334.916
    1889.411      1639.077      0.57899      203.310      4.369687e-08       2.078155e-04       7.141571e-03      326.355      324.024
    1882.207      1678.776      0.56955      205.488      8.539364e-08       2.900612e-04       1.122032e-02      326.355      322.693
    1935.024      1618.747      0.58722      202.940      3.591331e-08       1.818486e-04       1.686630e-02      326.355      331.859
    1968.609      1627.942      0.58762      204.080      4.194938e-08       1.736558e-04       3.434143e-02      326.355      337.562
    1964.700      1631.541      0.58813      187.611      5.033015e-08       2.005891e-04       3.177192e-02      326.355      336.724
    1929.828      1632.730      0.58315      207.917      3.642958e-08       1.855453e-04       1.415226e-02      326.355      330.974
    1895.157      1638.905      0.57981      199.892      4.049526e-08       2.007891e-04       4.235569e-03      326.355      324.973
    1913.422      1636.238      0.58174      200.935      3.620696e-08       1.895268e-04       5.356349e-03      326.355      328.103
    1898.223      1614.483      0.59043      195.959      4.545010e-08       2.130784e-04       2.193839e-03      326.355      325.639
    1935.497      1638.900      0.58153      203.238      3.591985e-08       1.818904e-04       1.684059e-02      326.355      331.851
    1942.544      1627.509      0.58094      216.304      4.103059e-08       1.915713e-04       2.081203e-02      326.355      333.147
    1921.339      1633.625      0.58463      197.613      3.603907e-08       1.874409e-04       9.514823e-03      326.355      329.460
    1922.815      1631.032      0.58440      194.545      3.600281e-08       1.870192e-04       1.013404e-02      326.355      329.662
    1943.969      1624.903      0.58715      198.204      3.743373e-08       1.813167e-04       2.135018e-02      326.355      333.323
    1921.044      1633.413      0.58309      200.250      3.508008e-08       1.849506e-04       9.347083e-03      326.355      329.405
    1935.841      1627.371      0.58347      202.860      3.406261e-08       1.764883e-04       1.707282e-02      326.355      331.927
    1943.064      1624.164      0.58289      205.509      3.418971e-08       1.727686e-04       2.083508e-02      326.355      333.155
    1940.888      1628.133      0.58325      210.249      3.668073e-08       1.808630e-04       1.992391e-02      326.355      332.857
    1927.337      1630.327      0.58411      198.414      3.475982e-08       1.821434e-04       1.258544e-02      326.355      330.462
    1924.100      1616.062      0.58744      198.997      3.567430e-08       1.855985e-04       1.108088e-02      326.355      329.971
    1919.148      1634.853      0.58185      197.333      3.545324e-08       1.865038e-04       8.184783e-03      326.355      329.026
    1927.523      1646.991      0.57887      200.422      3.872975e-08       1.927995e-04       1.248388e-02      326.355      330.429
    1924.979      1623.774      0.58528      199.352      3.441873e-08       1.819606e-04       1.144286e-02      326.355      330.089
    1935.462      1622.602      0.58614      203.120      3.524087e-08       1.798207e-04       1.704609e-02      326.355      331.918
    1931.381      1625.665      0.58506      201.665      3.453225e-08       1.798154e-04       1.482897e-02      326.355      331.194
    1938.736      1620.145      0.58588      200.888      3.442518e-08       1.759454e-04       1.862452e-02      326.355      332.433
    1938.132      1618.149      0.58574      203.984      3.425048e-08       1.756853e-04       1.839962e-02      326.355      332.360
    1937.461      1619.055      0.58512      201.869      3.353389e-08       1.741143e-04       1.793989e-02      326.355      332.210
    1940.494      1615.734      0.58515      201.971      3.314065e-08       1.712940e-04       1.949183e-02      326.355      332.716
    1930.994      1622.388      0.58394      203.193      3.343191e-08       1.769340e-04       1.458277e-02      326.355      331.114
    1947.730      1617.953      0.58387      206.684      3.414645e-08       1.694398e-04       2.331712e-02      326.355      333.965
    1939.384      1623.585      0.58248      203.362      3.341675e-08       1.728370e-04       1.882662e-02      326.355      332.499
    1925.628      1626.526      0.58365      199.045      3.381861e-08       1.801587e-04       1.166960e-02      326.355      330.163
    1932.414      1616.772      0.58413      200.920      3.230190e-08       1.731678e-04       1.521543e-02      326.355      331.321
    1930.699      1611.481      0.58446      199.953      3.153787e-08       1.717474e-04       1.428638e-02      326.355      331.017
    1945.140      1609.995      0.58437      205.214      3.253424e-08       1.665295e-04       2.191448e-02      326.355      333.507
    1946.849      1607.958      0.58429      202.049      3.182836e-08       1.633706e-04       2.266860e-02      326.355      333.753
    1942.201      1599.052      0.58668      201.226      3.190924e-08       1.666367e-04       2.035124e-02      326.355      332.997
    1941.930      1598.502      0.58474      202.241      3.019998e-08       1.617314e-04       2.010770e-02      326.355      332.917
    1942.615      1589.857      0.58454      202.375      2.885041e-08       1.571299e-04       2.039814e-02      326.355      333.012
    1936.065      1594.228      0.58562      197.622      2.976725e-08       1.639955e-04       1.694991e-02      326.355      331.887
    1935.916      1602.731      0.58278      199.766      2.965601e-08       1.638076e-04       1.680281e-02      326.355      331.839
    1925.850      1591.244      0.58441      197.813      2.818974e-08       1.638584e-04       1.157763e-02      326.355      330.133
    1915.392      1582.918      0.58447      195.712      2.738907e-08       1.643863e-04       6.053836e-03      326.355      328.331
    1934.186      1573.312      0.58424      197.772      2.554369e-08       1.518560e-04       1.575970e-02      326.355      331.498
    1935.791      1554.120      0.58412      196.686      2.297594e-08       1.424030e-04       1.642411e-02      326.355      331.715
    1928.767      1570.576      0.58231      199.633      2.467344e-08       1.517096e-04       1.287584e-02      326.355      330.557
    1925.346      1546.158      0.58497      197.423      2.182256e-08       1.435228e-04       1.106333e-02      326.355      329.965
    1919.964      1517.999      0.58611      196.257      1.887007e-08       1.349338e-04       8.143312e-03      326.355      329.012
    1907.420      1523.164      0.58394      191.833      1.940930e-08       1.392481e-04       1.395472e-03      326.355      326.810
    1930.074      1499.472      0.58374      196.473      1.603309e-08       1.196561e-04       1.309822e-02      326.355      330.630
    1936.663      1457.132      0.58336      196.854      1.267168e-08       1.001990e-04       1.622326e-02      326.355      331.649
    1921.064      1456.053      0.58658      191.217      1.258037e-08       1.091421e-04       8.176163e-03      326.355      329.023
    1916.605      1399.091      0.58890      187.077      9.514277e-09       9.597075e-05       5.513487e-03      326.355      328.154
    1904.305      1395.253      0.58709      189.320      8.089509e-09       8.989696e-05       9.014615e-04      326.355      326.061
    1887.475      1316.703      0.58876      185.690      5.859231e-09       6.952683e-05       1.012570e-02      326.355      323.050
    1921.775      1321.613      0.58982      191.037      5.107654e-09       6.699678e-05       7.868482e-03      326.355      328.923
    1926.158      1220.920      0.59327      190.639      3.913471e-09       5.462669e-05       9.640673e-03      326.355      329.501
    1909.190      1178.832      0.59122      183.924      1.112883e-09       3.335078e-05       2.489499e-04      326.355      326.436
    1895.688      1012.271      0.59465      177.908      1.512989e-09       2.977548e-05       7.914660e-03      326.355      323.772
    1881.009      1105.327      0.59900      177.058      8.527142e-09       7.994148e-05       1.461700e-02      326.355      321.585
    1879.825      1015.161      0.59794      181.535      6.263619e-09       6.136192e-05       1.580624e-02      326.355      321.196
    1922.076      1260.786      0.58670      194.000      2.348236e-09       4.221689e-05       7.523219e-03      326.355      328.810
    1935.147      1480.180      0.58375      195.683      1.450027e-08       1.098893e-04       1.557156e-02      326.355      331.437
    1896.678      1128.634      0.59368      185.022      1.987018e-09       3.972741e-05       6.393483e-03      326.355      324.268
    1936.252      1076.997      0.59394      191.078      3.334604e-09       3.753632e-05       1.387675e-02      326.355      330.884
    1905.835      1101.418      0.58916      186.339      2.792597e-10       1.538456e-05       2.063432e-03      326.355      325.681
    1894.309      1042.049      0.58691      184.206      8.040558e-10       7.797667e-06       8.621211e-03      326.355      323.541
    1879.333      1257.111      0.58672      183.561      4.312413e-09       4.569064e-05       1.491576e-02      326.355      321.487
    1922.738      1122.071      0.59198      189.184      1.334832e-09       2.892783e-05       7.057063e-03      326.355      328.658
    1892.973      1007.519      0.59709      178.388      3.221601e-09       4.871332e-05       9.212149e-03      326.355      323.348
    1915.697      1196.460      0.58902      190.036      1.095105e-09       3.083255e-05       3.800899e-03      326.355      327.595
    1930.459      1170.849      0.58708      189.718      1.587785e-09       1.868727e-05       1.112913e-02      326.355      329.987
    1921.993      1160.226      0.58870      188.539      8.860109e-10       2.078676e-05       6.737403e-03      326.355      328.554
    1903.662      1196.396      0.58718      185.230      7.273298e-10       2.560914e-05       2.674102e-03      326.355      325.482
    1914.520      1148.165      0.58574      191.173      4.629987e-10       1.973965e-05       2.708302e-03      326.355      327.239
    1907.002      1106.620      0.58628      185.604      1.254231e-10       9.988041e-06       1.601971e-03      326.355      325.832
    1901.837      1061.856      0.58481      183.408      2.573170e-10       5.831510e-06       4.725578e-03      326.355      324.813
    1893.803      1116.071      0.58542      185.625      8.702101e-10       1.282848e-05       8.400249e-03      326.355      323.613
    1900.870      1127.077      0.58626      186.351      4.048004e-10       1.387843e-05       4.606426e-03      326.355      324.852
    1909.006      1045.425      0.58650      189.502      2.269739e-10       1.481177e-05       8.710631e-04      326.355      326.071
    1896.659      1042.598      0.58845      182.766      6.023483e-10       7.730427e-06       7.366067e-03      326.355      323.951
    1910.217      1121.577      0.58638      189.054      2.308542e-10       1.516948e-05       2.726341e-04      326.355      326.444
    1915.106      1060.428      0.58795      188.895      2.435214e-10       1.355419e-05       2.445552e-03      326.355      327.153
    1914.848      1065.398      0.58433      190.193      2.727770e-10       1.498721e-05       2.194601e-03      326.355      327.071
    1912.676      1074.446      0.58556      189.225      1.742064e-10       1.266685e-05       1.172980e-03      326.355      326.738
    1904.434      1113.625      0.58447      187.792      2.771192e-10       1.386911e-05       2.911508e-03      326.355      325.405
    1912.486      1073.693      0.58706      188.619      1.640693e-10       1.229905e-05       1.131556e-03      326.355      326.724
    1909.952      1028.680      0.58631      187.417      1.279861e-10       1.116718e-05       5.728308e-04      326.355      326.168
    1912.108      1096.315      0.58611      185.934      8.474765e-11       8.686131e-06       9.643410e-04      326.355      326.670
    1913.448      1121.882      0.58592      184.162      1.188884e-10       9.358552e-06       1.769373e-03      326.355      326.932
    1908.311      1078.115      0.58731      184.572      7.012181e-11       7.616172e-06       1.100741e-03      326.355      325.996
    1906.115      1079.936      0.58819      182.267      1.050762e-10       7.390996e-06       2.246107e-03      326.355      325.622
    1906.424      1081.089      0.58595      183.162      7.935042e-11       5.681570e-06       2.169574e-03      326.355      325.647
    1906.010      1152.638      0.58651      182.234      2.541127e-10       1.477837e-05       1.889835e-03      326.355      325.738
    1909.337      1059.560      0.58636      186.114      7.054690e-11       8.097013e-06       7.061121e-04      326.355      326.124
    1910.928      1050.954      0.58659      184.284      3.002684e-11       5.479560e-06       1.250318e-05      326.355      326.359
    1912.594      1023.222      0.58676      183.626      3.002873e-11       5.059729e-06       6.654417e-04      326.355      326.572
    1905.281      1038.679      0.58702      183.135      1.159107e-10       5.072486e-06       3.003012e-03      326.355      325.375
    1910.460      1081.854      0.58633      185.232      5.439817e-11       7.375543e-06       2.766376e-06      326.355      326.356
    1913.101      1054.158      0.58736      186.948      1.099729e-10       9.678081e-06       1.277051e-03      326.355      326.772
    1908.108      1074.350      0.58630      184.105      5.394630e-11       6.086171e-06       1.300200e-03      326.355      325.931
    1909.566      1083.075      0.58690      182.988      3.705963e-11       5.889008e-06       4.878075e-04      326.355      326.196
    1911.241      1066.977      0.58574      183.731      2.453616e-11       4.901555e-06       2.260884e-04      326.355      326.429
    1912.673      1061.391      0.58494      183.311      2.718475e-11       4.423158e-06       8.729619e-04      326.355      326.640
    1909.462      1055.838      0.58644      182.327      1.916109e-11       3.623932e-06       7.764239e-04      326.355      326.101
    1908.905      1042.862      0.58649      180.884      1.945370e-11       2.270138e-06       1.195835e-03      326.355      325.965
    1912.504      1054.064      0.58654      182.561      1.880023e-11       3.533523e-06       7.946422e-04      326.355      326.614
    1914.660      1043.927      0.58666      181.791      3.984972e-11       2.593334e-06       1.820011e-03      326.355      326.949
    1912.298      1030.863      0.58573      183.462      2.153094e-11       4.351016e-06       5.098810e-04      326.355      326.521
    1911.872      1052.903      0.58564      181.760      8.958710e-12       2.728429e-06       3.891607e-04      326.355      326.482
    1912.343      1053.878      0.58516      180.504      7.820755e-12       2.118940e-06       5.771390e-04      326.355      326.543
    1912.017      1030.380      0.58620      180.699      3.836933e-12       1.707873e-06       3.033365e-04      326.355      326.454
    1912.288      1012.147      0.58644      179.193      1.819040e-12       1.012738e-06       2.816756e-04      326.355      326.447
    1911.028      1057.067      0.58655      178.840      3.643279e-12       1.899669e-06       5.880004e-05      326.355      326.336
    1914.658      1032.694      0.58590      178.227      2.559731e-11       4.281308e-07       1.594177e-03      326.355      326.875
    1910.779      1050.053      0.58630      181.298      6.541016e-12       2.497101e-06       1.748036e-04      326.355      326.298
    1910.760      1032.476      0.58568      177.373      2.276760e-12       4.274737e-07       4.576056e-04      326.355      326.206
    1910.131      1022.027      0.58735      177.847      6.897746e-12       1.077072e-06       7.574743e-04      326.355      326.108
    1910.697      1029.966      0.58679      178.509      2.526334e-12       8.862450e-07       4.172424e-04      326.355      326.219
    1911.602      1015.782      0.58643      175.680      2.541744e-13       1.364888e-07       1.534749e-04      326.355      326.305
    1911.902       998.701      0.58649      172.905      1.089148e-12       8.318585e-07       1.992903e-04      326.355      326.290
    1911.349       988.243      0.58612      176.536      2.561295e-12       6.105459e-07       4.678175e-04      326.355      326.202
    1911.387      1005.397      0.58623      177.111      9.729965e-13       2.175746e-07       3.042463e-04      326.355      326.256
    1912.278      1002.924      0.58558      176.168      8.051930e-14       1.380998e-07       7.838874e-05      326.355      326.380
    1912.971       989.412      0.58496      175.003      1.429628e-12       8.181978e-07       2.757149e-04      326.355      326.445
    1912.901       985.732      0.58668      176.698      2.058143e-12       9.190244e-07       3.483599e-04      326.355      326.469
    1912.413       997.386      0.58642      176.867      4.410937e-13       3.834998e-07       1.714710e-04      326.355      326.411
    1911.551       998.598      0.58589      173.740      1.643071e-12       3.935057e-07       3.857753e-04      326.355      326.229
    1911.741      1001.984      0.58603      175.096      4.727666e-13       7.271633e-08       2.162126e-04      326.355      326.284
    1912.643      1003.636      0.58600      174.797      6.473275e-13       1.239164e-07       2.513906e-04      326.355      326.437
    1912.329      1004.077      0.58606      175.374      1.286199e-13       4.194381e-08       1.126324e-04      326.355      326.392
    1912.582      1008.098      0.58622      176.951      1.080996e-12       1.208316e-07       3.265572e-04      326.355      326.461
    1911.952      1003.512      0.58608      175.558      6.522207e-14       3.398706e-08       8.004184e-05      326.355      326.329
    1911.661      1015.776      0.58565      174.527      5.183094e-13       3.638530e-07       1.964489e-04      326.355      326.291
    1912.231      1001.978      0.58623      176.280      8.000093e-14       1.061770e-07       8.290204e-05      326.355      326.382
    1912.741       990.472      0.58554      176.010      7.361402e-13       4.910678e-07       2.224849e-04      326.355      326.427
    1911.906      1009.451      0.58621      175.763      2.437991e-14       2.044132e-08       4.895106e-05      326.355      326.339
    1911.858      1004.856      0.58599      176.511      9.606297e-14       7.780368e-08       9.487340e-05      326.355      326.324
    1911.976      1004.661      0.58601      176.227      2.043953e-14       4.441069e-08       4.297352e-05      326.355      326.341
    1911.752      1006.874      0.58668      175.746      1.843951e-13       1.746457e-07       1.240541e-04      326.355      326.314
    1912.149      1003.913      0.58586      176.062      1.079215e-14       5.082406e-08       2.865150e-05      326.355      326.364
    1911.760      1008.793      0.58584      175.525      2.400670e-13       2.699836e-08       1.547055e-04      326.355      326.304
    1912.114      1003.681      0.58613      176.091      8.176325e-15       4.953706e-08       2.392160e-05      326.355      326.363
    1912.122      1007.341      0.58603      176.514      3.923378e-14       4.536880e-08       6.097169e-05      326.355      326.375
    1912.080      1006.384      0.58604      176.275      7.577132e-15       2.959867e-08       2.588640e-05      326.355      326.363
    1912.245       999.868      0.58581      176.565      8.127388e-14       2.050903e-07       6.261970e-05      326.355      326.375
    1911.994      1007.055      0.58611      175.963      3.907378e-15       1.109108e-08       1.945345e-05      326.355      326.349
    1912.193      1005.855      0.58606      175.969      5.330823e-14       1.661112e-08       7.282328e-05      326.355      326.379
    1912.030      1004.959      0.58602      176.162      3.187374e-15       3.502204e-08       1.400301e-05      326.355      326.350
    1911.959      1007.126      0.58629      176.183      6.616467e-15       4.679446e-08       2.103988e-05      326.355      326.348
    1911.916      1009.083      0.58610      176.200      1.535732e-14       1.018778e-08       3.905577e-05      326.355      326.342
    1912.065      1005.031      0.58612      176.119      1.968634e-15       3.511330e-08       8.577307e-06      326.355      326.358
    1911.945      1005.702      0.58623      175.939      2.475395e-14       3.373137e-08       4.859646e-05      326.355      326.339
    1912.046      1006.213      0.58609      176.191      1.214677e-15       2.630014e-08       7.231783e-06      326.355      326.357
    1912.107      1004.503      0.58588      176.034      2.932672e-15       3.940933e-08       1.174560e-05      326.355      326.359
    1912.129      1003.298      0.58595      176.290      1.185442e-14       7.259571e-08       2.565996e-05      326.355      326.363
    1912.028      1006.116      0.58607      176.045      9.386144e-16       1.753641e-08       7.944128e-06      326.355      326.352
    1912.094      1005.972      0.58606      176.032      6.025157e-15       1.775830e-08       2.389519e-05      326.355      326.363
    1912.046      1005.213      0.58603      176.130      1.094375e-15       2.982649e-08       4.525086e-06      326.355      326.353
    1911.985      1006.783      0.58628      176.208      3.367345e-15       4.765066e-08       1.047274e-05      326.355      326.351
    1912.077      1005.073      0.58598      176.078      1.214743e-15       2.851120e-08       6.339264e-06      326.355      326.357
    1912.033      1006.277      0.58596      176.103      1.001001e-15       1.934232e-08       7.917574e-06      326.355      326.352
    1912.000      1006.836      0.58609      176.156      2.078553e-15       1.940767e-08       1.304568e-05      326.355      326.351
    1912.058      1005.514      0.58601      176.097      6.323143e-16       2.464636e-08       1.577248e-06      326.355      326.355
    1912.037      1005.346      0.58594      175.996      3.323290e-15       2.314691e-08       1.669585e-05      326.355      326.349
    1912.044      1005.997      0.58605      176.142      5.638849e-16       2.339597e-08       1.285263e-06      326.355      326.355
    1912.036      1006.739      0.58601      176.064      2.033093e-16       1.268620e-08       2.058430e-06      326.355      326.354
    1912.030      1007.502      0.58600      176.031      5.632576e-17       6.897024e-09       9.358046e-07      326.355      326.355
    1912.047      1006.288      0.58611      176.055      6.080839e-16       1.887875e-08       5.016776e-06      326.355      326.357
    1912.061      1006.534      0.58602      176.118      1.591592e-15       1.684239e-08       1.143647e-05      326.355      326.359
    1912.037      1006.220      0.58606      176.063      3.888103e-16       1.711207e-08       3.098232e-06      326.355      326.354
    1912.020      1007.490      0.58610      176.048      1.175519e-16       1.068285e-08       5.856327e-07      326.355      326.355
    1912.019      1007.317      0.58600      176.087      5.333578e-16       9.996055e-09       6.583599e-06      326.355      326.353
    1912.009      1008.268      0.58603      175.973      4.958283e-16       2.706501e-09       6.989301e-06      326.355      326.353
    1912.029      1007.423      0.58610      175.970      7.985453e-17       8.529909e-09       8.423716e-07      326.355      326.355
    1912.049      1006.050      0.58610      176.083      7.210103e-16       2.162562e-08       5.033365e-06      326.355      326.357
    1912.019      1007.714      0.58605      176.000      1.859240e-16       5.594503e-09       3.932250e-06      326.355      326.354
    1912.012      1008.844      0.58607      175.962      9.562266e-18       2.547779e-09       5.541798e-07      326.355      326.355
    1912.000      1010.156      0.58607      175.911      4.904367e-17       3.053713e-09       1.992953e-06      326.355      326.356
    1912.027      1007.916      0.58609      176.005      2.032975e-16       6.778507e-09       3.966734e-06      326.355      326.356
    1912.021      1007.764      0.58606      176.001      7.091330e-17       5.756652e-09       1.943569e-06      326.355      326.354
    1912.026      1008.277      0.58601      175.934      5.372530e-18       2.274655e-09       1.408991e-07      326.355      326.355
    1912.029      1008.671      0.58596      175.877      6.048087e-18       2.442152e-09       9.167474e-08      326.355      326.355
    1912.016      1008.771      0.58597      175.994      4.686842e-17       1.794444e-09       2.089220e-06      326.355      326.354
    1912.021      1008.933      0.58597      175.959      6.389932e-18       1.328169e-09       6.801409e-07      326.355      326.355
    1912.007      1009.911      0.58601      175.893      1.797903e-18       1.085718e-09       2.488236e-07      326.355      326.355
    1911.995      1011.115      0.58601      175.824      4.123355e-17       6.190266e-09       5.398648e-07      326.355      326.355
    1912.018      1009.212      0.58605      175.880      8.243351e-17       2.153828e-09       2.789168e-06      326.355      326.356
    1912.016      1008.881      0.58599      175.965      7.853603e-18       1.023219e-09       8.250233e-07      326.355      326.355
    1912.023      1009.157      0.58592      175.914      1.380661e-17       3.316825e-09       5.296593e-07      326.355      326.355
    1912.015      1008.922      0.58603      175.950      2.321520e-18       1.166810e-09       3.098529e-07      326.355      326.355
    1912.019      1009.141      0.58602      175.902      2.244342e-17       9.635746e-10       1.466798e-06      326.355      326.355
    1912.017      1008.946      0.58600      175.950      1.494256e-18       8.568052e-10       2.757078e-07      326.355      326.355
    1912.012      1009.095      0.58605      175.904      6.870505e-18       1.822118e-09       5.958544e-07      326.355      326.355
    1912.019      1008.974      0.58599      175.945      2.186978e-18       8.775380e-10       3.764191e-07      326.355      326.355
    1912.003      1010.099      0.58601      175.935      1.545752e-18       5.062650e-10       3.590892e-07      326.355      326.355
    1912.008      1010.042      0.58597      175.912      1.476992e-18       1.169155e-09       1.049208e-07      326.355      326.355
    1912.004      1010.602      0.58594      175.893      1.177615e-17       3.429119e-09       4.172053e-08      326.355      326.355
    1911.998      1010.525      0.58600      175.900      3.493531e-18       1.771426e-09       1.885769e-07      326.355      326.355
    1912.014      1009.362      0.58599      175.934      8.839418e-19       4.864065e-10       2.544313e-07      326.355      326.355
    1912.013      1009.314      0.58598      175.972      4.194821e-19       6.359815e-10       3.874739e-08      326.355      326.355
    1912.016      1009.015      0.58596      176.011      3.437262e-18       1.761167e-09       1.831895e-07      326.355      326.355
    1912.023      1008.733      0.58596      175.948      5.093312e-18       1.879993e-09       3.948383e-07      326.355      326.355
    1912.008      1009.757      0.58599      175.938      5.508086e-19       3.178965e-10       2.120734e-07      326.355      326.355
    1912.004      1010.292      0.58597      175.928      3.860501e-18       1.163702e-09       5.006308e-07      326.355      326.355
    1912.014      1009.282      0.58599      175.944      3.063814e-19       5.012319e-10       7.426333e-08      326.355      326.355
    1912.016      1008.815      0.58601      175.982      1.490736e-18       1.205831e-09       6.059876e-08      326.355      326.355
    1912.010      1009.736      0.58598      175.929      4.198909e-19       5.895880e-10       8.501788e-08      326.355      326.355
    1912.009      1009.683      0.58598      175.958      3.076197e-19       3.616192e-10       1.329859e-07      326.355      326.355
    1912.015      1009.250      0.58597      175.963      1.757444e-18       9.286529e-10       2.991749e-07      326.355      326.355
    1912.010      1009.631      0.58599      175.945      1.847313e-19       3.253674e-10       8.880792e-08      326.355      326.355
    1912.013      1009.219      0.58599      175.980      7.182479e-19       5.899386e-10       1.924120e-07      326.355      326.355
    1912.011      1009.606      0.58598      175.942      2.011162e-19       4.446233e-10       1.851573e-08      326.355      326.355
    1912.008      1009.787      0.58599      175.923      2.739780e-19       5.202917e-10       1.810330e-08      326.355      326.355
    1912.012      1009.470      0.58600      175.919      5.861284e-19       5.473077e-10       1.692884e-07      326.355      326.355
    1912.010      1009.630      0.58598      175.948      1.779577e-19       3.599350e-10       6.957426e-08      326.355      326.355
    1912.005      1010.045      0.58598      175.935      3.767267e-19       5.992311e-10       4.201469e-08      326.355      326.355
    1912.012      1009.473      0.58599      175.942      1.591862e-19       3.968064e-10       1.316236e-08      326.355      326.355
    1912.013      1009.382      0.58598      175.966      3.002206e-19       5.261376e-10       4.837617e-08      326.355      326.355
    1912.009      1009.686      0.58599      175.933      1.691602e-19       4.097819e-10       1.113849e-08      326.355      326.355
    1912.009      1009.603      0.58599      175.942      1.163680e-19       3.094097e-10       4.542540e-08      326.355      326.355
    1912.009      1009.602      0.58600      175.942      1.402434e-19       2.827892e-10       7.763665e-08      326.355      326.355
    1912.010      1009.566      0.58599      175.938      3.972312e-19       3.854909e-10       1.576799e-07      326.355      326.355
    1912.010      1009.614      0.58599      175.943      1.191918e-19       3.421326e-10       1.462273e-08      326.355      326.355
    1912.010      1009.559      0.58600      175.932      1.977225e-19       3.897349e-10       6.769839e-08      326.355      326.355
    1912.010      1009.612      0.58599      175.944      1.627938e-19       3.560379e-10       6.002668e-08      326.355      326.355
    1912.011      1009.465      0.58599      175.952      1.344326e-19       3.414860e-10       4.221509e-08      326.355      326.355
    1912.011      1009.466      0.58599      175.945      1.183971e-19       3.432259e-10       7.708786e-09      326.355      326.355
    1912.009      1009.601      0.58599      175.949      6.579357e-20       2.564248e-10       2.013759e-09      326.355      326.355
    1912.008      1009.665      0.58600      175.953      4.079857e-20       2.017933e-10       2.800632e-09      326.355      326.355
    1912.008      1009.709      0.58600      175.940      1.118687e-19       2.985888e-10       4.765947e-08      326.355      326.355
    1912.008      1009.608      0.58600      175.947      5.883661e-20       2.404965e-10       9.993109e-09      326.355      326.355
    1912.006      1009.827      0.58600      175.946      6.031550e-20       2.412116e-10       1.460496e-08      326.355      326.355
    1912.005      1009.801      0.58600      175.951      5.502944e-20       1.928687e-10       4.222734e-08      326.355      326.355
    1912.006      1009.741      0.58600      175.959      1.951836e-20       1.396298e-10       1.485806e-09      326.355      326.355
    1912.004      1009.758      0.58601      175.968      3.507540e-20       9.688350e-11       5.068440e-08      326.355      326.355
    1912.008      1009.581      0.58600      175.959      3.508136e-20       1.810910e-10       1.512525e-08      326.355      326.355
    1912.005      1009.787      0.58600      175.964      3.068034e-20       1.054805e-10       4.422027e-08      326.355      326.355
    1912.008      1009.586      0.58600      175.967      2.610602e-20       1.569209e-10       1.217417e-08      326.355      326.355
    1912.006      1009.682      0.58601      175.971      2.259361e-20       1.057692e-10       3.377366e-08      326.355      326.355
    1912.004      1009.817      0.58600      175.971      4.891848e-21       6.927062e-11       3.057408e-09      326.355      326.355
    1912.002      1009.936      0.58600      175.977      1.149746e-20       4.575009e-11       3.066662e-08      326.355      326.355
    1912.006      1009.627      0.58600      175.970      3.629004e-20       1.253353e-10       4.536656e-08      326.355      326.355
    1912.005      1009.747      0.58600      175.965      1.552522e-20       1.026132e-10       2.235143e-08      326.355      326.355
    1912.002      1009.908      0.58601      175.966      1.498090e-20       1.155156e-10       1.279527e-08      326.355      326.355
    1912.003      1009.925      0.58600      175.960      2.283318e-20       1.421057e-10       1.624612e-08      326.355      326.355
    1912.005      1009.743      0.58600      175.968      2.123064e-20       9.648686e-11       3.452683e-08      326.355      326.355
    1912.004      1009.864      0.58600      175.962      1.529436e-20       1.136746e-10       1.540317e-08      326.355      326.355
    1912.002      1009.927      0.58600      175.974      1.754578e-20       6.176416e-11       3.705537e-08      326.355      326.355
    1912.003      1009.880      0.58600      175.970      2.217172e-20       7.590301e-11       4.050989e-08      326.355      326.355
    1912.003      1009.863      0.58601      175.969      7.864835e-21       8.505386e-11       7.941968e-09      326.355      326.355
    1912.004      1009.841      0.58600      175.967      8.164367e-21       8.823653e-11       6.154343e-09      326.355      326.355
    1912.005      1009.782      0.58600      175.968      2.156362e-20       8.497958e-11       3.787104e-08      326.355      326.355
    1912.005      1009.779      0.58600      175.965      1.598703e-20       1.009216e-10       2.408728e-08      326.355      326.355
    1912.003      1009.868      0.58600      175.967      1.286242e-20       8.871719e-11       2.234224e-08      326.355      326.355
    1912.002      1009.915      0.58600      175.972      5.768180e-21       6.901034e-11       1.002896e-08      326.355      326.355
    1912.003      1009.850      0.58600      175.972      2.467958e-20       6.547938e-11       4.515759e-08      326.355      326.355
    1912.003      1009.864      0.58600      175.968      7.341315e-21       8.289578e-11       6.853276e-09      326.355      326.355
    1912.003      1009.889      0.58601      175.973      6.217919e-21       6.402924e-11       1.455410e-08      326.355      326.355
    1912.003      1009.880      0.58600      175.974      4.144418e-21       5.677381e-11       9.597834e-09      326.355      326.355
    1912.003      1009.888      0.58600      175.976      1.766653e-20       4.452149e-11       3.960351e-08      326.355      326.355
    1912.003      1009.887      0.58600      175.976      3.687817e-21       4.593733e-11       1.256025e-08      326.355      326.355
    1912.002      1009.898      0.58600      175.980      1.102111e-21       3.251122e-11       2.124681e-09      326.355      326.355
    1912.003      1009.867      0.58600      175.975      5.416402e-21       4.867278e-11       1.745676e-08      326.355      326.355
    1912.004      1009.816      0.58600      175.978      1.960374e-21       4.409476e-11       1.266719e-09      326.355      326.355
    1912.003      1009.839      0.58600      175.976      3.117362e-21       4.818926e-11       8.917286e-09      326.355      326.355
    1912.002      1009.899      0.58600      175.983      7.371271e-21       2.284639e-11       2.617120e-08      326.355      326.355
    1912.004      1009.838      0.58600      175.974      3.196914e-21       5.521215e-11       3.854393e-09      326.355      326.355
    1912.003      1009.816      0.58600      175.981      3.510608e-21       3.732093e-11       1.455256e-08      326.355      326.355
    1912.003      1009.832      0.58600      175.979      4.257802e-21       3.972757e-11       1.636930e-08      326.355      326.355
    1912.003      1009.857      0.58600      175.979      8.526481e-21       3.630618e-11       2.684838e-08      326.355      326.355
    1912.003      1009.869      0.58600      175.978      1.668918e-21       3.962664e-11       3.141059e-09      326.355      326.355
    1912.003      1009.868      0.58600      175.977      7.788391e-21       4.348379e-11       2.428491e-08      326.355      326.355
    1912.003      1009.889      0.58600      175.977      2.283458e-21       4.369130e-11       6.120025e-09      326.355      326.355
    1912.002      1009.905      0.58600      175.977      3.546763e-21       4.550921e-11       1.214782e-08      326.355      326.355
    1912.002      1009.912      0.58600      175.979      1.559934e-21       3.840618e-11       2.914006e-09      326.355      326.355
    1912.003      1009.879      0.58600      175.980      2.367776e-21       3.180206e-11       1.164652e-08      326.355      326.355
    1912.002      1009.886      0.58600      175.980      3.007498e-21       3.532112e-11       1.326623e-08      326.355      326.355
    1912.002      1009.905      0.58600      175.980      7.455053e-21       3.649858e-11       2.474454e-08      326.355      326.355
    1912.002      1009.884      0.58600      175.979      1.288542e-21       3.588802e-11       2.460512e-10      326.355      326.355
    1912.002      1009.894      0.58600      175.979      1.602740e-21       3.786506e-11       4.110862e-09      326.355      326.355
    1912.002      1009.902      0.58600      175.979      5.637939e-21       3.985017e-11       2.012441e-08      326.355      326.355
    1912.003      1009.883      0.58600      175.979      3.232681e-21       3.773782e-11       1.344824e-08      326.355      326.355
    1912.003      1009.878      0.58600      175.980      2.191368e-21       3.329700e-11       1.040524e-08      326.355      326.355
    1912.002      1009.894      0.58600      175.980      2.016625e-21       3.268693e-11       9.737559e-09      326.355      326.355
    1912.002      1009.907      0.58600      175.980      4.737721e-21       3.734362e-11       1.828439e-08      326.355      326.355
    1912.002      1009.885      0.58600      175.980      6.002259e-21       3.466753e-11       2.190989e-08      326.355      326.355
    1912.002      1009.891      0.58600      175.980      1.180861e-21       3.415444e-11       1.197776e-09      326.355      326.355
    1912.002      1009.896      0.58600      175.980      1.348013e-21       3.512900e-11       3.376079e-09      326.355      326.355
    1912.002      1009.896      0.58600      175.980      1.415805e-21       3.259191e-11       5.946288e-09      326.355      326.355
    1912.002      1009.888      0.58600      175.980      5.426371e-21       3.355858e-11       2.073693e-08      326.355      326.355
    1912.002      1009.903      0.58600      175.980      3.293971e-21       3.371498e-11       1.468769e-08      326.355      326.355
    1912.002      1009.899      0.58600      175.980      1.455923e-21       3.363357e-11       5.698398e-09      326.355      326.355
    1912.002      1009.892      0.58600      175.980      2.628373e-21       3.355694e-11       1.225690e-08      326.355      326.355
    1912.002      1009.897      0.58600      175.980      1.150875e-21       3.360465e-11       1.470179e-09      326.355      326.355
    1912.002      1009.895      0.58600      175.980      1.342766e-21       3.511065e-11       3.316941e-09      326.355      326.355
    1912.002      1009.895      0.58600      175.980      1.231360e-21       3.257828e-11       4.123425e-09      326.355      326.355
    1912.002      1009.895      0.58600      175.981      1.031722e-21       3.137370e-11       2.177691e-09      326.355      326.355
    1912.002      1009.895      0.58600      175.981      1.174275e-21       2.962101e-11       5.448670e-09      326.355      326.355
    1912.002      1009.896      0.58600      175.980      1.478288e-21       3.321599e-11       6.123702e-09      326.355      326.355
    1912.002      1009.895      0.58600      175.980      1.085180e-21       3.273613e-11       1.163457e-09      326.355      326.355
    1912.002      1009.902      0.58600      175.981      9.610581e-22       3.099729e-11       1.535138e-10      326.355      326.355
    1912.002      1009.908      0.58600      175.981      8.720973e-22       2.950843e-11       3.686171e-10      326.355      326.355
    1912.002      1009.901      0.58600      175.982      9.511476e-22       2.948603e-11       2.858851e-09      326.355      326.355
    1912.002      1009.901      0.58600      175.982      8.510405e-22       2.904156e-11       8.738954e-10      326.355      326.355
    1912.002      1009.903      0.58600      175.982      8.076492e-22       2.739748e-11       2.388198e-09      326.355      326.355
    1912.002      1009.908      0.58600      175.983      7.703529e-22       2.628382e-11       2.819936e-09      326.355      326.355
    1912.002      1009.915      0.58600      175.984      7.316896e-22       2.335895e-11       4.313402e-09      326.355      326.355
    1912.002      1009.918      0.58600      175.984      5.611053e-22       2.368742e-11       4.136592e-11      326.355      326.355
    1912.002      1009.929      0.58600      175.985      4.320419e-22       2.036304e-11       1.318810e-09      326.355      326.355
    1912.002      1009.926      0.58600      175.985      5.130490e-22       2.094755e-11       2.724948e-09      326.355      326.355
    1912.001      1009.928      0.58600      175.986      2.993495e-22       1.725214e-11       4.142730e-10      326.355      326.355
    1912.001      1009.939      0.58600      175.989      1.586125e-22       1.257562e-11       2.163290e-10      326.355      326.355
    1912.001      1009.951      0.58600      175.989      2.282299e-22       1.251372e-11       2.676534e-09      326.355      326.355
    1912.001      1009.958      0.58600      175.990      1.969969e-20       1.330677e-11       4.418442e-08      326.355      326.355
    1912.002      1009.926      0.58600      175.985      4.277862e-22       1.960386e-11       2.085153e-09      326.355      326.355
    1912.001      1009.947      0.58600      175.989      2.869460e-22       1.180968e-11       3.840298e-09      326.355      326.355
    1912.001      1009.952      0.58600      175.991      3.844821e-22       8.986212e-12       5.511178e-09      326.355      326.355
    1912.000      1009.969      0.58600      175.994      2.881253e-20       8.591108e-12       5.360851e-08      326.355      326.355
    1912.001      1009.936      0.58600      175.987      2.856778e-22       1.512972e-11       2.382682e-09      326.355      326.355
    1912.001      1009.934      0.58600      175.986      3.366898e-22       1.798425e-11       1.151507e-09      326.355      326.355
    1912.001      1009.939      0.58600      175.987      2.375520e-22       1.533285e-11       4.957792e-10      326.355      326.355
    1912.001      1009.936      0.58600      175.987      2.775876e-22       1.605268e-11       1.410734e-09      326.355      326.355
    1912.001      1009.946      0.58600      175.989      2.035035e-22       1.301145e-11       1.849520e-09      326.355      326.355
    1912.001      1009.952      0.58600      175.990      1.580444e-22       1.089690e-11       1.982504e-09      326.355      326.355
    1912.001      1009.959      0.58600      175.991      1.936665e-22       8.826206e-12       3.402431e-09      326.355      326.355
    1912.001      1009.955      0.58600      175.991      2.570715e-20       1.206529e-11       5.055846e-08      326.355      326.355
    1912.001      1009.943      0.58600      175.988      1.914570e-22       1.371175e-11       5.870910e-10      326.355      326.355
    1912.001      1009.938      0.58600      175.989      2.264018e-20       1.502574e-11       4.734386e-08      326.355      326.355
    1912.001      1009.948      0.58600      175.989      1.727720e-22       1.249940e-11       1.286023e-09      326.355      326.355
    1912.001      1009.944      0.58600      175.989      2.554305e-22       1.178266e-11       3.414688e-09      326.355      326.355
    1912.001      1009.946      0.58600      175.989      1.618740e-22       1.269197e-11       2.809826e-10      326.355      326.355
    1912.001      1009.949      0.58600      175.990      1.207010e-22       1.069484e-11       7.951466e-10      326.355      326.355
    1912.001      1009.952      0.58600      175.991      2.558658e-20       1.187682e-11       5.044355e-08      326.355      326.355
    1912.001      1009.945      0.58600      175.990      2.433020e-20       1.339511e-11       4.914343e-08      326.355      326.355
    1912.001      1009.947      0.58600      175.989      1.567358e-22       1.208192e-11       1.037521e-09      326.355      326.355
    1912.001      1009.948      0.58600      175.990      1.529148e-22       1.046367e-11       2.083928e-09      326.355      326.355
    1912.001      1009.959      0.58600      175.991      1.768605e-22       9.664634e-12       2.888880e-09      326.355      326.355
    1912.001      1009.944      0.58600      175.989      1.395272e-22       1.177120e-11       3.110111e-10      326.355      326.355
    1912.001      1009.943      0.58600      175.989      1.348640e-22       1.160196e-11       1.611742e-10      326.355      326.355
    1912.001      1009.944      0.58600      175.990      1.089550e-22       1.025063e-11       6.229414e-10      326.355      326.355
    1912.001      1009.943      0.58600      175.991      2.588587e-20       1.193346e-11       5.073802e-08      326.355      326.355
    1912.001      1009.942      0.58600      175.989      1.493852e-22       1.168325e-11       1.135267e-09      326.355      326.355
    1912.001      1009.944      0.58600      175.990      1.293095e-22       1.136909e-11       7.384605e-11      326.355      326.355
    1912.001      1009.946      0.58600      175.990      1.043802e-22       1.020285e-11       1.682218e-10      326.355      326.355
    1912.001      1009.947      0.58600      175.991      2.480396e-20       1.196060e-11       4.965974e-08      326.355      326.355
    1912.001      1009.949      0.58600      175.991      2.556623e-20       1.217461e-11       5.041628e-08      326.355      326.355
    1912.001      1009.944      0.58600      175.990      1.234248e-22       1.110165e-11       1.339032e-10      326.355      326.355
    1912.001      1009.948      0.58600      175.991      1.046317e-22       9.778922e-12       9.489669e-10      326.355      326.355
    1912.001      1009.950      0.58600      175.991      2.582743e-20       1.188078e-11       5.068164e-08      326.355      326.355
    1912.001      1009.946      0.58600      175.990      1.168641e-22       1.065567e-11       5.763664e-10      326.355      326.355
    1912.001      1009.943      0.58600      175.991      1.001062e-22       9.800657e-12       6.367301e-10      326.355      326.355
    1912.001      1009.940      0.58600      175.991      9.592924e-23       9.445727e-12       8.190470e-10      326.355      326.355
    1912.001      1009.944      0.58600      175.991      2.587575e-20       1.167612e-11       5.073403e-08      326.355      326.355
    1912.001      1009.945      0.58600      175.990      1.071099e-22       1.026767e-11       4.105960e-10      326.355      326.355
    1912.001      1009.945      0.58600      175.991      9.447971e-23       9.562882e-12       5.506276e-10      326.355      326.355
    1912.001      1009.945      0.58600      175.991      2.518075e-20       1.170682e-11       5.004368e-08      326.355      326.355
    1912.001      1009.944      0.58600      175.991      2.574564e-20       1.168934e-11       5.060534e-08      326.355      326.355
    1912.001      1009.945      0.58600      175.991      1.026056e-22       9.993216e-12       5.236630e-10      326.355      326.355
    1912.001      1009.940      0.58600      175.991      9.664826e-23       9.826264e-12       9.682709e-11      326.355      326.355
    1912.001      1009.939      0.58600      175.991      8.885083e-23       9.275163e-12       5.313234e-10      326.355      326.355
    1912.001      1009.935      0.58600      175.992      8.962849e-23       8.942753e-12       9.826726e-10      326.355      326.355
    1912.001      1009.937      0.58600      175.991      8.395589e-23       9.139693e-12       2.056043e-10      326.355      326.355
    1912.001      1009.932      0.58600      175.992      2.524582e-20       1.129351e-11       5.011814e-08      326.355      326.355
    1912.001      1009.940      0.58600      175.991      1.013478e-22       8.874139e-12       1.503271e-09      326.355      326.355
    1912.001      1009.940      0.58600      175.991      9.274535e-23       9.578024e-12       3.174458e-10      326.355      326.355
    1912.001      1009.940      0.58600      175.991      2.518573e-20       1.174913e-11       5.004766e-08      326.355      326.355
    1912.001      1009.940      0.58600      175.991      9.031750e-23       9.407258e-12       4.268359e-10      326.355      326.355
    1912.001      1009.932      0.58600      175.991      8.749352e-23       9.254668e-12       4.295936e-10      326.355      326.355
    1912.001      1009.934      0.58600      175.992      8.672583e-23       8.990829e-12       7.675692e-10      326.355      326.355
    1912.001      1009.931      0.58600      175.992      8.413866e-23       8.991618e-12       5.736087e-10      326.355      326.355
    1912.001      1009.928      0.58600      175.992      8.144010e-23       9.003396e-12       1.948799e-10      326.355      326.355
    1912.001      1009.923      0.58600      175.992      8.223832e-23       9.028494e-12       2.693387e-10      326.355      326.355
    1912.001      1009.932      0.58600      175.992      8.190972e-23       8.781513e-12       6.924977e-10      326.355      326.355
    1912.001      1009.930      0.58600      175.992      2.525180e-20       1.136758e-11       5.012243e-08      326.355      326.355
    1912.001      1009.933      0.58600      175.992      8.322094e-23       8.974947e-12       5.169218e-10      326.355      326.355
    1912.001      1009.934      0.58600      175.992      2.541024e-20       1.136764e-11       5.028023e-08      326.355      326.355
    1912.001      1009.932      0.58600      175.992      8.491099e-23       8.973695e-12       6.621625e-10      326.355      326.355
    1912.001      1009.930      0.58600      175.992      8.397312e-23       8.888109e-12       7.053671e-10      326.355      326.355
    1912.001      1009.931      0.58600      175.992      8.191504e-23       8.980429e-12       3.560541e-10      326.355      326.355
    1912.001      1009.932      0.58600      175.992      8.209649e-23       9.038637e-12       2.000888e-10      326.355      326.355
    1912.001      1009.929      0.58600      175.992      8.227178e-23       8.994959e-12       3.692299e-10      326.355      326.355
    1912.001      1009.930      0.58600      175.992      8.325616e-23       9.112764e-12       1.464662e-10      326.355      326.355
    1912.001      1009.930      0.58600      175.992      8.224211e-23       9.056096e-12       1.516753e-10      326.355      326.355
    1912.001      1009.931      0.58600      175.992      8.174546e-23       9.039864e-12       5.209050e-11      326.355      326.355
    1912.001      1009.931      0.58600      175.992      8.108068e-23       8.966601e-12       2.610655e-10      326.355      326.355
    1912.001      1009.931      0.58600      175.992      8.289545e-23       8.921824e-12       5.742214e-10      326.355      326.355
    1912.001      1009.928      0.58600      175.992      8.307713e-23       8.969744e-12       5.120192e-10      326.355      326.355
    1912.001      1009.931      0.58600      175.992      8.292902e-23       9.014238e-12       4.090639e-10      326.355      326.355
    1912.001      1009.930      0.58600      175.992      8.126577e-23       8.980988e-12       2.466640e-10      326.355      326.355
    1912.001      1009.931      0.58600      175.992      8.292415e-23       9.002504e-12       4.335770e-10      326.355      326.355
    1912.001      1009.931      0.58600      175.992      8.155733e-23       8.972799e-12       3.235742e-10      326.355      326.355
    1912.001      1009.932      0.58600      175.992      8.344185e-23       9.001000e-12       4.924087e-10      326.355      326.355
    1912.001      1009.929      0.58600      175.992      8.184570e-23       8.963882e-12       3.866956e-10      326.355      326.355
    1912.001      1009.929      0.58600      175.992      8.186577e-23       8.941737e-12       4.372541e-10      326.355      326.355
    1912.001      1009.930      0.58600      175.992      8.050693e-23       8.955295e-12       1.761884e-10      326.355      326.355
    1912.001      1009.931      0.58600      175.992      8.188328e-23       8.975465e-12       3.640208e-10      326.355      326.355
    1912.001      1009.930      0.58600      175.992      8.170969e-23       8.966410e-12       3.624887e-10      326.355      326.355
    1912.001      1009.931      0.58600      175.992      8.193684e-23       8.971324e-12       3.811801e-10      326.355      326.355
    1912.001      1009.930      0.58600      175.992      8.177674e-23       8.967524e-12       3.689235e-10      326.355      326.355
    1912.001      1009.930      0.58600      175.992      8.071119e-23       8.960847e-12       2.037658e-10      326.355      326.355
    1912.001      1009.930      0.58600      175.992      8.087231e-23       8.968060e-12       2.114263e-10      326.355      326.355
    1912.001      1009.930      0.58600      175.992      8.296908e-23       8.963893e-12       5.117129e-10      326.355      326.355
    1912.001      1009.930      0.58600      175.992      8.103646e-23       8.960667e-12       2.727092e-10      326.355      326.355
    1912.001      1009.930      0.58600      175.992      8.233377e-23       8.958711e-12       4.556389e-10      326.355      326.355
    1912.001      1009.930      0.58600      175.992      8.145550e-23       8.959360e-12       3.444102e-10      326.355      326.355
    1912.001      1009.930      0.58600      175.992      8.412253e-23       8.962705e-12       6.158939e-10      326.355      326.355
    1912.001      1009.930      0.58600      175.992      8.096556e-23       8.960802e-12       2.589205e-10      326.355      326.355
    1912.001      1009.930      0.58600      175.992      8.058989e-23       8.960993e-12       1.706730e-10      326.355      326.355
    1912.001      1009.930      0.58600      175.992      8.403716e-23       8.962758e-12       6.088463e-10      326.355      326.355
    1912.001      1009.930      0.58600      175.992      8.420345e-23       8.960641e-12       6.253928e-10      326.355      326.355
    1912.001      1009.930      0.58600      175.992      8.051678e-23       8.958507e-12       1.620934e-10      326.355      326.355
    1912.001      1009.930      0.58600      175.992      8.061851e-23       8.957918e-12       1.936542e-10      326.355      326.355
    1912.001      1009.930      0.58600      175.992      8.063885e-23       8.962111e-12       1.789462e-10      326.355      326.355
    1912.001      1009.930      0.58600      175.992      8.071958e-23       8.958074e-12       2.175545e-10      326.355      326.355
    1912.001      1009.930      0.58600      175.992      8.188567e-23       8.958405e-12       4.041612e-10      326.355      326.355
    1912.001      1009.930      0.58600      175.992      8.176571e-23       8.958357e-12       3.891468e-10      326.355      326.355
    1912.001      1009.930      0.58600      175.992      8.193609e-23       8.957448e-12       4.124344e-10      326.355      326.355
    1912.001      1009.930      0.58600      175.992      8.218287e-23       8.956590e-12       4.430759e-10      326.355      326.355
    1912.001      1009.930      0.58600      175.992      8.215620e-23       8.958709e-12       4.357220e-10      326.355      326.355
    1912.001      1009.930      0.58600      175.992      8.062156e-23       8.956606e-12       2.003954e-10      326.355      326.355
    1912.001      1009.930      0.58600      175.992      8.215933e-23       8.957238e-12       4.390925e-10      326.355      326.355
    1912.001      1009.930      0.58600      175.992      8.110104e-23       8.957486e-12       2.941583e-10      326.355      326.355
    1912.001      1009.930      0.58600      175.992      8.150981e-23       8.954636e-12       3.640208e-10      326.355      326.355
    1912.001      1009.930      0.58600      175.992      8.150618e-23       8.954682e-12       3.634080e-10      326.355      326.355
    1912.001      1009.930      0.58600      175.992      8.044064e-23       8.957737e-12       1.415637e-10      326.355      326.355
    1912.001      1009.930      0.58600      175.992      8.118502e-23       8.959003e-12       3.036571e-10      326.355      326.355
    1912.001      1009.930      0.58600      175.992      8.355556e-23       8.958545e-12       5.745280e-10      326.355      326.355
    1912.001      1009.930      0.58600      175.992      8.187717e-23       8.955844e-12       4.087574e-10      326.355      326.355
    1912.001      1009.930      0.58600      175.992      8.193108e-23       8.956603e-12       4.136601e-10      326.355      326.355
    1912.001      1009.930      0.58600      175.992      8.204294e-23       8.957249e-12       4.256102e-10      326.355      326.355
    1912.001      1009.930      0.58600      175.992      8.077140e-23       8.957114e-12       2.328753e-10      326.355      326.355
    1912.001      1009.930      0.58600      175.992      8.083475e-23       8.956281e-12       2.491152e-10      326.355      326.355
    1912.001      1009.930      0.58600      175.992      8.397791e-23       8.956735e-12       6.128298e-10      326.355      326.355
    1912.001      1009.930      0.58600      175.992      8.140794e-23       8.957058e-12       3.434911e-10      326.355      326.355
    1912.001      1009.930      0.58600      175.992      8.363545e-23       8.957660e-12       5.828010e-10      326.355      326.355
    1912.001      1009.930      0.58600      175.992      8.122650e-23       8.957296e-12       3.153009e-10      326.355      326.355
    1912.001      1009.930      0.58600      175.992      8.440339e-23       8.957233e-12       6.459226e-10      326.355      326.355
    1912.001      1009.930      0.58600      175.992      8.098358e-23       8.957623e-12       2.730155e-10      326.355      326.355
    1912.001      1009.930      0.58600      175.992      8.449402e-23       8.957183e-12       6.529702e-10      326.355      326.355
    1912.001      1009.930      0.58600      175.992      8.101933e-23       8.956769e-12       2.822081e-10      326.355      326.355
    1912.001      1009.930      0.58600      175.992      8.050252e-23       8.957600e-12       1.627063e-10      326.355      326.355
    1912.001      1009.930      0.58600      175.992      8.414107e-23       8.957374e-12       6.250864e-10      326.355      326.355
    1912.001      1009.930      0.58600      175.992      8.083728e-23       8.957016e-12       2.469704e-10      326.355      326.355
    1912.001      1009.930      0.58600      175.992      8.049523e-23       8.956857e-12       1.645447e-10      326.355      326.355
    1912.001      1009.930      0.58600      175.992      8.386400e-23       8.959089e-12       5.999604e-10      326.355      326.355
    1912.001      1009.930      0.58600      175.992      8.073623e-23       8.956412e-12       2.279726e-10      326.355      326.355
    1912.001      1009.930      0.58600      175.992      8.422507e-23       8.957333e-12       6.318274e-10      326.355      326.355
    1912.001      1009.930      0.58600      175.992      8.062554e-23       8.957373e-12       1.979440e-10      326.355      326.355
    1912.001      1009.930      0.58600      175.992      8.430368e-23       8.958031e-12       6.370365e-10      326.355      326.355
    1912.001      1009.930      0.58600      175.992      8.054852e-23       8.957496e-12       1.768014e-10      326.355      326.355
    1912.001      1009.930      0.58600      175.992      8.458604e-23       8.957154e-12       6.600177e-10      326.355      326.355
    1912.001      1009.930      0.58600      175.992      8.054852e-23       8.957496e-12       1.768014e-10      326.355      326.355
    1912.001      1009.930      0.58600      175.992      8.049523e-23       8.956857e-12       1.645447e-10      326.355      326.355
    1912.001      1009.930      0.58600      175.992      8.412829e-23       8.958154e-12       6.229414e-10      326.355      326.355
    1912.001      1009.930      0.58600      175.992      8.050252e-23       8.957600e-12       1.627063e-10      326.355      326.355
    1912.001      1009.930      0.58600      175.992      8.040476e-23       8.957850e-12       1.274686e-10      326.355      326.355
    1912.001      1009.930      0.58600      175.992      8.412829e-23       8.958154e-12       6.229414e-10      326.355      326.355
    1912.001      1009.930      0.58600      175.992      8.404164e-23       8.958191e-12       6.158939e-10      326.355      326.355
    1912.001      1009.930      0.58600      175.992      8.046033e-23       8.957694e-12       1.486112e-10      326.355      326.355
    1912.001      1009.930      0.58600      175.992      8.044064e-23       8.957737e-12       1.415637e-10      326.355      326.355
    1912.001      1009.930      0.58600      175.992      8.044064e-23       8.957737e-12       1.415637e-10      326.355      326.355
    1912.001      1009.930      0.58600      175.992      8.439311e-23       8.957984e-12       6.440840e-10      326.355      326.355
    1912.001      1009.930      0.58600      175.992      8.044064e-23       8.957737e-12       1.415637e-10      326.355      326.355
    1912.001      1009.930      0.58600      175.992      8.042248e-23       8.957809e-12       1.345161e-10      326.355      326.355
    1912.001      1009.930      0.58600      175.992      8.040476e-23       8.957850e-12       1.274686e-10      326.355      326.355
    1912.001      1009.930      0.58600      175.992      8.430368e-23       8.958031e-12       6.370365e-10      326.355      326.355
    1912.001      1009.930      0.58600      175.992      8.042248e-23       8.957809e-12       1.345161e-10      326.355      326.355
    1912.001      1009.930      0.58600      175.992      8.038818e-23       8.957900e-12       1.204211e-10      326.355      326.355
    1912.001      1009.930      0.58600      175.992      8.449402e-23       8.957183e-12       6.529702e-10      326.355      326.355
    1912.001      1009.930      0.58600      175.992      8.421532e-23       8.958083e-12       6.299890e-10      326.355      326.355
    1912.001      1009.930      0.58600      175.992      8.040476e-23       8.957850e-12       1.274686e-10      326.355      326.355
    1912.001      1009.930      0.58600      175.992      8.045305e-23       8.956980e-12       1.504497e-10      326.355      326.355
    1912.001      1009.930      0.58600      175.992      8.040476e-23       8.957850e-12       1.274686e-10      326.355      326.355
    1912.001      1009.930      0.58600      175.992      8.045305e-23       8.956980e-12       1.504497e-10      326.355      326.355
    1912.001      1009.930      0.58600      175.992      8.040476e-23       8.957850e-12       1.274686e-10      326.355      326.355
    1912.001      1009.930      0.58600      175.992      8.038818e-23       8.957900e-12       1.204211e-10      326.355      326.355
    1912.001      1009.930      0.58600      175.992      8.038818e-23       8.957900e-12       1.204211e-10      326.355      326.355
    1912.001      1009.930      0.58600      175.992      8.040476e-23       8.957850e-12       1.274686e-10      326.355      326.355
    1912.001      1009.930      0.58600      175.992      8.038818e-23       8.957900e-12       1.204211e-10      326.355      326.355
    1912.001      1009.930      0.58600      175.992      8.038818e-23       8.957900e-12       1.204211e-10      326.355      326.355
    1912.001      1009.930      0.58600      175.992      8.038818e-23       8.957900e-12       1.204211e-10      326.355      326.355
    1912.001      1009.930      0.58600      175.992      8.038818e-23       8.957900e-12       1.204211e-10      326.355      326.355
    1912.001      1009.930      0.58600      175.992      8.038818e-23       8.957900e-12       1.204211e-10      326.355      326.355
    1912.001      1009.930      0.58600      175.992      8.038818e-23       8.957900e-12       1.204211e-10      326.355      326.355
    1912.001      1009.930      0.58600      175.992      8.038818e-23       8.957900e-12       1.204211e-10      326.355      326.355
    1912.001      1009.930      0.58600      175.992      8.038818e-23       8.957900e-12       1.204211e-10      326.355      326.355
    1912.001      1009.930      0.58600      175.992      8.038818e-23       8.957900e-12       1.204211e-10      326.355      326.355
    1912.001      1009.930      0.58600      175.992      8.038818e-23       8.957900e-12       1.204211e-10      326.355      326.355
    1912.001      1009.930      0.58600      175.992      8.038818e-23       8.957900e-12       1.204211e-10      326.355      326.355
    1912.001      1009.930      0.58600      175.992      8.038818e-23       8.957900e-12       1.204211e-10      326.355      326.355
    1912.001      1009.930      0.58600      175.992      8.038818e-23       8.957900e-12       1.204211e-10      326.355      326.355
    1912.001      1009.930      0.58600      175.992      8.038818e-23       8.957900e-12       1.204211e-10      326.355      326.355
    1912.001      1009.930      0.58600      175.992      8.038818e-23       8.957900e-12       1.204211e-10      326.355      326.355
    1912.001      1009.930      0.58600      175.992      8.038818e-23       8.957900e-12       1.204211e-10      326.355      326.355
    1912.001      1009.930      0.58600      175.992      8.038818e-23       8.957900e-12       1.204211e-10      326.355      326.355
    1912.001      1009.930      0.58600      175.992      8.038818e-23       8.957900e-12       1.204211e-10      326.355      326.355
    1912.001      1009.930      0.58600      175.992      8.038818e-23       8.957900e-12       1.204211e-10      326.355      326.355
    1912.001      1009.930      0.58600      175.992      8.038818e-23       8.957900e-12       1.204211e-10      326.355      326.355
    1912.001      1009.930      0.58600      175.992      8.038818e-23       8.957900e-12       1.204211e-10      326.355      326.355
    1912.001      1009.930      0.58600      175.992      8.038818e-23       8.957900e-12       1.204211e-10      326.355      326.355
    1912.001      1009.930      0.58600      175.992      8.038818e-23       8.957900e-12       1.204211e-10      326.355      326.355
    1912.001      1009.930      0.58600      175.992      8.038818e-23       8.957900e-12       1.204211e-10      326.355      326.355
    1912.001      1009.930      0.58600      175.992      8.038818e-23       8.957900e-12       1.204211e-10      326.355      326.355
    1912.001      1009.930      0.58600      175.992      8.038818e-23       8.957900e-12       1.204211e-10      326.355      326.355
    1912.001      1009.930      0.58600      175.992      8.038818e-23       8.957900e-12       1.204211e-10      326.355      326.355
    1912.001      1009.930      0.58600      175.992      8.038818e-23       8.957900e-12       1.204211e-10      326.355      326.355
    1912.001      1009.930      0.58600      175.992      8.038818e-23       8.957900e-12       1.204211e-10      326.355      326.355
    1912.001      1009.930      0.58600      175.992      8.038818e-23       8.957900e-12       1.204211e-10      326.355      326.355
    1912.001      1009.930      0.58600      175.992      8.038818e-23       8.957900e-12       1.204211e-10      326.355      326.355
    1912.001      1009.930      0.58600      175.992      8.038818e-23       8.957900e-12       1.204211e-10      326.355      326.355
    1912.001      1009.930      0.58600      175.992      8.038818e-23       8.957900e-12       1.204211e-10      326.355      326.355
    1912.001      1009.930      0.58600      175.992      8.038818e-23       8.957900e-12       1.204211e-10      326.355      326.355
    1912.001      1009.930      0.58600      175.992      8.038818e-23       8.957900e-12       1.204211e-10      326.355      326.355
    1912.001      1009.930      0.58600      175.992      8.038818e-23       8.957900e-12       1.204211e-10      326.355      326.355
    1912.001      1009.930      0.58600      175.992      8.038818e-23       8.957900e-12       1.204211e-10      326.355      326.355
    1912.001      1009.930      0.58600      175.992      8.038818e-23       8.957900e-12       1.204211e-10      326.355      326.355
    1912.001      1009.930      0.58600      175.992      8.038818e-23       8.957900e-12       1.204211e-10      326.355      326.355
    1912.001      1009.930      0.58600      175.992      8.038818e-23       8.957900e-12       1.204211e-10      326.355      326.355
    1912.001      1009.930      0.58600      175.992      8.038818e-23       8.957900e-12       1.204211e-10      326.355      326.355
    1912.001      1009.930      0.58600      175.992      8.038818e-23       8.957900e-12       1.204211e-10      326.355      326.355
    1912.001      1009.930      0.58600      175.992      8.038818e-23       8.957900e-12       1.204211e-10      326.355      326.355
    1912.001      1009.930      0.58600      175.992      8.038818e-23       8.957900e-12       1.204211e-10      326.355      326.355
    1912.001      1009.930      0.58600      175.992      8.038818e-23       8.957900e-12       1.204211e-10      326.355      326.355
    1912.001      1009.930      0.58600      175.992      8.038818e-23       8.957900e-12       1.204211e-10      326.355      326.355
    1912.001      1009.930      0.58600      175.992      8.038818e-23       8.957900e-12       1.204211e-10      326.355      326.355
    1912.001      1009.930      0.58600      175.992      8.038818e-23       8.957900e-12       1.204211e-10      326.355      326.355
    1912.001      1009.930      0.58600      175.992      8.038818e-23       8.957900e-12       1.204211e-10      326.355      326.355
    1912.001      1009.930      0.58600      175.992      8.038818e-23       8.957900e-12       1.204211e-10      326.355      326.355
    1912.001      1009.930      0.58600      175.992      8.038818e-23       8.957900e-12       1.204211e-10      326.355      326.355
    1912.001      1009.930      0.58600      175.992      8.038818e-23       8.957900e-12       1.204211e-10      326.355      326.355
    1912.001      1009.930      0.58600      175.992      8.038818e-23       8.957900e-12       1.204211e-10      326.355      326.355
    1912.001      1009.930      0.58600      175.992      8.038818e-23       8.957900e-12       1.204211e-10      326.355      326.355
    1912.001      1009.930      0.58600      175.992      8.038818e-23       8.957900e-12       1.204211e-10      326.355      326.355
    1912.001      1009.930      0.58600      175.992      8.038818e-23       8.957900e-12       1.204211e-10      326.355      326.355
    1912.001      1009.930      0.58600      175.992      8.038818e-23       8.957900e-12       1.204211e-10      326.355      326.355
    1912.001      1009.930      0.58600      175.992      8.038818e-23       8.957900e-12       1.204211e-10      326.355      326.355
    1912.001      1009.930      0.58600      175.992      8.038818e-23       8.957900e-12       1.204211e-10      326.355      326.355
    1912.001      1009.930      0.58600      175.992      8.038818e-23       8.957900e-12       1.204211e-10      326.355      326.355
    1912.001      1009.930      0.58600      175.992      8.038818e-23       8.957900e-12       1.204211e-10      326.355      326.355
    1912.001      1009.930      0.58600      175.992      8.038818e-23       8.957900e-12       1.204211e-10      326.355      326.355
    1912.001      1009.930      0.58600      175.992      8.038818e-23       8.957900e-12       1.204211e-10      326.355      326.355
    1912.001      1009.930      0.58600      175.992      8.038818e-23       8.957900e-12       1.204211e-10      326.355      326.355
    1912.001      1009.930      0.58600      175.992      8.038818e-23       8.957900e-12       1.204211e-10      326.355      326.355
    1912.001      1009.930      0.58600      175.992      8.038818e-23       8.957900e-12       1.204211e-10      326.355      326.355
    1912.001      1009.930      0.58600      175.992      8.038818e-23       8.957900e-12       1.204211e-10      326.355      326.355
    1912.001      1009.930      0.58600      175.992      8.038818e-23       8.957900e-12       1.204211e-10      326.355      326.355
    1912.001      1009.930      0.58600      175.992      8.038818e-23       8.957900e-12       1.204211e-10      326.355      326.355
    1912.001      1009.930      0.58600      175.992      8.038818e-23       8.957900e-12       1.204211e-10      326.355      326.355
    1912.001      1009.930      0.58600      175.992      8.038818e-23       8.957900e-12       1.204211e-10      326.355      326.355
    1912.001      1009.930      0.58600      175.992      8.038818e-23       8.957900e-12       1.204211e-10      326.355      326.355
    1912.001      1009.930      0.58600      175.992      8.038818e-23       8.957900e-12       1.204211e-10      326.355      326.355
    1912.001      1009.930      0.58600      175.992      8.038818e-23       8.957900e-12       1.204211e-10      326.355      326.355
    1912.001      1009.930      0.58600      175.992      8.038818e-23       8.957900e-12       1.204211e-10      326.355      326.355
    1912.001      1009.930      0.58600      175.992      8.038818e-23       8.957900e-12       1.204211e-10      326.355      326.355
    1912.001      1009.930      0.58600      175.992      8.038818e-23       8.957900e-12       1.204211e-10      326.355      326.355
    1912.001      1009.930      0.58600      175.992      8.038818e-23       8.957900e-12       1.204211e-10      326.355      326.355
    1912.001      1009.930      0.58600      175.992      8.038818e-23       8.957900e-12       1.204211e-10      326.355      326.355
    1912.001      1009.930      0.58600      175.992      8.038818e-23       8.957900e-12       1.204211e-10      326.355      326.355
    1912.001      1009.930      0.58600      175.992      8.038818e-23       8.957900e-12       1.204211e-10      326.355      326.355
    1912.001      1009.930      0.58600      175.992      8.038818e-23       8.957900e-12       1.204211e-10      326.355      326.355
    1912.001      1009.930      0.58600      175.992      8.038818e-23       8.957900e-12       1.204211e-10      326.355      326.355
    1912.001      1009.930      0.58600      175.992      8.038818e-23       8.957900e-12       1.204211e-10      326.355      326.355
    1912.001      1009.930      0.58600      175.992      8.038818e-23       8.957900e-12       1.204211e-10      326.355      326.355
    1912.001      1009.930      0.58600      175.992      8.038818e-23       8.957900e-12       1.204211e-10      326.355      326.355
    1912.001      1009.930      0.58600      175.992      8.038818e-23       8.957900e-12       1.204211e-10      326.355      326.355
