 [Q11, Q12, Q22, Q66]  O.F.1  IT_1 IT_Force Force_Exp Force_FEMU 
     2335.68       1012.22       987.05       211.20      6.121292e-03       7.823351e-02       2.950434e-01      326.355      230.066
     7578.68       1012.22       987.05       211.20      5.037045e-03       7.055804e-02       2.421933e+00      326.355     1116.765
     2335.68       4916.85       987.05       211.20      5.037045e-03       7.055804e-02       2.421933e+00      326.355     1116.765
     2335.68       1012.22      4859.54       211.20      3.163502e-03       5.624440e-02       1.003895e-01      326.355      359.117
     2335.68       1012.22       987.05      2730.27      1.422308e-02       1.192581e-01       2.676889e-01      326.355      238.993
     4600.23       2607.37      2566.19       551.13      7.206359e-03       8.489030e-02       8.192205e-02      326.355      353.091
     3965.58       2140.49      2103.33        21.13      1.001125e-02       1.000565e-01       6.099992e-02      326.355      306.447
     4600.23       1012.22      2566.19       211.20      2.374978e-04       1.495405e-02       1.177980e+00      326.355      710.794
     2335.68       2607.37      2566.19       211.20      2.374978e-04       1.495405e-02       1.177980e+00      326.355      710.794
     2335.68       1012.22      2566.19       211.20      2.025298e-04       1.423134e-02       8.192606e-03      326.355      329.029
     2335.68       1012.22      2566.19      1118.61      4.987500e-04       2.233278e-02       1.365066e-02      326.355      330.810
     3376.23       1718.74       987.05       575.81      4.987500e-04       2.233278e-02       1.365066e-02      326.355      330.810
     3098.72       1524.92      1685.60       467.89      2.163947e-03       4.651803e-02       6.446290e-02      326.355      305.317
     3376.23       1012.22      2566.19       211.20      2.093976e-04       1.436731e-02       5.459088e-01      326.355      504.515
     2335.68       1718.74      2566.19       211.20      2.609884e-05       4.975217e-03       3.669204e-01      326.355      206.609
     2335.68       1012.22      2566.19       575.81      2.920176e-04       1.708857e-02       1.181710e-02      326.355      330.211
     2335.68       1012.22      3625.50       211.20      1.355341e-03       3.681457e-02       6.493160e-02      326.355      347.546
     2832.75       1342.54      1685.60       371.14      4.174579e-04       2.043117e-02       5.429704e-02      326.355      308.635
     2704.11       1255.64      2103.33       326.95      1.184541e-06       1.084076e-03       3.054614e-02      326.355      336.324
     3031.14       1478.25      2329.15        47.08      6.375424e-05       7.979455e-03       9.120563e-02      326.355      356.120
     1912.27       1743.77      2214.83       155.33      6.639512e-04       2.567115e-02       7.035569e-01      326.355       96.746
     2972.60       1176.79      2475.99       196.43      2.453313e-05       4.885367e-03       2.581778e-01      326.355      410.612
     3205.75       1848.90      2172.69       148.96      8.993077e-04       2.998592e-02       1.269770e-01      326.355      284.915
     2540.66       1198.22      2464.82       194.62      1.552956e-05       3.940086e-03       2.331574e-02      326.355      333.964
     2262.70       1187.48      2470.40       549.74      7.337372e-05       8.558851e-03       1.097855e-01      326.355      290.526
     2828.81       1402.62      2364.08       120.92      1.255985e-06       1.111343e-03       4.573257e-02      326.355      341.280
     3217.16        866.34      2142.43       195.67      1.690101e-04       1.290836e-02       4.884797e-01      326.355      485.773
     2543.20       1478.90      2456.76       207.26      4.976838e-07       5.783060e-04       1.277691e-01      326.355      284.657
     2350.87       1495.68      2217.40       215.98      2.207678e-05       4.611138e-03       2.853773e-01      326.355      233.221
     2499.65       1412.42      2280.74       211.00      1.171446e-06       9.853213e-04       1.416324e-01      326.355      280.132
     2746.03       1587.65      2139.61       226.46      1.224017e-04       1.105155e-02       1.631463e-01      326.355      273.111
     2591.27       1290.51      2381.41       202.35      7.832906e-07       8.846918e-04       7.865884e-03      326.355      323.788
     2350.02       1313.89      2244.03       384.97      8.640827e-06       2.894172e-03       1.626894e-01      326.355      273.260
     2705.07       1380.17      2333.78       172.95      8.519835e-08       2.908536e-04       7.767617e-03      326.355      323.820
     2467.03       1530.42      2636.85       101.44      2.001745e-06       1.306481e-03       1.717176e-01      326.355      270.314
     2643.85       1321.82      2231.20       258.50      2.714788e-07       5.173137e-04       1.966708e-02      326.355      319.936
     2744.15       1322.18      2420.45       207.34      5.647871e-07       7.272240e-04       5.994803e-02      326.355      345.919
     2726.64       1462.22      2338.20       218.66      1.078648e-06       1.029397e-03       4.358845e-02      326.355      312.130
     2624.80       1332.45      2370.57       206.37      1.600214e-07       3.972424e-04       1.490451e-02      326.355      321.491
     2516.09       1434.25      2275.43       213.05      2.177452e-06       1.399871e-03       1.475915e-01      326.355      278.188
     2686.23       1349.78      2383.79       208.76      1.048934e-07       3.225257e-04       9.335715e-03      326.355      329.402
     2789.35       1219.21      2205.46       213.89      3.629260e-07       4.956224e-04       1.082990e-01      326.355      361.699
     2726.78       1281.81      2267.05       212.22      1.078196e-07       2.868667e-04       5.052517e-02      326.355      342.844
     2727.64       1349.88      2448.43       148.58      8.887703e-07       9.349598e-04       3.824800e-02      326.355      338.837
     2664.68       1328.81      2284.58       228.18      7.064971e-08       2.653284e-04       5.012400e-03      326.355      324.719
     2767.40       1337.36      2264.19       203.66      4.812975e-08       1.813074e-04       3.906110e-02      326.355      339.103
     2840.08       1339.82      2211.89       202.30      1.525449e-07       3.297146e-04       6.620744e-02      326.355      347.962
     2684.73       1417.80      2366.19       193.77      1.275719e-07       3.404233e-04       3.418341e-02      326.355      315.199
     2716.24       1315.17      2291.64       207.53      5.235504e-08       2.082880e-04       2.995261e-02      326.355      336.130
     2740.35       1330.80      2204.87       196.51      1.053145e-07       3.192128e-04       1.848975e-02      326.355      332.389
     2699.71       1345.02      2338.42       205.66      4.997573e-08       2.204245e-04       1.178663e-02      326.355      330.202
     2718.71       1283.83      2255.79       253.15      1.712888e-07       3.889745e-04       4.470916e-02      326.355      340.946
     2708.47       1355.76      2314.16       191.57      4.013144e-08       1.995159e-04       5.703011e-03      326.355      328.216
     2781.72       1347.80      2319.53       177.52      8.322311e-08       2.441681e-04       4.858563e-02      326.355      342.211
     2693.71       1333.54      2293.29       214.92      4.262185e-08       2.047783e-04       8.295290e-03      326.355      329.062
     2718.26       1370.93      2313.26       200.24      5.314819e-08       2.304463e-04       2.079462e-03      326.355      327.034
     2716.74       1329.01      2297.03       205.69      4.017777e-08       1.866274e-04       2.312648e-02      326.355      333.902
     2743.40       1332.79      2246.30       202.09      4.781676e-08       2.023246e-04       2.623341e-02      326.355      334.916
     2664.18       1338.15      2311.19       203.31      4.369687e-08       2.078155e-04       7.141571e-03      326.355      324.024
     2648.49       1345.41      2362.24       205.49      8.539364e-08       2.900612e-04       1.122032e-02      326.355      322.693
     2719.52       1335.94      2275.02       202.94      3.591331e-08       1.818486e-04       1.686630e-02      326.355      331.859
     2755.40       1338.94      2278.58       204.08      4.194938e-08       1.736558e-04       3.434143e-02      326.355      337.562
     2756.47       1346.26      2289.05       187.61      5.033015e-08       2.005891e-04       3.177192e-02      326.355      336.724
     2709.34       1336.72      2292.23       207.92      3.642958e-08       1.855453e-04       1.415226e-02      326.355      330.974
     2671.95       1339.74      2310.66       199.89      4.049526e-08       2.007891e-04       4.235569e-03      326.355      324.973
     2692.69       1339.54      2302.62       200.94      3.620696e-08       1.895268e-04       5.356349e-03      326.355      328.103
     2698.27       1355.01      2294.94       195.96      4.545010e-08       2.130784e-04       2.193839e-03      326.355      325.639
     2712.12       1335.48      2296.51       203.24      3.591985e-08       1.818904e-04       1.684059e-02      326.355      331.851
     2708.34       1318.21      2269.11       216.30      4.103059e-08       1.915713e-04       2.081203e-02      326.355      333.147
     2708.44       1346.32      2302.86       197.61      3.603907e-08       1.874409e-04       9.514823e-03      326.355      329.460
     2707.03       1341.92      2296.25       194.54      3.600281e-08       1.870192e-04       1.013404e-02      326.355      329.662
     2730.92       1340.29      2282.69       198.20      3.743373e-08       1.813167e-04       2.135018e-02      326.355      333.323
     2702.23       1339.73      2297.63       200.25      3.508008e-08       1.849506e-04       9.347083e-03      326.355      329.405
     2712.00       1330.23      2279.85       202.86      3.406261e-08       1.764883e-04       1.707282e-02      326.355      331.927
     2713.78       1322.23      2268.39       205.51      3.418971e-08       1.727686e-04       2.083508e-02      326.355      333.155
     2715.89       1328.78      2278.26       210.25      3.668073e-08       1.808630e-04       1.992391e-02      326.355      332.857
     2709.25       1338.63      2291.74       198.41      3.475982e-08       1.821434e-04       1.258544e-02      326.355      330.462
     2709.37       1336.78      2275.62       199.00      3.567430e-08       1.855985e-04       1.108088e-02      326.355      329.971
     2696.92       1336.74      2297.41       197.33      3.545324e-08       1.865038e-04       8.184783e-03      326.355      329.026
     2700.82       1335.88      2307.74       200.42      3.872975e-08       1.927995e-04       1.248388e-02      326.355      330.429
     2707.23       1336.55      2283.63       199.35      3.441873e-08       1.819606e-04       1.144286e-02      326.355      330.089
     2718.45       1335.83      2279.02       203.12      3.524087e-08       1.798207e-04       1.704609e-02      326.355      331.918
     2713.06       1336.06      2283.61       201.67      3.453225e-08       1.798154e-04       1.482897e-02      326.355      331.194
     2718.55       1331.02      2271.82       200.89      3.442518e-08       1.759454e-04       1.862452e-02      326.355      332.433
     2716.18       1328.31      2267.74       203.98      3.425048e-08       1.756853e-04       1.839962e-02      326.355      332.360
     2713.92       1327.00      2267.91       201.87      3.353389e-08       1.741143e-04       1.793989e-02      326.355      332.210
     2714.35       1322.49      2260.08       201.97      3.314065e-08       1.712940e-04       1.949183e-02      326.355      332.716
     2706.33       1327.77      2273.81       203.19      3.343191e-08       1.769340e-04       1.458277e-02      326.355      331.114
     2717.19       1317.87      2257.14       206.68      3.414645e-08       1.694398e-04       2.331712e-02      326.355      333.965
     2708.76       1320.87      2267.68       203.36      3.341675e-08       1.728370e-04       1.882662e-02      326.355      332.499
     2703.53       1332.82      2283.60       199.04      3.381861e-08       1.801587e-04       1.166960e-02      326.355      330.163
     2704.48       1321.74      2262.73       200.92      3.230190e-08       1.731678e-04       1.521543e-02      326.355      331.321
     2700.73       1317.50      2254.20       199.95      3.153787e-08       1.717474e-04       1.428638e-02      326.355      331.017
     2711.55       1311.53      2244.36       205.21      3.253424e-08       1.665295e-04       2.191448e-02      326.355      333.507
     2711.36       1308.45      2239.39       202.05      3.182836e-08       1.633706e-04       2.266860e-02      326.355      333.753
     2710.23       1309.11      2231.39       201.23      3.190924e-08       1.666367e-04       2.035124e-02      326.355      332.997
     2702.59       1300.85      2224.64       202.24      3.019998e-08       1.617314e-04       2.010770e-02      326.355      332.917
     2696.73       1290.09      2207.03       202.38      2.885041e-08       1.571299e-04       2.039814e-02      326.355      333.012
     2697.97       1301.03      2221.61       197.62      2.976725e-08       1.639955e-04       1.694991e-02      326.355      331.887
     2693.17       1299.39      2229.66       199.77      2.965601e-08       1.638076e-04       1.680281e-02      326.355      331.839
     2682.97       1295.53      2216.82       197.81      2.818974e-08       1.638584e-04       1.157763e-02      326.355      330.133
     2668.83       1289.09      2205.58       195.71      2.738907e-08       1.643863e-04       6.053836e-03      326.355      328.331
     2677.62       1272.49      2178.04       197.77      2.554369e-08       1.518560e-04       1.575970e-02      326.355      331.498
     2666.10       1250.27      2140.44       196.69      2.297594e-08       1.424030e-04       1.642411e-02      326.355      331.715
     2664.45       1263.40      2169.64       199.63      2.467344e-08       1.517096e-04       1.287584e-02      326.355      330.557
     2654.92       1247.19      2132.05       197.42      2.182256e-08       1.435228e-04       1.106333e-02      326.355      329.965
     2635.89       1221.48      2084.04       196.26      1.887007e-08       1.349338e-04       8.143312e-03      326.355      329.012
     2621.14       1222.25      2093.10       191.83      1.940930e-08       1.392481e-04       1.395472e-03      326.355      326.810
     2624.99       1190.45      2039.35       196.47      1.603309e-08       1.196561e-04       1.309822e-02      326.355      330.630
     2603.20       1142.58      1958.63       196.85      1.267168e-08       1.001990e-04       1.622326e-02      326.355      331.649
     2598.81       1155.42      1969.75       191.22      1.258037e-08       1.091421e-04       8.176163e-03      326.355      329.023
     2566.29       1103.22      1873.35       187.08      9.514277e-09       9.597075e-05       5.513487e-03      326.355      328.154
     2547.69       1095.89      1866.65       189.32      8.089509e-09       8.989696e-05       9.014615e-04      326.355      326.061
     2489.47       1022.47      1736.65       185.69      5.859231e-09       6.952683e-05       1.012570e-02      326.355      323.050
     2526.14       1024.66      1737.24       191.04      5.107654e-09       6.699678e-05       7.868482e-03      326.355      328.923
     2479.28        932.33      1571.52       190.64      3.913471e-09       5.462669e-05       9.640673e-03      326.355      329.501
     2434.65        888.77      1503.28       183.92      1.112883e-09       3.335078e-05       2.489499e-04      326.355      326.436
     2336.95        742.06      1247.90       177.91      1.512989e-09       2.977548e-05       7.914660e-03      326.355      323.772
     2383.57        838.99      1400.64       177.06      8.527142e-09       7.994148e-05       1.461700e-02      326.355      321.585
     2329.63        752.26      1258.07       181.54      6.263619e-09       6.136192e-05       1.580624e-02      326.355      321.196
     2482.63        955.43      1628.48       194.00      2.348236e-09       4.221689e-05       7.523219e-03      326.355      328.810
     2617.37       1168.68      2002.01       195.68      1.450027e-08       1.098893e-04       1.557156e-02      326.355      331.437
     2400.03        847.86      1428.16       185.02      1.987018e-09       3.972741e-05       6.393483e-03      326.355      324.268
     2408.92        795.82      1339.91       191.08      3.334604e-09       3.753632e-05       1.387675e-02      326.355      330.884
     2384.08        811.75      1377.81       186.34      2.792597e-10       1.538456e-05       2.063432e-03      326.355      325.681
     2337.17        754.57      1285.66       184.21      8.040558e-10       7.797667e-06       8.621211e-03      326.355      323.541
     2441.54        958.22      1633.18       183.56      4.312413e-09       4.569064e-05       1.491576e-02      326.355      321.487
     2417.06        835.02      1410.55       189.18      1.334832e-09       2.892783e-05       7.057063e-03      326.355      328.658
     2336.30        742.47      1243.48       178.39      3.221601e-09       4.871332e-05       9.212149e-03      326.355      323.348
     2445.64        899.69      1527.44       190.04      1.095105e-09       3.083255e-05       3.800899e-03      326.355      327.595
     2440.65        869.04      1480.29       189.72      1.587785e-09       1.868727e-05       1.112913e-02      326.355      329.987
     2430.47        863.72      1467.17       188.54      8.860109e-10       2.078676e-05       6.737403e-03      326.355      328.554
     2430.26        896.83      1527.35       185.23      7.273298e-10       2.560914e-05       2.674102e-03      326.355      325.482
     2410.50        846.75      1445.61       191.17      4.629987e-10       1.973965e-05       2.708302e-03      326.355      327.239
     2382.15        810.44      1382.34       185.60      1.254231e-10       9.988041e-06       1.601971e-03      326.355      325.832
     2350.71        767.55      1312.48       183.41      2.573170e-10       5.831510e-06       4.725578e-03      326.355      324.813
     2373.11        818.74      1398.54       185.62      8.702101e-10       1.282848e-05       8.400249e-03      326.355      323.613
     2387.39        829.87      1415.55       186.35      4.048004e-10       1.387843e-05       4.606426e-03      326.355      324.852
     2352.08        755.46      1288.07       189.50      2.269739e-10       1.481177e-05       8.710631e-04      326.355      326.071
     2342.55        757.75      1287.71       182.77      6.023483e-10       7.730427e-06       7.366067e-03      326.355      323.951
     2393.42        824.04      1405.29       189.05      2.308542e-10       1.516948e-05       2.726341e-04      326.355      326.444
     2368.45        771.06      1311.45       188.90      2.435214e-10       1.355419e-05       2.445552e-03      326.355      327.153
     2363.94        768.55      1315.27       190.19      2.727770e-10       1.498721e-05       2.194601e-03      326.355      327.071
     2368.97        779.24      1330.77       189.23      1.742064e-10       1.266685e-05       1.172980e-03      326.355      326.738
     2379.82        813.36      1391.61       187.79      2.771192e-10       1.386911e-05       2.911508e-03      326.355      325.405
     2371.29        781.53      1331.27       188.62      1.640693e-10       1.229905e-05       1.131556e-03      326.355      326.724
     2343.92        740.17      1262.41       187.42      1.279861e-10       1.116718e-05       5.728308e-04      326.355      326.168
     2381.08        800.15      1365.20       185.93      8.474765e-11       8.686131e-06       9.643410e-04      326.355      326.670
     2395.65        822.98      1404.60       184.16      1.188884e-10       9.358552e-06       1.769373e-03      326.355      326.932
     2370.21        786.45      1339.07       184.57      7.012181e-11       7.616172e-06       1.100741e-03      326.355      325.996
     2370.83        790.07      1343.22       182.27      1.050762e-10       7.390996e-06       2.246107e-03      326.355      325.622
     2367.34        786.62      1342.47       183.16      7.935042e-11       5.681570e-06       2.169574e-03      326.355      325.647
     2406.66        853.61      1455.40       182.23      2.541127e-10       1.477837e-05       1.889835e-03      326.355      325.738
     2359.53        767.78      1309.39       186.11      7.054690e-11       8.097013e-06       7.061121e-04      326.355      326.124
     2356.95        760.37      1296.26       184.28      3.002684e-11       5.479560e-06       1.250318e-05      326.355      326.359
     2344.41        735.93      1254.24       183.63      3.002873e-11       5.059729e-06       6.654417e-04      326.355      326.572
     2345.99        750.76      1278.94       183.13      1.159107e-10       5.072486e-06       3.003012e-03      326.355      325.375
     2372.29        787.66      1343.38       185.23      5.439817e-11       7.375543e-06       2.766376e-06      326.355      326.356
     2362.14        764.50      1301.59       186.95      1.099729e-10       9.678081e-06       1.277051e-03      326.355      326.772
     2366.04        781.06      1332.19       184.10      5.394630e-11       6.086171e-06       1.300200e-03      326.355      325.931
     2373.21        790.00      1346.05       182.99      3.705963e-11       5.889008e-06       4.878075e-04      326.355      326.196
     2364.04        773.03      1319.76       183.73      2.453616e-11       4.901555e-06       2.260884e-04      326.355      326.429
     2360.95        766.37      1310.15       183.31      2.718475e-11       4.423158e-06       8.729619e-04      326.355      326.640
     2357.84        764.58      1303.77       182.33      1.916109e-11       3.623932e-06       7.764239e-04      326.355      326.101
     2350.63        753.17      1284.18       180.88      1.945370e-11       2.270138e-06       1.195835e-03      326.355      325.965
     2359.97        762.90      1300.68       182.56      1.880023e-11       3.533523e-06       7.946422e-04      326.355      326.614
     2356.94        753.90      1285.07       181.79      3.984972e-11       2.593334e-06       1.820011e-03      326.355      326.949
     2346.22        740.82      1264.78       183.46      2.153094e-11       4.351016e-06       5.098810e-04      326.355      326.521
     2357.07        760.20      1298.08       181.76      8.958710e-12       2.728429e-06       3.891607e-04      326.355      326.482
     2357.13        760.12      1299.00       180.50      7.820755e-12       2.118940e-06       5.771390e-04      326.355      326.543
     2346.56        741.29      1264.55       180.70      3.836933e-12       1.707873e-06       3.033365e-04      326.355      326.454
     2337.85        725.66      1237.39       179.19      1.819040e-12       1.012738e-06       2.816756e-04      326.355      326.447
     2360.17        765.74      1305.50       178.84      3.643279e-12       1.899669e-06       5.880004e-05      326.355      326.336
     2349.71        742.53      1267.34       178.23      2.559731e-11       4.281308e-07       1.594177e-03      326.355      326.875
     2355.81        759.04      1294.61       181.30      6.541016e-12       2.497101e-06       1.748036e-04      326.355      326.298
     2345.50        742.28      1267.39       177.37      2.276760e-12       4.274737e-07       4.576056e-04      326.355      326.206
     2342.52        736.17      1253.38       177.85      6.897746e-12       1.077072e-06       7.574743e-04      326.355      326.108
     2346.17        742.12      1264.71       178.51      2.526334e-12       8.862450e-07       4.172424e-04      326.355      326.219
     2339.04        728.88      1242.91       175.68      2.541744e-13       1.364888e-07       1.534749e-04      326.355      326.305
     2330.67        714.03      1217.45       172.90      1.089148e-12       8.318585e-07       1.992903e-04      326.355      326.290
     2324.17        704.33      1201.69       176.54      2.561295e-12       6.105459e-07       4.678175e-04      326.355      326.202
     2333.15        719.44      1227.24       177.11      9.729965e-13       2.175746e-07       3.042463e-04      326.355      326.256
     2331.60        716.08      1222.84       176.17      8.051930e-14       1.380998e-07       7.838874e-05      326.355      326.380
     2324.33        703.23      1202.17       175.00      1.429628e-12       8.181978e-07       2.757149e-04      326.355      326.445
     2325.34        703.00      1198.26       176.70      2.058143e-12       9.190244e-07       3.483599e-04      326.355      326.469
     2330.37        712.72      1215.36       176.87      4.410937e-13       3.834998e-07       1.714710e-04      326.355      326.411
     2329.23        712.90      1216.79       173.74      1.643071e-12       3.935057e-07       3.857753e-04      326.355      326.229
     2331.38        716.08      1221.93       175.10      4.727666e-13       7.271633e-08       2.162126e-04      326.355      326.284
     2333.05        717.41      1224.24       174.80      6.473275e-13       1.239164e-07       2.513906e-04      326.355      326.437
     2333.07        717.92      1224.99       175.37      1.286199e-13       4.194381e-08       1.126324e-04      326.355      326.392
     2335.65        721.69      1231.09       176.95      1.080996e-12       1.208316e-07       3.265572e-04      326.355      326.461
     2332.45        717.48      1224.22       175.56      6.522207e-14       3.398706e-08       8.004184e-05      326.355      326.329
     2337.71        727.48      1242.16       174.53      5.183094e-13       3.638530e-07       1.964489e-04      326.355      326.291
     2332.20        716.39      1222.04       176.28      8.000093e-14       1.061770e-07       8.290204e-05      326.355      326.382
     2325.64        705.15      1204.28       176.01      7.361402e-13       4.910678e-07       2.224849e-04      326.355      326.427
     2335.68        722.91      1233.20       175.76      2.437991e-14       2.044132e-08       4.895106e-05      326.355      326.339
     2332.90        718.51      1226.15       176.51      9.606297e-14       7.780368e-08       9.487340e-05      326.355      326.324
     2332.94        718.36      1225.86       176.23      2.043953e-14       4.441069e-08       4.297352e-05      326.355      326.341
     2335.04        721.50      1229.81       175.75      1.843951e-13       1.746457e-07       1.240541e-04      326.355      326.314
     2332.46        717.43      1224.58       176.06      1.079215e-14       5.082406e-08       2.865150e-05      326.355      326.364
     2334.56        721.70      1231.90       175.52      2.400670e-13       2.699836e-08       1.547055e-04      326.355      326.304
     2332.79        717.72      1224.50       176.09      8.176325e-15       4.953706e-08       2.392160e-05      326.355      326.363
     2334.49        720.73      1229.85       176.51      3.923378e-14       4.536880e-08       6.097169e-05      326.355      326.375
     2333.98        719.92      1228.44       176.27      7.577132e-15       2.959867e-08       2.588640e-05      326.355      326.363
     2330.40        713.82      1218.51       176.57      8.127388e-14       2.050903e-07       6.261970e-05      326.355      326.375
     2334.36        720.63      1229.52       175.96      3.907378e-15       1.109108e-08       1.945345e-05      326.355      326.349
     2333.86        719.49      1227.66       175.97      5.330823e-14       1.661112e-08       7.282328e-05      326.355      326.379
     2333.17        718.64      1226.31       176.16      3.187374e-15       3.502204e-08       1.400301e-05      326.355      326.350
     2334.69        721.03      1229.80       176.18      6.616467e-15       4.679446e-08       2.103988e-05      326.355      326.348
     2335.31        722.39      1232.54       176.20      1.535732e-14       1.018778e-08       3.905577e-05      326.355      326.342
     2333.42        718.89      1226.51       176.12      1.968634e-15       3.511330e-08       8.577307e-06      326.355      326.358
     2333.84        719.68      1227.63       175.94      2.475395e-14       3.373137e-08       4.859646e-05      326.355      326.339
     2333.95        719.86      1228.24       176.19      1.214677e-15       2.630014e-08       7.231783e-06      326.355      326.357
     2332.76        717.98      1225.49       176.03      2.932672e-15       3.940933e-08       1.174560e-05      326.355      326.359
     2332.28        717.05      1223.75       176.29      1.185442e-14       7.259571e-08       2.565996e-05      326.355      326.363
     2333.84        719.74      1228.08       176.04      9.386144e-16       1.753641e-08       7.944128e-06      326.355      326.352
     2333.81        719.59      1227.84       176.03      6.025157e-15       1.775830e-08       2.389519e-05      326.355      326.363
     2333.33        718.88      1226.69       176.13      1.094375e-15       2.982649e-08       4.525086e-06      326.355      326.353
     2334.51        720.70      1229.27       176.21      3.367345e-15       4.765066e-08       1.047274e-05      326.355      326.351
     2333.20        718.66      1226.43       176.08      1.214743e-15       2.851120e-08       6.339264e-06      326.355      326.357
     2333.74        719.68      1228.21       176.10      1.001001e-15       1.934232e-08       7.917574e-06      326.355      326.352
     2334.23        720.41      1229.18       176.16      2.078553e-15       1.940767e-08       1.304568e-05      326.355      326.351
     2333.46        719.10      1227.12       176.10      6.323143e-16       2.464636e-08       1.577248e-06      326.355      326.355
     2333.24        718.84      1226.81       176.00      3.323290e-15       2.314691e-08       1.669585e-05      326.355      326.349
     2333.77        719.60      1227.88       176.14      5.638849e-16       2.339597e-08       1.285263e-06      326.355      326.355
     2334.07        720.18      1228.95       176.06      2.033093e-16       1.268620e-08       2.058430e-06      326.355      326.354
     2334.44        720.83      1230.08       176.03      5.632576e-17       6.897024e-09       9.358046e-07      326.355      326.355
     2334.02        719.95      1228.37       176.05      6.080839e-16       1.887875e-08       5.016776e-06      326.355      326.357
     2334.00        720.01      1228.65       176.12      1.591592e-15       1.684239e-08       1.143647e-05      326.355      326.359
     2333.88        719.80      1228.22       176.06      3.888103e-16       1.711207e-08       3.098232e-06      326.355      326.354
     2334.60        721.00      1230.16       176.05      1.175519e-16       1.068285e-08       5.856327e-07      326.355      326.355
     2334.33        720.66      1229.80       176.09      5.333578e-16       9.996055e-09       6.583599e-06      326.355      326.353
     2334.86        721.55      1231.25       175.97      4.958283e-16       2.706501e-09       6.989301e-06      326.355      326.353
     2334.56        720.93      1230.05       175.97      7.985453e-17       8.529909e-09       8.423716e-07      326.355      326.355
     2333.89        719.73      1228.00       176.08      7.210103e-16       2.162562e-08       5.033365e-06      326.355      326.357
     2334.61        721.09      1230.44       176.00      1.859240e-16       5.594503e-09       3.932250e-06      326.355      326.354
     2335.22        722.12      1232.15       175.96      9.562266e-18       2.547779e-09       5.541798e-07      326.355      326.355
     2335.90        723.28      1234.11       175.91      4.904367e-17       3.053713e-09       1.992953e-06      326.355      326.356
     2334.80        721.35      1230.78       176.01      2.032975e-16       6.778507e-09       3.966734e-06      326.355      326.356
     2334.66        721.16      1230.52       176.00      7.091330e-17       5.756652e-09       1.943569e-06      326.355      326.354
     2334.84        721.52      1231.24       175.93      5.372530e-18       2.274655e-09       1.408991e-07      326.355      326.355
     2334.97        721.78      1231.79       175.88      6.048087e-18       2.442152e-09       9.167474e-08      326.355      326.355
     2335.02        721.89      1231.95       175.99      4.686842e-17       1.794444e-09       2.089220e-06      326.355      326.354
     2335.11        722.02      1232.19       175.96      6.389932e-18       1.328169e-09       6.801409e-07      326.355      326.355
     2335.66        722.95      1233.68       175.89      1.797903e-18       1.085718e-09       2.488236e-07      326.355      326.355
     2336.27        724.00      1235.48       175.82      4.123355e-17       6.190266e-09       5.398648e-07      326.355      326.355
     2335.39        722.42      1232.68       175.88      8.243351e-17       2.153828e-09       2.789168e-06      326.355      326.356
     2335.12        722.02      1232.13       175.97      7.853603e-18       1.023219e-09       8.250233e-07      326.355      326.355
     2335.14        722.13      1232.47       175.91      1.380661e-17       3.316825e-09       5.296593e-07      326.355      326.355
     2335.20        722.12      1232.23       175.95      2.321520e-18       1.166810e-09       3.098529e-07      326.355      326.355
     2335.29        722.29      1232.54       175.90      2.244342e-17       9.635746e-10       1.466798e-06      326.355      326.355
     2335.16        722.09      1232.23       175.95      1.494256e-18       8.568052e-10       2.757078e-07      326.355      326.355
     2335.33        722.31      1232.51       175.90      6.870505e-18       1.822118e-09       5.958544e-07      326.355      326.355
     2335.16        722.10      1232.27       175.95      2.186978e-18       8.775380e-10       3.764191e-07      326.355      326.355
     2335.75        723.11      1233.96       175.93      1.545752e-18       5.062650e-10       3.590892e-07      326.355      326.355
     2335.66        722.99      1233.84       175.91      1.476992e-18       1.169155e-09       1.049208e-07      326.355      326.355
     2335.89        723.43      1234.65       175.89      1.177615e-17       3.429119e-09       4.172053e-08      326.355      326.355
     2335.95        723.47      1234.59       175.90      3.493531e-18       1.771426e-09       1.885769e-07      326.355      326.355
     2335.36        722.44      1232.85       175.93      8.839418e-19       4.864065e-10       2.544313e-07      326.355      326.355
     2335.30        722.37      1232.76       175.97      4.194821e-19       6.359815e-10       3.874739e-08      326.355      326.355
     2335.13        722.08      1232.30       176.01      3.437262e-18       1.761167e-09       1.831895e-07      326.355      326.355
     2334.99        721.84      1231.88       175.95      5.093312e-18       1.879993e-09       3.948383e-07      326.355      326.355
     2335.56        722.79      1233.44       175.94      5.508086e-19       3.178965e-10       2.120734e-07      326.355      326.355
     2335.78        723.21      1234.21       175.93      3.860501e-18       1.163702e-09       5.006308e-07      326.355      326.355
     2335.31        722.37      1232.73       175.94      3.063814e-19       5.012319e-10       7.426333e-08      326.355      326.355
     2335.11        721.99      1232.05       175.98      1.490736e-18       1.205831e-09       6.059876e-08      326.355      326.355
     2335.52        722.74      1233.39       175.93      4.198909e-19       5.895880e-10       8.501788e-08      326.355      326.355
     2335.49        722.69      1233.31       175.96      3.076197e-19       3.616192e-10       1.329859e-07      326.355      326.355
     2335.26        722.30      1232.66       175.96      1.757444e-18       9.286529e-10       2.991749e-07      326.355      326.355
     2335.48        722.67      1233.24       175.94      1.847313e-19       3.253674e-10       8.880792e-08      326.355      326.355
     2335.27        722.31      1232.63       175.98      7.182479e-19       5.899386e-10       1.924120e-07      326.355      326.355
     2335.46        722.63      1233.20       175.94      2.011162e-19       4.446233e-10       1.851573e-08      326.355      326.355
     2335.57        722.81      1233.48       175.92      2.739780e-19       5.202917e-10       1.810330e-08      326.355      326.355
     2335.42        722.55      1233.02       175.92      5.861284e-19       5.473077e-10       1.692884e-07      326.355      326.355
     2335.47        722.66      1233.24       175.95      1.779577e-19       3.599350e-10       6.957426e-08      326.355      326.355
     2335.68        723.02      1233.86       175.93      3.767267e-19       5.992311e-10       4.201469e-08      326.355      326.355
     2335.41        722.53      1233.01       175.94      1.591862e-19       3.968064e-10       1.316236e-08      326.355      326.355
     2335.34        722.43      1232.86       175.97      3.002206e-19       5.261376e-10       4.837617e-08      326.355      326.355
     2335.51        722.72      1233.33       175.93      1.691602e-19       4.097819e-10       1.113849e-08      326.355      326.355
     2335.48        722.65      1233.21       175.94      1.163680e-19       3.094097e-10       4.542540e-08      326.355      326.355
     2335.49        722.66      1233.21       175.94      1.402434e-19       2.827892e-10       7.763665e-08      326.355      326.355
     2335.45        722.61      1233.15       175.94      3.972312e-19       3.854909e-10       1.576799e-07      326.355      326.355
     2335.48        722.65      1233.22       175.94      1.191918e-19       3.421326e-10       1.462273e-08      326.355      326.355
     2335.46        722.62      1233.15       175.93      1.977225e-19       3.897349e-10       6.769839e-08      326.355      326.355
     2335.47        722.65      1233.22       175.94      1.627938e-19       3.560379e-10       6.002668e-08      326.355      326.355
     2335.40        722.52      1233.00       175.95      1.344326e-19       3.414860e-10       4.221509e-08      326.355      326.355
     2335.41        722.53      1233.00       175.95      1.183971e-19       3.432259e-10       7.708786e-09      326.355      326.355
     2335.48        722.65      1233.21       175.95      6.579357e-20       2.564248e-10       2.013759e-09      326.355      326.355
     2335.51        722.71      1233.30       175.95      4.079857e-20       2.017933e-10       2.800632e-09      326.355      326.355
     2335.54        722.75      1233.37       175.94      1.118687e-19       2.985888e-10       4.765947e-08      326.355      326.355
     2335.49        722.67      1233.22       175.95      5.883661e-20       2.404965e-10       9.993109e-09      326.355      326.355
     2335.60        722.86      1233.55       175.95      6.031550e-20       2.412116e-10       1.460496e-08      326.355      326.355
     2335.59        722.84      1233.51       175.95      5.502944e-20       1.928687e-10       4.222734e-08      326.355      326.355
     2335.56        722.79      1233.42       175.96      1.951836e-20       1.396298e-10       1.485806e-09      326.355      326.355
     2335.58        722.81      1233.45       175.97      3.507540e-20       9.688350e-11       5.068440e-08      326.355      326.355
     2335.48        722.65      1233.18       175.96      3.508136e-20       1.810910e-10       1.512525e-08      326.355      326.355
     2335.58        722.83      1233.49       175.96      3.068034e-20       1.054805e-10       4.422027e-08      326.355      326.355
     2335.48        722.65      1233.19       175.97      2.610602e-20       1.569209e-10       1.217417e-08      326.355      326.355
     2335.54        722.74      1233.34       175.97      2.259361e-20       1.057692e-10       3.377366e-08      326.355      326.355
     2335.60        722.86      1233.54       175.97      4.891848e-21       6.927062e-11       3.057408e-09      326.355      326.355
     2335.66        722.96      1233.71       175.98      1.149746e-20       4.575009e-11       3.066662e-08      326.355      326.355
     2335.51        722.69      1233.25       175.97      3.629004e-20       1.253353e-10       4.536656e-08      326.355      326.355
     2335.56        722.79      1233.43       175.97      1.552522e-20       1.026132e-10       2.235143e-08      326.355      326.355
     2335.65        722.95      1233.68       175.97      1.498090e-20       1.155156e-10       1.279527e-08      326.355      326.355
     2335.65        722.95      1233.70       175.96      2.283318e-20       1.421057e-10       1.624612e-08      326.355      326.355
     2335.57        722.79      1233.43       175.97      2.123064e-20       9.648686e-11       3.452683e-08      326.355      326.355
     2335.62        722.90      1233.61       175.96      1.529436e-20       1.136746e-10       1.540317e-08      326.355      326.355
     2335.66        722.95      1233.70       175.97      1.754578e-20       6.176416e-11       3.705537e-08      326.355      326.355
     2335.63        722.91      1233.63       175.97      2.217172e-20       7.590301e-11       4.050989e-08      326.355      326.355
     2335.63        722.90      1233.61       175.97      7.864835e-21       8.505386e-11       7.941968e-09      326.355      326.355
     2335.61        722.88      1233.57       175.97      8.164367e-21       8.823653e-11       6.154343e-09      326.355      326.355
     2335.58        722.82      1233.48       175.97      2.156362e-20       8.497958e-11       3.787104e-08      326.355      326.355
     2335.58        722.82      1233.48       175.96      1.598703e-20       1.009216e-10       2.408728e-08      326.355      326.355
     2335.63        722.90      1233.61       175.97      1.286242e-20       8.871719e-11       2.234224e-08      326.355      326.355
     2335.65        722.94      1233.69       175.97      5.768180e-21       6.901034e-11       1.002896e-08      326.355      326.355
     2335.62        722.88      1233.59       175.97      2.467958e-20       6.547938e-11       4.515759e-08      326.355      326.355
     2335.62        722.90      1233.61       175.97      7.341315e-21       8.289578e-11       6.853276e-09      326.355      326.355
     2335.64        722.92      1233.65       175.97      6.217919e-21       6.402924e-11       1.455410e-08      326.355      326.355
     2335.63        722.91      1233.63       175.97      4.144418e-21       5.677381e-11       9.597834e-09      326.355      326.355
     2335.63        722.92      1233.64       175.98      1.766653e-20       4.452149e-11       3.960351e-08      326.355      326.355
     2335.64        722.92      1233.64       175.98      3.687817e-21       4.593733e-11       1.256025e-08      326.355      326.355
     2335.64        722.93      1233.66       175.98      1.102111e-21       3.251122e-11       2.124681e-09      326.355      326.355
     2335.62        722.90      1233.61       175.98      5.416402e-21       4.867278e-11       1.745676e-08      326.355      326.355
     2335.59        722.85      1233.53       175.98      1.960374e-21       4.409476e-11       1.266719e-09      326.355      326.355
     2335.61        722.88      1233.57       175.98      3.117362e-21       4.818926e-11       8.917286e-09      326.355      326.355
     2335.64        722.93      1233.66       175.98      7.371271e-21       2.284639e-11       2.617120e-08      326.355      326.355
     2335.61        722.87      1233.57       175.97      3.196914e-21       5.521215e-11       3.854393e-09      326.355      326.355
     2335.60        722.85      1233.54       175.98      3.510608e-21       3.732093e-11       1.455256e-08      326.355      326.355
     2335.61        722.87      1233.56       175.98      4.257802e-21       3.972757e-11       1.636930e-08      326.355      326.355
     2335.62        722.89      1233.60       175.98      8.526481e-21       3.630618e-11       2.684838e-08      326.355      326.355
     2335.63        722.90      1233.62       175.98      1.668918e-21       3.962664e-11       3.141059e-09      326.355      326.355
     2335.62        722.90      1233.61       175.98      7.788391e-21       4.348379e-11       2.428491e-08      326.355      326.355
     2335.64        722.92      1233.65       175.98      2.283458e-21       4.369130e-11       6.120025e-09      326.355      326.355
     2335.65        722.94      1233.67       175.98      3.546763e-21       4.550921e-11       1.214782e-08      326.355      326.355
     2335.65        722.94      1233.68       175.98      1.559934e-21       3.840618e-11       2.914006e-09      326.355      326.355
     2335.63        722.91      1233.63       175.98      2.367776e-21       3.180206e-11       1.164652e-08      326.355      326.355
     2335.63        722.92      1233.64       175.98      3.007498e-21       3.532112e-11       1.326623e-08      326.355      326.355
     2335.64        722.94      1233.67       175.98      7.455053e-21       3.649858e-11       2.474454e-08      326.355      326.355
     2335.63        722.92      1233.64       175.98      1.288542e-21       3.588802e-11       2.460512e-10      326.355      326.355
     2335.64        722.92      1233.65       175.98      1.602740e-21       3.786506e-11       4.110862e-09      326.355      326.355
     2335.64        722.93      1233.66       175.98      5.637939e-21       3.985017e-11       2.012441e-08      326.355      326.355
     2335.63        722.91      1233.64       175.98      3.232681e-21       3.773782e-11       1.344824e-08      326.355      326.355
     2335.63        722.91      1233.63       175.98      2.191368e-21       3.329700e-11       1.040524e-08      326.355      326.355
     2335.64        722.92      1233.65       175.98      2.016625e-21       3.268693e-11       9.737559e-09      326.355      326.355
     2335.65        722.94      1233.67       175.98      4.737721e-21       3.734362e-11       1.828439e-08      326.355      326.355
     2335.63        722.92      1233.64       175.98      6.002259e-21       3.466753e-11       2.190989e-08      326.355      326.355
     2335.64        722.92      1233.65       175.98      1.180861e-21       3.415444e-11       1.197776e-09      326.355      326.355
     2335.64        722.93      1233.66       175.98      1.348013e-21       3.512900e-11       3.376079e-09      326.355      326.355
     2335.64        722.93      1233.66       175.98      1.415805e-21       3.259191e-11       5.946288e-09      326.355      326.355
     2335.63        722.92      1233.64       175.98      5.426371e-21       3.355858e-11       2.073693e-08      326.355      326.355
     2335.64        722.93      1233.67       175.98      3.293971e-21       3.371498e-11       1.468769e-08      326.355      326.355
     2335.64        722.93      1233.66       175.98      1.455923e-21       3.363357e-11       5.698398e-09      326.355      326.355
     2335.64        722.92      1233.65       175.98      2.628373e-21       3.355694e-11       1.225690e-08      326.355      326.355
     2335.64        722.93      1233.66       175.98      1.150875e-21       3.360465e-11       1.470179e-09      326.355      326.355
     2335.64        722.93      1233.66       175.98      1.342766e-21       3.511065e-11       3.316941e-09      326.355      326.355
     2335.64        722.93      1233.65       175.98      1.231360e-21       3.257828e-11       4.123425e-09      326.355      326.355
     2335.64        722.93      1233.66       175.98      1.031722e-21       3.137370e-11       2.177691e-09      326.355      326.355
     2335.64        722.93      1233.65       175.98      1.174275e-21       2.962101e-11       5.448670e-09      326.355      326.355
     2335.64        722.93      1233.66       175.98      1.478288e-21       3.321599e-11       6.123702e-09      326.355      326.355
     2335.64        722.93      1233.65       175.98      1.085180e-21       3.273613e-11       1.163457e-09      326.355      326.355
     2335.64        722.93      1233.67       175.98      9.610581e-22       3.099729e-11       1.535138e-10      326.355      326.355
     2335.65        722.94      1233.67       175.98      8.720973e-22       2.950843e-11       3.686171e-10      326.355      326.355
     2335.64        722.93      1233.66       175.98      9.511476e-22       2.948603e-11       2.858851e-09      326.355      326.355
     2335.64        722.93      1233.66       175.98      8.510405e-22       2.904156e-11       8.738954e-10      326.355      326.355
     2335.64        722.93      1233.67       175.98      8.076492e-22       2.739748e-11       2.388198e-09      326.355      326.355
     2335.65        722.94      1233.67       175.98      7.703529e-22       2.628382e-11       2.819936e-09      326.355      326.355
     2335.65        722.94      1233.68       175.98      7.316896e-22       2.335895e-11       4.313402e-09      326.355      326.355
     2335.65        722.95      1233.69       175.98      5.611053e-22       2.368742e-11       4.136592e-11      326.355      326.355
     2335.66        722.96      1233.71       175.99      4.320419e-22       2.036304e-11       1.318810e-09      326.355      326.355
     2335.65        722.95      1233.70       175.98      5.130490e-22       2.094755e-11       2.724948e-09      326.355      326.355
     2335.66        722.96      1233.70       175.99      2.993495e-22       1.725214e-11       4.142730e-10      326.355      326.355
     2335.66        722.96      1233.72       175.99      1.586125e-22       1.257562e-11       2.163290e-10      326.355      326.355
     2335.67        722.98      1233.74       175.99      2.282299e-22       1.251372e-11       2.676534e-09      326.355      326.355
     2335.67        722.98      1233.75       175.99      1.969969e-20       1.330677e-11       4.418442e-08      326.355      326.355
     2335.65        722.95      1233.70       175.99      4.277862e-22       1.960386e-11       2.085153e-09      326.355      326.355
     2335.66        722.97      1233.73       175.99      2.869460e-22       1.180968e-11       3.840298e-09      326.355      326.355
     2335.67        722.98      1233.74       175.99      3.844821e-22       8.986212e-12       5.511178e-09      326.355      326.355
     2335.68        722.99      1233.77       175.99      2.881253e-20       8.591108e-12       5.360851e-08      326.355      326.355
     2335.66        722.96      1233.72       175.99      2.856778e-22       1.512972e-11       2.382682e-09      326.355      326.355
     2335.66        722.96      1233.71       175.99      3.366898e-22       1.798425e-11       1.151507e-09      326.355      326.355
     2335.66        722.96      1233.72       175.99      2.375520e-22       1.533285e-11       4.957792e-10      326.355      326.355
     2335.66        722.96      1233.72       175.99      2.775876e-22       1.605268e-11       1.410734e-09      326.355      326.355
     2335.66        722.97      1233.73       175.99      2.035035e-22       1.301145e-11       1.849520e-09      326.355      326.355
     2335.67        722.98      1233.74       175.99      1.580444e-22       1.089690e-11       1.982504e-09      326.355      326.355
     2335.67        722.98      1233.75       175.99      1.936665e-22       8.826206e-12       3.402431e-09      326.355      326.355
     2335.67        722.98      1233.74       175.99      2.570715e-20       1.206529e-11       5.055846e-08      326.355      326.355
     2335.66        722.97      1233.73       175.99      1.914570e-22       1.371175e-11       5.870910e-10      326.355      326.355
     2335.66        722.96      1233.72       175.99      2.264018e-20       1.502574e-11       4.734386e-08      326.355      326.355
     2335.67        722.97      1233.73       175.99      1.727720e-22       1.249940e-11       1.286023e-09      326.355      326.355
     2335.66        722.97      1233.73       175.99      2.554305e-22       1.178266e-11       3.414688e-09      326.355      326.355
     2335.66        722.97      1233.73       175.99      1.618740e-22       1.269197e-11       2.809826e-10      326.355      326.355
     2335.67        722.97      1233.74       175.99      1.207010e-22       1.069484e-11       7.951466e-10      326.355      326.355
     2335.67        722.98      1233.74       175.99      2.558658e-20       1.187682e-11       5.044355e-08      326.355      326.355
     2335.66        722.97      1233.73       175.99      2.433020e-20       1.339511e-11       4.914343e-08      326.355      326.355
     2335.66        722.97      1233.73       175.99      1.567358e-22       1.208192e-11       1.037521e-09      326.355      326.355
     2335.67        722.97      1233.73       175.99      1.529148e-22       1.046367e-11       2.083928e-09      326.355      326.355
     2335.67        722.98      1233.75       175.99      1.768605e-22       9.664634e-12       2.888880e-09      326.355      326.355
     2335.66        722.97      1233.73       175.99      1.395272e-22       1.177120e-11       3.110111e-10      326.355      326.355
     2335.66        722.97      1233.73       175.99      1.348640e-22       1.160196e-11       1.611742e-10      326.355      326.355
     2335.66        722.97      1233.73       175.99      1.089550e-22       1.025063e-11       6.229414e-10      326.355      326.355
     2335.66        722.97      1233.73       175.99      2.588587e-20       1.193346e-11       5.073802e-08      326.355      326.355
     2335.66        722.97      1233.73       175.99      1.493852e-22       1.168325e-11       1.135267e-09      326.355      326.355
     2335.66        722.97      1233.73       175.99      1.293095e-22       1.136909e-11       7.384605e-11      326.355      326.355
     2335.66        722.97      1233.73       175.99      1.043802e-22       1.020285e-11       1.682218e-10      326.355      326.355
     2335.66        722.97      1233.73       175.99      2.480396e-20       1.196060e-11       4.965974e-08      326.355      326.355
     2335.67        722.97      1233.74       175.99      2.556623e-20       1.217461e-11       5.041628e-08      326.355      326.355
     2335.66        722.97      1233.73       175.99      1.234248e-22       1.110165e-11       1.339032e-10      326.355      326.355
     2335.67        722.97      1233.73       175.99      1.046317e-22       9.778922e-12       9.489669e-10      326.355      326.355
     2335.67        722.97      1233.74       175.99      2.582743e-20       1.188078e-11       5.068164e-08      326.355      326.355
     2335.66        722.97      1233.73       175.99      1.168641e-22       1.065567e-11       5.763664e-10      326.355      326.355
     2335.66        722.97      1233.73       175.99      1.001062e-22       9.800657e-12       6.367301e-10      326.355      326.355
     2335.66        722.97      1233.72       175.99      9.592924e-23       9.445727e-12       8.190470e-10      326.355      326.355
     2335.66        722.97      1233.73       175.99      2.587575e-20       1.167612e-11       5.073403e-08      326.355      326.355
     2335.66        722.97      1233.73       175.99      1.071099e-22       1.026767e-11       4.105960e-10      326.355      326.355
     2335.66        722.97      1233.73       175.99      9.447971e-23       9.562882e-12       5.506276e-10      326.355      326.355
     2335.66        722.97      1233.73       175.99      2.518075e-20       1.170682e-11       5.004368e-08      326.355      326.355
     2335.66        722.97      1233.73       175.99      2.574564e-20       1.168934e-11       5.060534e-08      326.355      326.355
     2335.66        722.97      1233.73       175.99      1.026056e-22       9.993216e-12       5.236630e-10      326.355      326.355
     2335.66        722.97      1233.72       175.99      9.664826e-23       9.826264e-12       9.682709e-11      326.355      326.355
     2335.66        722.96      1233.72       175.99      8.885083e-23       9.275163e-12       5.313234e-10      326.355      326.355
     2335.66        722.96      1233.71       175.99      8.962849e-23       8.942753e-12       9.826726e-10      326.355      326.355
     2335.66        722.96      1233.72       175.99      8.395589e-23       9.139693e-12       2.056043e-10      326.355      326.355
     2335.66        722.96      1233.71       175.99      2.524582e-20       1.129351e-11       5.011814e-08      326.355      326.355
     2335.66        722.97      1233.72       175.99      1.013478e-22       8.874139e-12       1.503271e-09      326.355      326.355
     2335.66        722.97      1233.72       175.99      9.274535e-23       9.578024e-12       3.174458e-10      326.355      326.355
     2335.66        722.97      1233.72       175.99      2.518573e-20       1.174913e-11       5.004766e-08      326.355      326.355
     2335.66        722.97      1233.72       175.99      9.031750e-23       9.407258e-12       4.268359e-10      326.355      326.355
     2335.66        722.96      1233.71       175.99      8.749352e-23       9.254668e-12       4.295936e-10      326.355      326.355
     2335.66        722.96      1233.71       175.99      8.672583e-23       8.990829e-12       7.675692e-10      326.355      326.355
     2335.66        722.96      1233.71       175.99      8.413866e-23       8.991618e-12       5.736087e-10      326.355      326.355
     2335.66        722.96      1233.70       175.99      8.144010e-23       9.003396e-12       1.948799e-10      326.355      326.355
     2335.65        722.95      1233.70       175.99      8.223832e-23       9.028494e-12       2.693387e-10      326.355      326.355
     2335.66        722.96      1233.71       175.99      8.190972e-23       8.781513e-12       6.924977e-10      326.355      326.355
     2335.66        722.96      1233.71       175.99      2.525180e-20       1.136758e-11       5.012243e-08      326.355      326.355
     2335.66        722.96      1233.71       175.99      8.322094e-23       8.974947e-12       5.169218e-10      326.355      326.355
     2335.66        722.96      1233.71       175.99      2.541024e-20       1.136764e-11       5.028023e-08      326.355      326.355
     2335.66        722.96      1233.71       175.99      8.491099e-23       8.973695e-12       6.621625e-10      326.355      326.355
     2335.66        722.96      1233.71       175.99      8.397312e-23       8.888109e-12       7.053671e-10      326.355      326.355
     2335.66        722.96      1233.71       175.99      8.191504e-23       8.980429e-12       3.560541e-10      326.355      326.355
     2335.66        722.96      1233.71       175.99      8.209649e-23       9.038637e-12       2.000888e-10      326.355      326.355
     2335.66        722.96      1233.71       175.99      8.227178e-23       8.994959e-12       3.692299e-10      326.355      326.355
     2335.66        722.96      1233.71       175.99      8.325616e-23       9.112764e-12       1.464662e-10      326.355      326.355
     2335.66        722.96      1233.71       175.99      8.224211e-23       9.056096e-12       1.516753e-10      326.355      326.355
     2335.66        722.96      1233.71       175.99      8.174546e-23       9.039864e-12       5.209050e-11      326.355      326.355
     2335.66        722.96      1233.71       175.99      8.108068e-23       8.966601e-12       2.610655e-10      326.355      326.355
     2335.66        722.96      1233.71       175.99      8.289545e-23       8.921824e-12       5.742214e-10      326.355      326.355
     2335.66        722.95      1233.70       175.99      8.307713e-23       8.969744e-12       5.120192e-10      326.355      326.355
     2335.66        722.96      1233.71       175.99      8.292902e-23       9.014238e-12       4.090639e-10      326.355      326.355
     2335.66        722.96      1233.71       175.99      8.126577e-23       8.980988e-12       2.466640e-10      326.355      326.355
     2335.66        722.96      1233.71       175.99      8.292415e-23       9.002504e-12       4.335770e-10      326.355      326.355
     2335.66        722.96      1233.71       175.99      8.155733e-23       8.972799e-12       3.235742e-10      326.355      326.355
     2335.66        722.96      1233.71       175.99      8.344185e-23       9.001000e-12       4.924087e-10      326.355      326.355
     2335.66        722.96      1233.71       175.99      8.184570e-23       8.963882e-12       3.866956e-10      326.355      326.355
     2335.66        722.96      1233.71       175.99      8.186577e-23       8.941737e-12       4.372541e-10      326.355      326.355
     2335.66        722.96      1233.71       175.99      8.050693e-23       8.955295e-12       1.761884e-10      326.355      326.355
     2335.66        722.96      1233.71       175.99      8.188328e-23       8.975465e-12       3.640208e-10      326.355      326.355
     2335.66        722.96      1233.71       175.99      8.170969e-23       8.966410e-12       3.624887e-10      326.355      326.355
     2335.66        722.96      1233.71       175.99      8.193684e-23       8.971324e-12       3.811801e-10      326.355      326.355
     2335.66        722.96      1233.71       175.99      8.177674e-23       8.967524e-12       3.689235e-10      326.355      326.355
     2335.66        722.96      1233.71       175.99      8.071119e-23       8.960847e-12       2.037658e-10      326.355      326.355
     2335.66        722.96      1233.71       175.99      8.087231e-23       8.968060e-12       2.114263e-10      326.355      326.355
     2335.66        722.96      1233.71       175.99      8.296908e-23       8.963893e-12       5.117129e-10      326.355      326.355
     2335.66        722.96      1233.71       175.99      8.103646e-23       8.960667e-12       2.727092e-10      326.355      326.355
     2335.66        722.96      1233.71       175.99      8.233377e-23       8.958711e-12       4.556389e-10      326.355      326.355
     2335.66        722.96      1233.71       175.99      8.145550e-23       8.959360e-12       3.444102e-10      326.355      326.355
     2335.66        722.96      1233.71       175.99      8.412253e-23       8.962705e-12       6.158939e-10      326.355      326.355
     2335.66        722.96      1233.71       175.99      8.096556e-23       8.960802e-12       2.589205e-10      326.355      326.355
     2335.66        722.96      1233.71       175.99      8.058989e-23       8.960993e-12       1.706730e-10      326.355      326.355
     2335.66        722.96      1233.71       175.99      8.403716e-23       8.962758e-12       6.088463e-10      326.355      326.355
     2335.66        722.96      1233.71       175.99      8.420345e-23       8.960641e-12       6.253928e-10      326.355      326.355
     2335.66        722.96      1233.71       175.99      8.051678e-23       8.958507e-12       1.620934e-10      326.355      326.355
     2335.66        722.96      1233.71       175.99      8.061851e-23       8.957918e-12       1.936542e-10      326.355      326.355
     2335.66        722.96      1233.71       175.99      8.063885e-23       8.962111e-12       1.789462e-10      326.355      326.355
     2335.66        722.96      1233.71       175.99      8.071958e-23       8.958074e-12       2.175545e-10      326.355      326.355
     2335.66        722.96      1233.71       175.99      8.188567e-23       8.958405e-12       4.041612e-10      326.355      326.355
     2335.66        722.96      1233.71       175.99      8.176571e-23       8.958357e-12       3.891468e-10      326.355      326.355
     2335.66        722.96      1233.71       175.99      8.193609e-23       8.957448e-12       4.124344e-10      326.355      326.355
     2335.66        722.96      1233.71       175.99      8.218287e-23       8.956590e-12       4.430759e-10      326.355      326.355
     2335.66        722.96      1233.71       175.99      8.215620e-23       8.958709e-12       4.357220e-10      326.355      326.355
     2335.66        722.96      1233.71       175.99      8.062156e-23       8.956606e-12       2.003954e-10      326.355      326.355
     2335.66        722.96      1233.71       175.99      8.215933e-23       8.957238e-12       4.390925e-10      326.355      326.355
     2335.66        722.96      1233.71       175.99      8.110104e-23       8.957486e-12       2.941583e-10      326.355      326.355
     2335.66        722.96      1233.71       175.99      8.150981e-23       8.954636e-12       3.640208e-10      326.355      326.355
     2335.66        722.96      1233.71       175.99      8.150618e-23       8.954682e-12       3.634080e-10      326.355      326.355
     2335.66        722.96      1233.71       175.99      8.044064e-23       8.957737e-12       1.415637e-10      326.355      326.355
     2335.66        722.96      1233.71       175.99      8.118502e-23       8.959003e-12       3.036571e-10      326.355      326.355
     2335.66        722.96      1233.71       175.99      8.355556e-23       8.958545e-12       5.745280e-10      326.355      326.355
     2335.66        722.96      1233.71       175.99      8.187717e-23       8.955844e-12       4.087574e-10      326.355      326.355
     2335.66        722.96      1233.71       175.99      8.193108e-23       8.956603e-12       4.136601e-10      326.355      326.355
     2335.66        722.96      1233.71       175.99      8.204294e-23       8.957249e-12       4.256102e-10      326.355      326.355
     2335.66        722.96      1233.71       175.99      8.077140e-23       8.957114e-12       2.328753e-10      326.355      326.355
     2335.66        722.96      1233.71       175.99      8.083475e-23       8.956281e-12       2.491152e-10      326.355      326.355
     2335.66        722.96      1233.71       175.99      8.397791e-23       8.956735e-12       6.128298e-10      326.355      326.355
     2335.66        722.96      1233.71       175.99      8.140794e-23       8.957058e-12       3.434911e-10      326.355      326.355
     2335.66        722.96      1233.71       175.99      8.363545e-23       8.957660e-12       5.828010e-10      326.355      326.355
     2335.66        722.96      1233.71       175.99      8.122650e-23       8.957296e-12       3.153009e-10      326.355      326.355
     2335.66        722.96      1233.71       175.99      8.440339e-23       8.957233e-12       6.459226e-10      326.355      326.355
     2335.66        722.96      1233.71       175.99      8.098358e-23       8.957623e-12       2.730155e-10      326.355      326.355
     2335.66        722.96      1233.71       175.99      8.449402e-23       8.957183e-12       6.529702e-10      326.355      326.355
     2335.66        722.96      1233.71       175.99      8.101933e-23       8.956769e-12       2.822081e-10      326.355      326.355
     2335.66        722.96      1233.71       175.99      8.050252e-23       8.957600e-12       1.627063e-10      326.355      326.355
     2335.66        722.96      1233.71       175.99      8.414107e-23       8.957374e-12       6.250864e-10      326.355      326.355
     2335.66        722.96      1233.71       175.99      8.083728e-23       8.957016e-12       2.469704e-10      326.355      326.355
     2335.66        722.96      1233.71       175.99      8.049523e-23       8.956857e-12       1.645447e-10      326.355      326.355
     2335.66        722.96      1233.71       175.99      8.386400e-23       8.959089e-12       5.999604e-10      326.355      326.355
     2335.66        722.96      1233.71       175.99      8.073623e-23       8.956412e-12       2.279726e-10      326.355      326.355
     2335.66        722.96      1233.71       175.99      8.422507e-23       8.957333e-12       6.318274e-10      326.355      326.355
     2335.66        722.96      1233.71       175.99      8.062554e-23       8.957373e-12       1.979440e-10      326.355      326.355
     2335.66        722.96      1233.71       175.99      8.430368e-23       8.958031e-12       6.370365e-10      326.355      326.355
     2335.66        722.96      1233.71       175.99      8.054852e-23       8.957496e-12       1.768014e-10      326.355      326.355
     2335.66        722.96      1233.71       175.99      8.458604e-23       8.957154e-12       6.600177e-10      326.355      326.355
     2335.66        722.96      1233.71       175.99      8.054852e-23       8.957496e-12       1.768014e-10      326.355      326.355
     2335.66        722.96      1233.71       175.99      8.049523e-23       8.956857e-12       1.645447e-10      326.355      326.355
     2335.66        722.96      1233.71       175.99      8.412829e-23       8.958154e-12       6.229414e-10      326.355      326.355
     2335.66        722.96      1233.71       175.99      8.050252e-23       8.957600e-12       1.627063e-10      326.355      326.355
     2335.66        722.96      1233.71       175.99      8.040476e-23       8.957850e-12       1.274686e-10      326.355      326.355
     2335.66        722.96      1233.71       175.99      8.412829e-23       8.958154e-12       6.229414e-10      326.355      326.355
     2335.66        722.96      1233.71       175.99      8.404164e-23       8.958191e-12       6.158939e-10      326.355      326.355
     2335.66        722.96      1233.71       175.99      8.046033e-23       8.957694e-12       1.486112e-10      326.355      326.355
     2335.66        722.96      1233.71       175.99      8.044064e-23       8.957737e-12       1.415637e-10      326.355      326.355
     2335.66        722.96      1233.71       175.99      8.044064e-23       8.957737e-12       1.415637e-10      326.355      326.355
     2335.66        722.96      1233.71       175.99      8.439311e-23       8.957984e-12       6.440840e-10      326.355      326.355
     2335.66        722.96      1233.71       175.99      8.044064e-23       8.957737e-12       1.415637e-10      326.355      326.355
     2335.66        722.96      1233.71       175.99      8.042248e-23       8.957809e-12       1.345161e-10      326.355      326.355
     2335.66        722.96      1233.71       175.99      8.040476e-23       8.957850e-12       1.274686e-10      326.355      326.355
     2335.66        722.96      1233.71       175.99      8.430368e-23       8.958031e-12       6.370365e-10      326.355      326.355
     2335.66        722.96      1233.71       175.99      8.042248e-23       8.957809e-12       1.345161e-10      326.355      326.355
     2335.66        722.96      1233.71       175.99      8.038818e-23       8.957900e-12       1.204211e-10      326.355      326.355
     2335.66        722.96      1233.71       175.99      8.449402e-23       8.957183e-12       6.529702e-10      326.355      326.355
     2335.66        722.96      1233.71       175.99      8.421532e-23       8.958083e-12       6.299890e-10      326.355      326.355
     2335.66        722.96      1233.71       175.99      8.040476e-23       8.957850e-12       1.274686e-10      326.355      326.355
     2335.66        722.96      1233.71       175.99      8.045305e-23       8.956980e-12       1.504497e-10      326.355      326.355
     2335.66        722.96      1233.71       175.99      8.040476e-23       8.957850e-12       1.274686e-10      326.355      326.355
     2335.66        722.96      1233.71       175.99      8.045305e-23       8.956980e-12       1.504497e-10      326.355      326.355
     2335.66        722.96      1233.71       175.99      8.040476e-23       8.957850e-12       1.274686e-10      326.355      326.355
     2335.66        722.96      1233.71       175.99      8.038818e-23       8.957900e-12       1.204211e-10      326.355      326.355
     2335.66        722.96      1233.71       175.99      8.038818e-23       8.957900e-12       1.204211e-10      326.355      326.355
     2335.66        722.96      1233.71       175.99      8.040476e-23       8.957850e-12       1.274686e-10      326.355      326.355
     2335.66        722.96      1233.71       175.99      8.038818e-23       8.957900e-12       1.204211e-10      326.355      326.355
     2335.66        722.96      1233.71       175.99      8.038818e-23       8.957900e-12       1.204211e-10      326.355      326.355
     2335.66        722.96      1233.71       175.99      8.038818e-23       8.957900e-12       1.204211e-10      326.355      326.355
     2335.66        722.96      1233.71       175.99      8.038818e-23       8.957900e-12       1.204211e-10      326.355      326.355
     2335.66        722.96      1233.71       175.99      8.038818e-23       8.957900e-12       1.204211e-10      326.355      326.355
     2335.66        722.96      1233.71       175.99      8.038818e-23       8.957900e-12       1.204211e-10      326.355      326.355
     2335.66        722.96      1233.71       175.99      8.038818e-23       8.957900e-12       1.204211e-10      326.355      326.355
     2335.66        722.96      1233.71       175.99      8.038818e-23       8.957900e-12       1.204211e-10      326.355      326.355
     2335.66        722.96      1233.71       175.99      8.038818e-23       8.957900e-12       1.204211e-10      326.355      326.355
     2335.66        722.96      1233.71       175.99      8.038818e-23       8.957900e-12       1.204211e-10      326.355      326.355
     2335.66        722.96      1233.71       175.99      8.038818e-23       8.957900e-12       1.204211e-10      326.355      326.355
     2335.66        722.96      1233.71       175.99      8.038818e-23       8.957900e-12       1.204211e-10      326.355      326.355
     2335.66        722.96      1233.71       175.99      8.038818e-23       8.957900e-12       1.204211e-10      326.355      326.355
     2335.66        722.96      1233.71       175.99      8.038818e-23       8.957900e-12       1.204211e-10      326.355      326.355
     2335.66        722.96      1233.71       175.99      8.038818e-23       8.957900e-12       1.204211e-10      326.355      326.355
     2335.66        722.96      1233.71       175.99      8.038818e-23       8.957900e-12       1.204211e-10      326.355      326.355
     2335.66        722.96      1233.71       175.99      8.038818e-23       8.957900e-12       1.204211e-10      326.355      326.355
     2335.66        722.96      1233.71       175.99      8.038818e-23       8.957900e-12       1.204211e-10      326.355      326.355
     2335.66        722.96      1233.71       175.99      8.038818e-23       8.957900e-12       1.204211e-10      326.355      326.355
     2335.66        722.96      1233.71       175.99      8.038818e-23       8.957900e-12       1.204211e-10      326.355      326.355
     2335.66        722.96      1233.71       175.99      8.038818e-23       8.957900e-12       1.204211e-10      326.355      326.355
     2335.66        722.96      1233.71       175.99      8.038818e-23       8.957900e-12       1.204211e-10      326.355      326.355
     2335.66        722.96      1233.71       175.99      8.038818e-23       8.957900e-12       1.204211e-10      326.355      326.355
     2335.66        722.96      1233.71       175.99      8.038818e-23       8.957900e-12       1.204211e-10      326.355      326.355
     2335.66        722.96      1233.71       175.99      8.038818e-23       8.957900e-12       1.204211e-10      326.355      326.355
     2335.66        722.96      1233.71       175.99      8.038818e-23       8.957900e-12       1.204211e-10      326.355      326.355
     2335.66        722.96      1233.71       175.99      8.038818e-23       8.957900e-12       1.204211e-10      326.355      326.355
     2335.66        722.96      1233.71       175.99      8.038818e-23       8.957900e-12       1.204211e-10      326.355      326.355
     2335.66        722.96      1233.71       175.99      8.038818e-23       8.957900e-12       1.204211e-10      326.355      326.355
     2335.66        722.96      1233.71       175.99      8.038818e-23       8.957900e-12       1.204211e-10      326.355      326.355
     2335.66        722.96      1233.71       175.99      8.038818e-23       8.957900e-12       1.204211e-10      326.355      326.355
     2335.66        722.96      1233.71       175.99      8.038818e-23       8.957900e-12       1.204211e-10      326.355      326.355
     2335.66        722.96      1233.71       175.99      8.038818e-23       8.957900e-12       1.204211e-10      326.355      326.355
     2335.66        722.96      1233.71       175.99      8.038818e-23       8.957900e-12       1.204211e-10      326.355      326.355
     2335.66        722.96      1233.71       175.99      8.038818e-23       8.957900e-12       1.204211e-10      326.355      326.355
     2335.66        722.96      1233.71       175.99      8.038818e-23       8.957900e-12       1.204211e-10      326.355      326.355
     2335.66        722.96      1233.71       175.99      8.038818e-23       8.957900e-12       1.204211e-10      326.355      326.355
     2335.66        722.96      1233.71       175.99      8.038818e-23       8.957900e-12       1.204211e-10      326.355      326.355
     2335.66        722.96      1233.71       175.99      8.038818e-23       8.957900e-12       1.204211e-10      326.355      326.355
     2335.66        722.96      1233.71       175.99      8.038818e-23       8.957900e-12       1.204211e-10      326.355      326.355
     2335.66        722.96      1233.71       175.99      8.038818e-23       8.957900e-12       1.204211e-10      326.355      326.355
     2335.66        722.96      1233.71       175.99      8.038818e-23       8.957900e-12       1.204211e-10      326.355      326.355
     2335.66        722.96      1233.71       175.99      8.038818e-23       8.957900e-12       1.204211e-10      326.355      326.355
     2335.66        722.96      1233.71       175.99      8.038818e-23       8.957900e-12       1.204211e-10      326.355      326.355
     2335.66        722.96      1233.71       175.99      8.038818e-23       8.957900e-12       1.204211e-10      326.355      326.355
     2335.66        722.96      1233.71       175.99      8.038818e-23       8.957900e-12       1.204211e-10      326.355      326.355
     2335.66        722.96      1233.71       175.99      8.038818e-23       8.957900e-12       1.204211e-10      326.355      326.355
     2335.66        722.96      1233.71       175.99      8.038818e-23       8.957900e-12       1.204211e-10      326.355      326.355
     2335.66        722.96      1233.71       175.99      8.038818e-23       8.957900e-12       1.204211e-10      326.355      326.355
     2335.66        722.96      1233.71       175.99      8.038818e-23       8.957900e-12       1.204211e-10      326.355      326.355
     2335.66        722.96      1233.71       175.99      8.038818e-23       8.957900e-12       1.204211e-10      326.355      326.355
     2335.66        722.96      1233.71       175.99      8.038818e-23       8.957900e-12       1.204211e-10      326.355      326.355
     2335.66        722.96      1233.71       175.99      8.038818e-23       8.957900e-12       1.204211e-10      326.355      326.355
     2335.66        722.96      1233.71       175.99      8.038818e-23       8.957900e-12       1.204211e-10      326.355      326.355
     2335.66        722.96      1233.71       175.99      8.038818e-23       8.957900e-12       1.204211e-10      326.355      326.355
     2335.66        722.96      1233.71       175.99      8.038818e-23       8.957900e-12       1.204211e-10      326.355      326.355
     2335.66        722.96      1233.71       175.99      8.038818e-23       8.957900e-12       1.204211e-10      326.355      326.355
     2335.66        722.96      1233.71       175.99      8.038818e-23       8.957900e-12       1.204211e-10      326.355      326.355
     2335.66        722.96      1233.71       175.99      8.038818e-23       8.957900e-12       1.204211e-10      326.355      326.355
     2335.66        722.96      1233.71       175.99      8.038818e-23       8.957900e-12       1.204211e-10      326.355      326.355
     2335.66        722.96      1233.71       175.99      8.038818e-23       8.957900e-12       1.204211e-10      326.355      326.355
     2335.66        722.96      1233.71       175.99      8.038818e-23       8.957900e-12       1.204211e-10      326.355      326.355
     2335.66        722.96      1233.71       175.99      8.038818e-23       8.957900e-12       1.204211e-10      326.355      326.355
     2335.66        722.96      1233.71       175.99      8.038818e-23       8.957900e-12       1.204211e-10      326.355      326.355
     2335.66        722.96      1233.71       175.99      8.038818e-23       8.957900e-12       1.204211e-10      326.355      326.355
     2335.66        722.96      1233.71       175.99      8.038818e-23       8.957900e-12       1.204211e-10      326.355      326.355
     2335.66        722.96      1233.71       175.99      8.038818e-23       8.957900e-12       1.204211e-10      326.355      326.355
     2335.66        722.96      1233.71       175.99      8.038818e-23       8.957900e-12       1.204211e-10      326.355      326.355
     2335.66        722.96      1233.71       175.99      8.038818e-23       8.957900e-12       1.204211e-10      326.355      326.355
     2335.66        722.96      1233.71       175.99      8.038818e-23       8.957900e-12       1.204211e-10      326.355      326.355
     2335.66        722.96      1233.71       175.99      8.038818e-23       8.957900e-12       1.204211e-10      326.355      326.355
     2335.66        722.96      1233.71       175.99      8.038818e-23       8.957900e-12       1.204211e-10      326.355      326.355
     2335.66        722.96      1233.71       175.99      8.038818e-23       8.957900e-12       1.204211e-10      326.355      326.355
     2335.66        722.96      1233.71       175.99      8.038818e-23       8.957900e-12       1.204211e-10      326.355      326.355
     2335.66        722.96      1233.71       175.99      8.038818e-23       8.957900e-12       1.204211e-10      326.355      326.355
     2335.66        722.96      1233.71       175.99      8.038818e-23       8.957900e-12       1.204211e-10      326.355      326.355
     2335.66        722.96      1233.71       175.99      8.038818e-23       8.957900e-12       1.204211e-10      326.355      326.355
     2335.66        722.96      1233.71       175.99      8.038818e-23       8.957900e-12       1.204211e-10      326.355      326.355
     2335.66        722.96      1233.71       175.99      8.038818e-23       8.957900e-12       1.204211e-10      326.355      326.355
     2335.66        722.96      1233.71       175.99      8.038818e-23       8.957900e-12       1.204211e-10      326.355      326.355
     2335.66        722.96      1233.71       175.99      8.038818e-23       8.957900e-12       1.204211e-10      326.355      326.355
     2335.66        722.96      1233.71       175.99      8.038818e-23       8.957900e-12       1.204211e-10      326.355      326.355
     2335.66        722.96      1233.71       175.99      8.038818e-23       8.957900e-12       1.204211e-10      326.355      326.355
     2335.66        722.96      1233.71       175.99      8.038818e-23       8.957900e-12       1.204211e-10      326.355      326.355
     2335.66        722.96      1233.71       175.99      8.038818e-23       8.957900e-12       1.204211e-10      326.355      326.355
     2335.66        722.96      1233.71       175.99      8.038818e-23       8.957900e-12       1.204211e-10      326.355      326.355
     2335.66        722.96      1233.71       175.99      8.038818e-23       8.957900e-12       1.204211e-10      326.355      326.355
