[ER, ET, CPRT, GRT]  O.F.1  IT_1 IT_Force Force_Exp Force_FEMU 
    1297.657       548.382      1.02550      211.200      6.616811e-04       2.524202e-02       1.586156e-01      273.437      230.066
    6540.652       851.854      1.02550      211.200      1.019092e-02       2.606729e-02       3.084168e+00      273.437     1116.765
  -22156.987     -9363.413      4.98137      211.200      1.019092e-02       2.606729e-02       3.084168e+00      273.437     1116.765
    2124.846      4420.879      0.20829      211.200      1.628415e-03       3.913774e-02       3.133439e-01      273.437      359.117
    1297.657       548.382      1.02550     2730.272      1.114533e-03       3.316271e-02       1.259673e-01      273.437      238.993
    4599.264      2565.651      0.01945     1118.606      5.645407e-03       4.691099e-02       1.856601e+00      273.437      781.102
     345.437      3556.898      0.04287     1837.623      3.404798e-03       5.281466e-02       7.862564e-01      273.437       58.446
   -6229.178    -68594.854      1.74711      825.044      3.404798e-03       5.281466e-02       7.862564e-01      273.437       58.446
    -919.823     -2711.119      0.86867      894.288      3.404798e-03       5.281466e-02       7.862564e-01      273.437       58.446
    2960.117      2442.829      0.04129     1041.073      2.856680e-03       4.640813e-02       8.397138e-01      273.437      503.047
    3711.615       544.103      1.70660      194.361      5.842580e-03       6.192161e-02       1.418495e+00      273.437      661.307
    1129.083      2677.935      0.13481     1271.400      2.031813e-03       4.408355e-02       3.006603e-01      273.437      191.226
   -1423.946     -2163.506      1.18940      690.983      2.031813e-03       4.408355e-02       3.006603e-01      273.437      191.226
     564.196       710.205      0.71737      771.849      1.129302e-03       2.719555e-02       6.248551e-01      273.437      102.579
    -492.959      -188.357      1.73188      358.777      1.129302e-03       2.719555e-02       6.248551e-01      273.437      102.579
 -860681.877     -1369.933    474.45368     1784.074      1.129302e-03       2.719555e-02       6.248551e-01      273.437      102.579
   -4777.058      -709.929      4.49175     1248.272      1.129302e-03       2.719555e-02       6.248551e-01      273.437      102.579
    1845.800      2193.636      0.42617      461.072      8.530621e-04       2.881587e-02       1.534215e-01      273.437      315.389
    1091.922      1816.847      0.21882     1529.768      1.679132e-03       3.970191e-02       3.232135e-01      273.437      185.059
     836.718       444.289      1.14244      575.640      1.337707e-03       3.409335e-02       4.201343e-01      273.437      158.557
    1664.137      1262.590      0.61854      324.096      5.687874e-04       2.380858e-02       5.005626e-02      273.437      287.125
    1297.657       548.382      1.02550     1118.606      9.220907e-04       3.008126e-02       1.345849e-01      273.437      236.637
     930.566       694.589      0.83727      447.726      7.543539e-04       2.456507e-02       3.892487e-01      273.437      167.002
     673.609       269.548      1.38010      280.125      2.331206e-03       4.536179e-02       5.249498e-01      273.437      129.897
    1381.027      1159.529      0.48083      720.276      8.164166e-04       2.827502e-02       1.331883e-01      273.437      237.019
    1326.191      1362.820      0.51942       46.588      8.019554e-04       2.778401e-02       1.754305e-01      273.437      225.468
    1034.079       638.600      0.98092       12.185      1.276338e-03       3.396860e-02       3.516055e-01      273.437      177.295
    1388.893      1071.977      0.59337      440.297      6.331416e-04       2.487583e-02       1.222850e-01      273.437      240.000
    1197.261       489.743      1.11729      931.695      1.107591e-03       3.275139e-02       1.897642e-01      273.437      221.549
    1353.259      1120.146      0.61831      162.279      5.819726e-04       2.367450e-02       1.484961e-01      273.437      232.833
    1890.626      1174.851      0.55129      143.286      6.704179e-04       2.528371e-02       1.783004e-01      273.437      322.192
    1680.095      1091.360      0.61740      203.535      5.637872e-04       2.369384e-02       5.432006e-02      273.437      288.291
    1529.990      1863.781      0.39994      340.867      8.806477e-04       2.965497e-02       4.593234e-02      273.437      260.878
    1449.013       826.246      0.78131      240.718      5.074575e-04       2.240443e-02       7.746619e-02      273.437      252.255
    1689.906      1071.895      0.71427       86.199      5.577654e-04       2.355301e-02       5.979717e-02      273.437      289.788
    1916.463       992.771      0.74640      249.417      5.461382e-04       2.240485e-02       2.113364e-01      273.437      331.225
    1690.831       755.699      0.84099       88.917      5.452400e-04       2.327313e-02       6.436590e-02      273.437      291.038
    1619.586       726.936      0.94853      115.378      5.759721e-04       2.399193e-02       3.058129e-02      273.437      281.800
    1690.131      1000.499      0.68857      179.155      5.238138e-04       2.280963e-02       6.367796e-02      273.437      290.849
    1677.801       723.214      0.82137      316.134      5.185346e-04       2.268149e-02       6.781514e-02      273.437      291.981
    1361.344       672.147      0.81775      150.304      5.185024e-04       2.236766e-02       1.367137e-01      273.437      236.055
    1400.854       850.152      0.71070      401.829      5.576246e-04       2.337573e-02       1.083798e-01      273.437      243.802
    1617.857       779.455      0.80607      145.937      5.032909e-04       2.243412e-02       2.246556e-02      273.437      279.580
    1338.136       532.098      0.96952      238.148      6.015483e-04       2.414683e-02       1.380658e-01      273.437      235.685
    1609.800       871.903      0.74263      193.115      5.019351e-04       2.240859e-02       1.710007e-02      273.437      278.113
    1342.402       841.436      0.75477       82.837      5.530121e-04       2.301298e-02       1.547399e-01      273.437      231.126
    1593.077       755.792      0.80281      243.631      5.018646e-04       2.241043e-02       1.181053e-02      273.437      276.667
    1786.526       957.690      0.75290      265.394      5.192478e-04       2.241348e-02       1.318567e-01      273.437      309.492
    1463.180       739.046      0.79925      176.020      5.028893e-04       2.231943e-02       7.232342e-02      273.437      253.662
    1690.300       737.636      0.79297      141.892      5.083659e-04       2.246404e-02       6.509493e-02      273.437      291.237
    1510.317       807.238      0.78398      213.568      4.999410e-04       2.233275e-02       4.108334e-02      273.437      262.204
    1471.620       806.412      0.75743      276.016      5.129585e-04       2.256725e-02       6.470739e-02      273.437      255.744
    1580.930       786.303      0.79360      174.591      4.979930e-04       2.232691e-02       7.282582e-04      273.437      273.637
    1687.593       873.651      0.76237      237.132      5.047032e-04       2.237110e-02       6.883136e-02      273.437      292.259
    1518.202       771.794      0.78946      190.443      4.988702e-04       2.231474e-02       3.768784e-02      273.437      263.132
    1487.664       693.198      0.84847      216.717      5.104878e-04       2.254504e-02       5.212475e-02      273.437      259.185
    1580.643       825.669      0.76675      198.888      4.983411e-04       2.233472e-02       5.025682e-04      273.437      273.575
    1501.698       839.314      0.76535      150.234      5.032444e-04       2.238681e-02       5.075752e-02      273.437      259.558
    1570.368       776.842      0.79287      218.169      4.987418e-04       2.234339e-02       3.735723e-03      273.437      272.416
    1614.220       771.303      0.78713      177.673      4.985629e-04       2.233016e-02       2.062149e-02      273.437      279.076
    1656.101       807.995      0.78045      193.426      5.001159e-04       2.232391e-02       4.750993e-02      273.437      286.428
    1552.327       780.957      0.78719      191.187      4.977506e-04       2.231531e-02       1.659887e-02      273.437      268.899
    1593.767       805.418      0.77435      155.402      5.004707e-04       2.238149e-02       6.385310e-03      273.437      275.183
    1576.270       783.954      0.78817      201.478      4.977147e-04       2.232065e-02       1.158009e-03      273.437      273.121
    1530.419       815.803      0.78064      205.616      4.985603e-04       2.232055e-02       2.918163e-02      273.437      265.458
    1551.578       805.125      0.78220      198.438      4.977668e-04       2.231568e-02       1.658912e-02      273.437      268.901
    1549.278       753.237      0.80989      183.818      4.988807e-04       2.233983e-02       1.765840e-02      273.437      268.609
    1573.041       807.297      0.77712      195.064      4.976745e-04       2.231944e-02       3.899285e-03      273.437      272.371
    1545.691       802.371      0.77380      219.756      4.994817e-04       2.235137e-02       1.993643e-02      273.437      267.986
    1572.131       790.317      0.78860      185.394      4.975075e-04       2.231560e-02       4.396810e-03      273.437      272.235
    1585.162       775.879      0.78837      188.104      4.976398e-04       2.231873e-02       3.470368e-03      273.437      274.386
    1601.184       797.770      0.78388      193.736      4.977608e-04       2.231748e-02       1.373824e-02      273.437      277.194
    1564.489       785.158      0.78635      191.822      4.975740e-04       2.231569e-02       9.046800e-03      273.437      270.964
    1571.191       795.382      0.78200      179.012      4.977582e-04       2.232092e-02       5.750645e-03      273.437      271.865
    1575.004       786.807      0.78662      195.736      4.975595e-04       2.231708e-02       2.301984e-03      273.437      272.808
    1575.254       762.056      0.79824      185.485      4.978718e-04       2.232409e-02       2.288077e-03      273.437      272.812
    1573.643       795.901      0.78226      192.647      4.975380e-04       2.231645e-02       3.468766e-03      273.437      272.489
    1557.333       803.033      0.78360      194.687      4.975784e-04       2.231374e-02       1.316366e-02      273.437      269.838
    1564.346       796.312      0.78477      193.031      4.975149e-04       2.231440e-02       8.969382e-03      273.437      270.985
    1578.103       799.548      0.78477      191.543      4.974471e-04       2.231468e-02       5.007005e-04      273.437      273.301
    1584.925       806.781      0.78399      191.403      4.974495e-04       2.231441e-02       3.780985e-03      273.437      274.471
    1569.076       804.219      0.78359      185.613      4.974837e-04       2.231459e-02       6.387737e-03      273.437      271.691
    1568.104       799.234      0.78858      185.150      4.974621e-04       2.231401e-02       6.713203e-03      273.437      271.602
    1579.394       800.357      0.78798      180.899      4.975869e-04       2.231782e-02       1.634550e-05      273.437      273.433
    1568.104       797.323      0.78557      189.961      4.974569e-04       2.231389e-02       6.730930e-03      273.437      271.597
    1569.552       809.876      0.78270      190.738      4.974181e-04       2.231328e-02       5.774550e-03      273.437      271.859
    1568.224       819.682      0.77983      193.438      4.974501e-04       2.231380e-02       6.487332e-03      273.437      271.664
    1572.872       798.782      0.78721      193.103      4.974205e-04       2.231382e-02       3.459417e-03      273.437      272.492
    1576.171       803.508      0.78155      197.621      4.975547e-04       2.231704e-02       1.553555e-03      273.437      273.013
    1570.140       800.312      0.78682      188.229      4.974203e-04       2.231342e-02       5.408298e-03      273.437      271.959
    1577.246       806.952      0.78517      191.840      4.973822e-04       2.231321e-02       8.302119e-04      273.437      273.210
    1581.821       811.781      0.78497      192.783      4.973717e-04       2.231289e-02       2.123072e-03      273.437      274.018
    1569.024       810.755      0.78606      190.874      4.973464e-04       2.231167e-02       5.801318e-03      273.437      271.851
    1564.389       816.268      0.78670      190.541      4.973270e-04       2.231036e-02       8.513238e-03      273.437      271.110
    1570.067       820.364      0.78342      188.052      4.973482e-04       2.231182e-02       5.335656e-03      273.437      271.979
    1572.741       828.890      0.78214      192.834      4.972922e-04       2.231095e-02       3.361139e-03      273.437      272.518
    1573.938       843.204      0.77988      195.158      4.972744e-04       2.231068e-02       2.400858e-03      273.437      272.781
    1575.468       835.878      0.78471      192.513      4.971943e-04       2.230897e-02       1.343789e-03      273.437      273.070
    1578.203       848.774      0.78568      193.404      4.971159e-04       2.230724e-02       7.319419e-04      273.437      273.638
    1561.161       852.180      0.78289      190.777      4.972004e-04       2.230687e-02       1.008796e-02      273.437      270.679
    1568.535       859.677      0.78412      196.929      4.970797e-04       2.230589e-02       4.948772e-03      273.437      272.084
    1567.241       879.004      0.78446      201.444      4.970199e-04       2.230452e-02       5.083090e-03      273.437      272.048
    1575.430       895.389      0.78001      199.867      4.970016e-04       2.230469e-02       1.864077e-04      273.437      273.387
    1579.897       934.698      0.77698      204.614      4.969972e-04       2.230434e-02       3.322199e-03      273.437      274.346
    1568.405       913.230      0.78480      199.895      4.968405e-04       2.230076e-02       3.739116e-03      273.437      272.415
    1563.491       946.570      0.78704      202.284      4.967770e-04       2.229890e-02       5.768624e-03      273.437      271.860
    1582.962       952.450      0.78407      210.289      4.968788e-04       2.230097e-02       6.528516e-03      273.437      275.223
    1564.564      1004.599      0.78095      216.202      4.969071e-04       2.230225e-02       3.757753e-03      273.437      272.410
    1574.760      1038.014      0.78037      215.296      4.967941e-04       2.229982e-02       3.066565e-03      273.437      274.276
    1559.805      1032.911      0.78857      217.447      4.969483e-04       2.230286e-02       5.302394e-03      273.437      271.988
    1566.344      1009.827      0.78586      214.202      4.968047e-04       2.230016e-02       2.187156e-03      273.437      272.839
    1580.084       969.469      0.78772      204.848      4.967560e-04       2.229859e-02       5.124906e-03      273.437      274.839
    1587.605       951.675      0.79126      199.287      4.969310e-04       2.230112e-02       9.413585e-03      273.437      276.012
    1558.167      1027.995      0.78621      207.952      4.967537e-04       2.229796e-02       7.203658e-03      273.437      271.468
    1542.934      1062.646      0.78719      206.788      4.970231e-04       2.229950e-02       1.589794e-02      273.437      269.090
    1572.662       981.755      0.78466      201.036      4.966982e-04       2.229788e-02       2.761861e-04      273.437      273.513
    1575.438       967.353      0.78404      194.611      4.968095e-04       2.230034e-02       1.270372e-03      273.437      273.785
    1562.070       925.229      0.79298      193.051      4.969945e-04       2.230341e-02       7.067475e-03      273.437      271.505
    1572.035      1009.984      0.78332      209.621      4.967013e-04       2.229793e-02       8.096512e-04      273.437      273.659
    1577.059      1047.646      0.78402      209.450      4.967023e-04       2.229748e-02       4.691372e-03      273.437      274.720
    1558.671      1062.986      0.78164      209.162      4.967503e-04       2.229807e-02       6.606425e-03      273.437      271.631
    1582.661      1023.689      0.78053      206.651      4.967485e-04       2.229785e-02       7.176853e-03      273.437      275.400
    1591.528       966.264      0.78475      204.202      4.968676e-04       2.229856e-02       1.179907e-02      273.437      276.664
    1567.788      1039.799      0.78237      207.917      4.966816e-04       2.229746e-02       1.428957e-03      273.437      273.047
    1562.537      1016.236      0.78663      207.331      4.967203e-04       2.229787e-02       4.734363e-03      273.437      272.143
    1567.597      1018.131      0.78510      207.161      4.966817e-04       2.229744e-02       1.737694e-03      273.437      272.962
    1562.535       976.956      0.78368      203.414      4.967297e-04       2.229777e-02       6.012528e-03      273.437      271.793
    1573.727      1030.181      0.78394      207.932      4.966782e-04       2.229732e-02       2.203445e-03      273.437      274.040
    1569.135      1025.181      0.78468      202.413      4.966917e-04       2.229771e-02       9.809122e-04      273.437      273.169
    1564.655      1073.199      0.78342      211.732      4.967289e-04       2.229844e-02       2.389310e-03      273.437      272.784
    1571.346      1005.243      0.78433      203.684      4.966751e-04       2.229736e-02       4.318669e-05      273.437      273.449
    1571.188      1021.571      0.78317      210.971      4.967075e-04       2.229808e-02       5.759865e-04      273.437      273.595
    1569.655      1024.285      0.78430      204.536      4.966743e-04       2.229733e-02       5.861927e-04      273.437      273.277
    1573.770      1031.735      0.78236      204.868      4.966827e-04       2.229745e-02       1.922599e-03      273.437      273.963
    1569.141      1021.527      0.78441      206.586      4.966730e-04       2.229730e-02       8.222376e-04      273.437      273.213
    1573.976      1000.667      0.78619      203.458      4.966901e-04       2.229763e-02       1.741480e-03      273.437      273.914
    1569.423      1030.094      0.78330      206.798      4.966723e-04       2.229729e-02       5.810990e-04      273.437      273.279
    1566.088      1010.441      0.78424      202.881      4.966856e-04       2.229737e-02       3.155437e-03      273.437      272.575
    1571.831      1025.251      0.78401      206.664      4.966717e-04       2.229727e-02       8.721485e-04      273.437      273.676
    1568.346      1045.030      0.78369      208.620      4.966825e-04       2.229751e-02       8.115418e-04      273.437      273.216
    1570.722      1015.304      0.78417      204.913      4.966710e-04       2.229727e-02       9.104552e-05      273.437      273.413
    1570.918      1021.813      0.78364      207.950      4.966765e-04       2.229739e-02       2.831656e-04      273.437      273.515
    1569.972      1023.669      0.78414      205.387      4.966712e-04       2.229727e-02       3.673507e-04      273.437      273.337
    1571.853      1025.651      0.78339      205.293      4.966721e-04       2.229728e-02       7.510322e-04      273.437      273.643
    1572.736      1014.812      0.78456      204.333      4.966751e-04       2.229733e-02       1.144408e-03      273.437      273.750
    1570.267      1026.289      0.78361      206.180      4.966706e-04       2.229726e-02       1.399042e-04      273.437      273.399
    1569.556      1019.619      0.78457      206.278      4.966726e-04       2.229730e-02       6.061264e-04      273.437      273.272
    1571.279      1024.142      0.78369      205.539      4.966707e-04       2.229726e-02       4.119065e-04      273.437      273.550
    1569.298      1019.459      0.78379      204.348      4.966731e-04       2.229729e-02       9.600540e-04      273.437      273.175
    1571.199      1023.804      0.78396      206.084      4.966705e-04       2.229725e-02       4.150485e-04      273.437      273.551
    1571.767      1021.103      0.78357      205.971      4.966707e-04       2.229725e-02       6.689355e-04      273.437      273.620
    1571.496      1032.338      0.78325      206.977      4.966726e-04       2.229729e-02       7.451405e-04      273.437      273.641
    1570.931      1019.574      0.78394      205.428      4.966703e-04       2.229725e-02       1.280156e-04      273.437      273.473
    1570.809      1021.248      0.78385      206.292      4.966705e-04       2.229726e-02       1.273785e-04      273.437      273.472
    1569.834      1024.351      0.78411      206.021      4.966710e-04       2.229726e-02       4.051812e-04      273.437      273.327
    1571.286      1021.918      0.78370      205.983      4.966703e-04       2.229725e-02       4.021714e-04      273.437      273.547
    1571.831      1016.969      0.78411      205.713      4.966710e-04       2.229726e-02       6.665645e-04      273.437      273.620
    1570.664      1023.965      0.78374      206.063      4.966703e-04       2.229725e-02       6.577099e-05      273.437      273.455
    1570.643      1019.546      0.78366      205.799      4.966702e-04       2.229725e-02       5.520242e-05      273.437      273.422
    1570.359      1017.411      0.78351      205.657      4.966707e-04       2.229726e-02       2.947130e-04      273.437      273.357
    1570.957      1021.256      0.78367      205.345      4.966705e-04       2.229726e-02       1.445909e-04      273.437      273.477
    1570.920      1021.254      0.78371      205.582      4.966702e-04       2.229725e-02       1.403081e-04      273.437      273.476
    1570.296      1020.254      0.78382      205.453      4.966703e-04       2.229725e-02       2.611101e-04      273.437      273.366
    1570.331      1022.936      0.78353      206.021      4.966704e-04       2.229725e-02       1.826145e-04      273.437      273.388
    1570.782      1020.415      0.78383      205.576      4.966702e-04       2.229725e-02       5.071788e-05      273.437      273.451
    1570.646      1016.761      0.78377      205.142      4.966705e-04       2.229726e-02       1.348361e-04      273.437      273.401
    1570.664      1022.167      0.78375      205.833      4.966702e-04       2.229725e-02       1.808419e-05      273.437      273.442
    1571.210      1021.438      0.78366      205.942      4.966703e-04       2.229725e-02       3.385917e-04      273.437      273.530
    1570.524      1020.550      0.78378      205.575      4.966702e-04       2.229725e-02       1.112177e-04      273.437      273.407
    1570.799      1022.645      0.78388      205.483      4.966705e-04       2.229726e-02       1.026359e-04      273.437      273.466
    1570.683      1020.322      0.78371      205.720      4.966701e-04       2.229725e-02       1.507302e-05      273.437      273.433
    1570.407      1020.473      0.78382      205.770      4.966702e-04       2.229725e-02       1.687581e-04      273.437      273.391
    1570.357      1021.341      0.78369      205.873      4.966702e-04       2.229725e-02       1.890208e-04      273.437      273.386
    1570.676      1020.647      0.78380      205.650      4.966701e-04       2.229725e-02       9.205221e-06      273.437      273.435
    1570.691      1021.255      0.78376      205.912      4.966702e-04       2.229725e-02       2.397401e-05      273.437      273.444
    1570.950      1021.722      0.78369      205.787      4.966702e-04       2.229725e-02       1.778348e-04      273.437      273.486
    1570.543      1020.786      0.78379      205.775      4.966701e-04       2.229725e-02       8.204727e-05      273.437      273.415
    1570.592      1020.706      0.78376      205.577      4.966702e-04       2.229725e-02       6.780866e-05      273.437      273.419
    1570.666      1021.118      0.78376      205.828      4.966701e-04       2.229725e-02       9.910583e-07      273.437      273.438
    1570.619      1019.267      0.78378      205.654      4.966702e-04       2.229725e-02       7.175835e-05      273.437      273.418
    1570.653      1021.443      0.78375      205.788      4.966701e-04       2.229725e-02       3.968337e-06      273.437      273.436
    1570.585      1021.674      0.78384      205.800      4.966702e-04       2.229725e-02       3.240832e-05      273.437      273.429
    1570.659      1020.660      0.78374      205.740      4.966701e-04       2.229725e-02       1.932917e-05      273.437      273.432
    1570.585      1021.356      0.78373      205.915      4.966702e-04       2.229725e-02       4.302120e-05      273.437      273.426
    1570.653      1020.824      0.78378      205.716      4.966701e-04       2.229725e-02       1.761703e-05      273.437      273.433
    1570.773      1021.237      0.78373      205.762      4.966701e-04       2.229725e-02       6.217950e-05      273.437      273.455
    1570.600      1020.898      0.78377      205.771      4.966701e-04       2.229725e-02       4.598953e-05      273.437      273.425
    1570.636      1020.307      0.78377      205.740      4.966701e-04       2.229725e-02       3.714166e-05      273.437      273.427
    1570.608      1020.227      0.78377      205.656      4.966701e-04       2.229725e-02       6.103787e-05      273.437      273.421
    1570.652      1020.895      0.78376      205.785      4.966701e-04       2.229725e-02       1.453228e-05      273.437      273.434
    1570.646      1021.331      0.78376      205.766      4.966701e-04       2.229725e-02       1.166120e-05      273.437      273.434
    1570.639      1020.563      0.78377      205.747      4.966701e-04       2.229725e-02       3.069938e-05      273.437      273.429
    1570.613      1020.930      0.78380      205.770      4.966701e-04       2.229725e-02       3.520341e-05      273.437      273.428
    1570.647      1020.728      0.78376      205.748      4.966701e-04       2.229725e-02       2.321457e-05      273.437      273.431
    1570.695      1020.607      0.78376      205.727      4.966701e-04       2.229725e-02       2.947408e-06      273.437      273.438
    1570.742      1020.461      0.78376      205.704      4.966701e-04       2.229725e-02       2.748540e-05      273.437      273.445
    1570.665      1020.466      0.78377      205.684      4.966701e-04       2.229725e-02       1.987345e-05      273.437      273.432
    1570.655      1020.788      0.78377      205.760      4.966701e-04       2.229725e-02       1.581020e-05      273.437      273.433
    1570.665      1020.518      0.78375      205.774      4.966701e-04       2.229725e-02       1.578821e-05      273.437      273.433
    1570.656      1020.748      0.78377      205.731      4.966701e-04       2.229725e-02       1.715209e-05      273.437      273.433
    1570.688      1020.871      0.78376      205.736      4.966701e-04       2.229725e-02       4.079952e-06      273.437      273.439
    1570.700      1020.779      0.78377      205.729      4.966701e-04       2.229725e-02       1.030094e-05      273.437      273.440
    1570.655      1020.986      0.78377      205.751      4.966701e-04       2.229725e-02       1.231080e-05      273.437      273.434
    1570.665      1020.891      0.78377      205.745      4.966701e-04       2.229725e-02       8.437830e-06      273.437      273.435
    1570.650      1020.732      0.78378      205.746      4.966701e-04       2.229725e-02       1.962864e-05      273.437      273.432
    1570.630      1020.662      0.78379      205.752      4.966701e-04       2.229725e-02       3.158125e-05      273.437      273.429
    1570.679      1020.847      0.78377      205.759      4.966701e-04       2.229725e-02       3.161392e-07      273.437      273.438
    1570.624      1020.850      0.78377      205.776      4.966701e-04       2.229725e-02       3.213090e-05      273.437      273.429
    1570.681      1020.797      0.78377      205.741      4.966701e-04       2.229725e-02       3.064038e-07      273.437      273.437
    1570.667      1020.690      0.78378      205.758      4.966701e-04       2.229725e-02       9.231503e-06      273.437      273.435
    1570.683      1020.745      0.78378      205.742      4.966701e-04       2.229725e-02       1.336859e-06      273.437      273.438
    1570.697      1020.724      0.78379      205.734      4.966701e-04       2.229725e-02       9.910600e-06      273.437      273.440
    1570.662      1020.635      0.78378      205.735      4.966701e-04       2.229725e-02       1.428264e-05      273.437      273.434
    1570.697      1020.702      0.78378      205.741      4.966701e-04       2.229725e-02       8.387740e-06      273.437      273.440
    1570.694      1020.749      0.78378      205.721      4.966701e-04       2.229725e-02       6.848960e-06      273.437      273.439
    1570.674      1020.705      0.78378      205.749      4.966701e-04       2.229725e-02       5.186653e-06      273.437      273.436
    1570.653      1020.739      0.78378      205.742      4.966701e-04       2.229725e-02       1.760624e-05      273.437      273.433
    1570.664      1020.730      0.78378      205.742      4.966701e-04       2.229725e-02       1.108315e-05      273.437      273.434
    1570.689      1020.854      0.78377      205.752      4.966701e-04       2.229725e-02       6.610639e-06      273.437      273.439
    1570.669      1020.689      0.78378      205.739      4.966701e-04       2.229725e-02       9.082564e-06      273.437      273.435
    1570.682      1020.799      0.78378      205.748      4.966701e-04       2.229725e-02       1.413169e-06      273.437      273.438
    1570.679      1020.772      0.78378      205.746      4.966701e-04       2.229725e-02       1.234671e-06      273.437      273.437
    1570.672      1020.717      0.78378      205.741      4.966701e-04       2.229725e-02       6.433454e-06      273.437      273.436
    1570.666      1020.651      0.78379      205.746      4.966701e-04       2.229725e-02       1.042726e-05      273.437      273.435
    1570.677      1020.760      0.78378      205.742      4.966701e-04       2.229725e-02       2.860059e-06      273.437      273.437
    1570.670      1020.688      0.78378      205.745      4.966701e-04       2.229725e-02       7.871673e-06      273.437      273.435
    1570.666      1020.651      0.78379      205.746      4.966701e-04       2.229725e-02       1.042726e-05      273.437      273.435
    1570.686      1020.698      0.78378      205.747      4.966701e-04       2.229725e-02       2.054130e-06      273.437      273.438
    1570.668      1020.658      0.78378      205.749      4.966701e-04       2.229725e-02       1.015480e-05      273.437      273.435
    1570.679      1020.723      0.78378      205.744      4.966701e-04       2.229725e-02       1.486341e-06      273.437      273.437
    1570.672      1020.696      0.78378      205.747      4.966701e-04       2.229725e-02       6.577984e-06      273.437      273.436
    1570.671      1020.702      0.78378      205.743      4.966701e-04       2.229725e-02       7.201652e-06      273.437      273.436
    1570.678      1020.693      0.78378      205.746      4.966701e-04       2.229725e-02       2.908771e-06      273.437      273.437
    1570.676      1020.716      0.78378      205.744      4.966701e-04       2.229725e-02       3.218617e-06      273.437      273.437
    1570.669      1020.673      0.78378      205.747      4.966701e-04       2.229725e-02       8.964474e-06      273.437      273.435
    1570.663      1020.687      0.78378      205.745      4.966701e-04       2.229725e-02       1.239942e-05      273.437      273.434
    1570.667      1020.688      0.78378      205.745      4.966701e-04       2.229725e-02       1.000205e-05      273.437      273.435
    1570.669      1020.680      0.78378      205.746      4.966701e-04       2.229725e-02       8.466857e-06      273.437      273.435
    1570.670      1020.695      0.78378      205.744      4.966701e-04       2.229725e-02       7.488186e-06      273.437      273.435
    1570.671      1020.692      0.78378      205.746      4.966701e-04       2.229725e-02       7.224828e-06      273.437      273.436
    1570.674      1020.690      0.78378      205.746      4.966701e-04       2.229725e-02       5.439314e-06      273.437      273.436
    1570.671      1020.685      0.78379      205.744      4.966701e-04       2.229725e-02       7.408178e-06      273.437      273.435
    1570.673      1020.698      0.78379      205.743      4.966701e-04       2.229725e-02       5.636540e-06      273.437      273.436
    1570.673      1020.701      0.78378      205.745      4.966701e-04       2.229725e-02       5.858752e-06      273.437      273.436
    1570.669      1020.701      0.78378      205.743      4.966701e-04       2.229725e-02       8.037364e-06      273.437      273.435
    1570.672      1020.699      0.78379      205.744      4.966701e-04       2.229725e-02       6.214324e-06      273.437      273.436
    1570.671      1020.696      0.78378      205.744      4.966701e-04       2.229725e-02       7.218505e-06      273.437      273.436
    1570.671      1020.698      0.78379      205.744      4.966701e-04       2.229725e-02       6.483986e-06      273.437      273.436
    1570.671      1020.697      0.78378      205.744      4.966701e-04       2.229725e-02       6.986086e-06      273.437      273.436
    1570.671      1020.694      0.78378      205.745      4.966701e-04       2.229725e-02       6.816766e-06      273.437      273.436
    1570.669      1020.694      0.78378      205.744      4.966701e-04       2.229725e-02       7.954826e-06      273.437      273.435
    1570.671      1020.693      0.78379      205.744      4.966701e-04       2.229725e-02       6.803189e-06      273.437      273.436
    1570.670      1020.692      0.78378      205.745      4.966701e-04       2.229725e-02       7.496613e-06      273.437      273.435
    1570.669      1020.691      0.78378      205.745      4.966701e-04       2.229725e-02       8.364000e-06      273.437      273.435
    1570.669      1020.692      0.78378      205.745      4.966701e-04       2.229725e-02       7.998358e-06      273.437      273.435
    1570.671      1020.688      0.78378      205.746      4.966701e-04       2.229725e-02       7.185673e-06      273.437      273.436
    1570.670      1020.693      0.78378      205.744      4.966701e-04       2.229725e-02       7.738275e-06      273.437      273.435
    1570.670      1020.690      0.78378      205.745      4.966701e-04       2.229725e-02       7.304636e-06      273.437      273.436
    1570.670      1020.692      0.78378      205.745      4.966701e-04       2.229725e-02       7.629692e-06      273.437      273.435
    1570.670      1020.691      0.78378      205.745      4.966701e-04       2.229725e-02       7.413220e-06      273.437      273.435
    1570.670      1020.691      0.78378      205.745      4.966701e-04       2.229725e-02       7.467194e-06      273.437      273.435
    1570.670      1020.691      0.78378      205.745      4.966701e-04       2.229725e-02       7.344518e-06      273.437      273.435
    1570.670      1020.690      0.78378      205.745      4.966701e-04       2.229725e-02       7.684451e-06      273.437      273.435
    1570.670      1020.690      0.78378      205.745      4.966701e-04       2.229725e-02       7.886231e-06      273.437      273.435
    1570.670      1020.690      0.78378      205.745      4.966701e-04       2.229725e-02       7.751000e-06      273.437      273.435
    1570.670      1020.689      0.78378      205.745      4.966701e-04       2.229725e-02       7.642417e-06      273.437      273.435
    1570.669      1020.687      0.78378      205.745      4.966701e-04       2.229725e-02       8.198187e-06      273.437      273.435
    1570.668      1020.685      0.78378      205.745      4.966701e-04       2.229725e-02       8.625329e-06      273.437      273.435
    1570.669      1020.688      0.78378      205.745      4.966701e-04       2.229725e-02       8.177526e-06      273.437      273.435
    1570.670      1020.689      0.78378      205.745      4.966701e-04       2.229725e-02       7.776507e-06      273.437      273.435
    1570.669      1020.687      0.78378      205.745      4.966701e-04       2.229725e-02       8.182186e-06      273.437      273.435
    1570.670      1020.689      0.78378      205.745      4.966701e-04       2.229725e-02       7.808582e-06      273.437      273.435
    1570.669      1020.687      0.78378      205.745      4.966701e-04       2.229725e-02       8.035238e-06      273.437      273.435
    1570.669      1020.688      0.78378      205.745      4.966701e-04       2.229725e-02       7.987068e-06      273.437      273.435
    1570.669      1020.688      0.78378      205.745      4.966701e-04       2.229725e-02       8.042517e-06      273.437      273.435
    1570.669      1020.688      0.78378      205.745      4.966701e-04       2.229725e-02       7.941050e-06      273.437      273.435
    1570.669      1020.687      0.78378      205.745      4.966701e-04       2.229725e-02       8.190504e-06      273.437      273.435
    1570.669      1020.686      0.78378      205.745      4.966701e-04       2.229725e-02       8.163260e-06      273.437      273.435
    1570.669      1020.688      0.78378      205.745      4.966701e-04       2.229725e-02       8.072429e-06      273.437      273.435
    1570.669      1020.688      0.78378      205.745      4.966701e-04       2.229725e-02       7.956245e-06      273.437      273.435
    1570.669      1020.687      0.78378      205.745      4.966701e-04       2.229725e-02       8.131656e-06      273.437      273.435
    1570.669      1020.688      0.78378      205.745      4.966701e-04       2.229725e-02       8.092916e-06      273.437      273.435
    1570.669      1020.687      0.78378      205.745      4.966701e-04       2.229725e-02       8.116712e-06      273.437      273.435
    1570.669      1020.688      0.78378      205.745      4.966701e-04       2.229725e-02       8.135308e-06      273.437      273.435
    1570.669      1020.687      0.78378      205.745      4.966701e-04       2.229725e-02       8.194336e-06      273.437      273.435
    1570.669      1020.688      0.78378      205.745      4.966701e-04       2.229725e-02       8.077216e-06      273.437      273.435
    1570.669      1020.688      0.78378      205.745      4.966701e-04       2.229725e-02       8.106640e-06      273.437      273.435
    1570.669      1020.687      0.78378      205.745      4.966701e-04       2.229725e-02       8.164931e-06      273.437      273.435
    1570.669      1020.687      0.78378      205.745      4.966701e-04       2.229725e-02       8.121103e-06      273.437      273.435
    1570.669      1020.687      0.78378      205.745      4.966701e-04       2.229725e-02       8.126020e-06      273.437      273.435
    1570.669      1020.687      0.78378      205.745      4.966701e-04       2.229725e-02       8.104506e-06      273.437      273.435
    1570.669      1020.687      0.78378      205.745      4.966701e-04       2.229725e-02       8.157758e-06      273.437      273.435
    1570.669      1020.687      0.78378      205.745      4.966701e-04       2.229725e-02       8.111706e-06      273.437      273.435
    1570.669      1020.687      0.78378      205.745      4.966701e-04       2.229725e-02       8.141130e-06      273.437      273.435
    1570.669      1020.687      0.78378      205.745      4.966701e-04       2.229725e-02       8.133302e-06      273.437      273.435
    1570.669      1020.687      0.78378      205.745      4.966701e-04       2.229725e-02       8.162400e-06      273.437      273.435
    1570.669      1020.687      0.78378      205.745      4.966701e-04       2.229725e-02       8.119273e-06      273.437      273.435
    1570.669      1020.687      0.78378      205.745      4.966701e-04       2.229725e-02       8.126271e-06      273.437      273.435
    1570.669      1020.687      0.78378      205.745      4.966701e-04       2.229725e-02       8.133748e-06      273.437      273.435
    1570.669      1020.687      0.78378      205.745      4.966701e-04       2.229725e-02       8.128230e-06      273.437      273.435
    1570.669      1020.687      0.78378      205.745      4.966701e-04       2.229725e-02       8.131478e-06      273.437      273.435
    1570.669      1020.687      0.78378      205.745      4.966701e-04       2.229725e-02       8.130979e-06      273.437      273.435
    1570.669      1020.687      0.78378      205.745      4.966701e-04       2.229725e-02       8.136966e-06      273.437      273.435
    1570.669      1020.687      0.78378      205.745      4.966701e-04       2.229725e-02       8.141696e-06      273.437      273.435
    1570.669      1020.687      0.78378      205.745      4.966701e-04       2.229725e-02       8.138246e-06      273.437      273.435
    1570.669      1020.687      0.78378      205.745      4.966701e-04       2.229725e-02       8.142696e-06      273.437      273.435
    1570.669      1020.687      0.78378      205.745      4.966701e-04       2.229725e-02       8.144349e-06      273.437      273.435
    1570.669      1020.687      0.78378      205.745      4.966701e-04       2.229725e-02       8.146924e-06      273.437      273.435
    1570.669      1020.687      0.78378      205.745      4.966701e-04       2.229725e-02       8.154722e-06      273.437      273.435
    1570.669      1020.687      0.78378      205.745      4.966701e-04       2.229725e-02       8.142520e-06      273.437      273.435
    1570.669      1020.687      0.78378      205.745      4.966701e-04       2.229725e-02       8.150745e-06      273.437      273.435
    1570.669      1020.687      0.78378      205.745      4.966701e-04       2.229725e-02       8.147372e-06      273.437      273.435
    1570.669      1020.687      0.78378      205.745      4.966701e-04       2.229725e-02       8.151993e-06      273.437      273.435
    1570.669      1020.687      0.78378      205.745      4.966701e-04       2.229725e-02       8.147664e-06      273.437      273.435
    1570.669      1020.687      0.78378      205.745      4.966701e-04       2.229725e-02       8.156250e-06      273.437      273.435
    1570.669      1020.687      0.78378      205.745      4.966701e-04       2.229725e-02       8.154094e-06      273.437      273.435
    1570.669      1020.687      0.78378      205.745      4.966701e-04       2.229725e-02       8.152673e-06      273.437      273.435
    1570.669      1020.687      0.78378      205.745      4.966701e-04       2.229725e-02       8.150419e-06      273.437      273.435
    1570.669      1020.687      0.78378      205.745      4.966701e-04       2.229725e-02       8.158435e-06      273.437      273.435
    1570.669      1020.687      0.78378      205.745      4.966701e-04       2.229725e-02       8.155757e-06      273.437      273.435
    1570.669      1020.687      0.78378      205.745      4.966701e-04       2.229725e-02       8.153270e-06      273.437      273.435
    1570.669      1020.687      0.78378      205.745      4.966701e-04       2.229725e-02       8.153810e-06      273.437      273.435
    1570.669      1020.687      0.78378      205.745      4.966701e-04       2.229725e-02       8.154540e-06      273.437      273.435
    1570.669      1020.687      0.78378      205.745      4.966701e-04       2.229725e-02       8.157798e-06      273.437      273.435
    1570.669      1020.687      0.78378      205.745      4.966701e-04       2.229725e-02       8.155215e-06      273.437      273.435
    1570.669      1020.687      0.78378      205.745      4.966701e-04       2.229725e-02       8.158528e-06      273.437      273.435
    1570.669      1020.687      0.78378      205.745      4.966701e-04       2.229725e-02       8.157199e-06      273.437      273.435
    1570.669      1020.687      0.78378      205.745      4.966701e-04       2.229725e-02       8.153981e-06      273.437      273.435
    1570.669      1020.687      0.78378      205.745      4.966701e-04       2.229725e-02       8.155214e-06      273.437      273.435
    1570.669      1020.687      0.78378      205.745      4.966701e-04       2.229725e-02       8.157180e-06      273.437      273.435
    1570.669      1020.687      0.78378      205.745      4.966701e-04       2.229725e-02       8.155870e-06      273.437      273.435
    1570.669      1020.687      0.78378      205.745      4.966701e-04       2.229725e-02       8.156487e-06      273.437      273.435
    1570.669      1020.687      0.78378      205.745      4.966701e-04       2.229725e-02       8.157817e-06      273.437      273.435
    1570.669      1020.687      0.78378      205.745      4.966701e-04       2.229725e-02       8.155849e-06      273.437      273.435
    1570.669      1020.687      0.78378      205.745      4.966701e-04       2.229725e-02       8.156525e-06      273.437      273.435
    1570.669      1020.687      0.78378      205.745      4.966701e-04       2.229725e-02       8.157161e-06      273.437      273.435
    1570.669      1020.687      0.78378      205.745      4.966701e-04       2.229725e-02       8.156506e-06      273.437      273.435
    1570.669      1020.687      0.78378      205.745      4.966701e-04       2.229725e-02       8.157796e-06      273.437      273.435
    1570.669      1020.687      0.78378      205.745      4.966701e-04       2.229725e-02       8.157815e-06      273.437      273.435
    1570.669      1020.687      0.78378      205.745      4.966701e-04       2.229725e-02       8.157141e-06      273.437      273.435
    1570.669      1020.687      0.78378      205.745      4.966701e-04       2.229725e-02       8.155870e-06      273.437      273.435
    1570.669      1020.687      0.78378      205.745      4.966701e-04       2.229725e-02       8.157777e-06      273.437      273.435
    1570.669      1020.687      0.78378      205.745      4.966701e-04       2.229725e-02       8.157141e-06      273.437      273.435
    1570.669      1020.687      0.78378      205.745      4.966701e-04       2.229725e-02       8.157141e-06      273.437      273.435
    1570.669      1020.687      0.78378      205.745      4.966701e-04       2.229725e-02       8.157161e-06      273.437      273.435
    1570.669      1020.687      0.78378      205.745      4.966701e-04       2.229725e-02       8.157777e-06      273.437      273.435
    1570.669      1020.687      0.78378      205.745      4.966701e-04       2.229725e-02       8.157141e-06      273.437      273.435
    1570.669      1020.687      0.78378      205.745      4.966701e-04       2.229725e-02       8.156506e-06      273.437      273.435
    1570.669      1020.687      0.78378      205.745      4.966701e-04       2.229725e-02       8.157161e-06      273.437      273.435
    1570.669      1020.687      0.78378      205.745      4.966701e-04       2.229725e-02       8.157141e-06      273.437      273.435
    1570.669      1020.687      0.78378      205.745      4.966701e-04       2.229725e-02       8.157141e-06      273.437      273.435
    1570.669      1020.687      0.78378      205.745      4.966701e-04       2.229725e-02       8.157141e-06      273.437      273.435
    1570.669      1020.687      0.78378      205.745      4.966701e-04       2.229725e-02       8.157777e-06      273.437      273.435
    1570.669      1020.687      0.78378      205.745      4.966701e-04       2.229725e-02       8.157141e-06      273.437      273.435
    1570.669      1020.687      0.78378      205.745      4.966701e-04       2.229725e-02       8.157141e-06      273.437      273.435
    1570.669      1020.687      0.78378      205.745      4.966701e-04       2.229725e-02       8.157758e-06      273.437      273.435
    1570.669      1020.687      0.78378      205.745      4.966701e-04       2.229725e-02       8.157141e-06      273.437      273.435
    1570.669      1020.687      0.78378      205.745      4.966701e-04       2.229725e-02       8.157141e-06      273.437      273.435
    1570.669      1020.687      0.78378      205.745      4.966701e-04       2.229725e-02       8.157758e-06      273.437      273.435
    1570.669      1020.687      0.78378      205.745      4.966701e-04       2.229725e-02       8.157141e-06      273.437      273.435
    1570.669      1020.687      0.78378      205.745      4.966701e-04       2.229725e-02       8.157141e-06      273.437      273.435
    1570.669      1020.687      0.78378      205.745      4.966701e-04       2.229725e-02       8.157141e-06      273.437      273.435
    1570.669      1020.687      0.78378      205.745      4.966701e-04       2.229725e-02       8.157141e-06      273.437      273.435
    1570.669      1020.687      0.78378      205.745      4.966701e-04       2.229725e-02       8.157141e-06      273.437      273.435
    1570.669      1020.687      0.78378      205.745      4.966701e-04       2.229725e-02       8.157758e-06      273.437      273.435
    1570.669      1020.687      0.78378      205.745      4.966701e-04       2.229725e-02       8.157141e-06      273.437      273.435
    1570.669      1020.687      0.78378      205.745      4.966701e-04       2.229725e-02       8.157141e-06      273.437      273.435
    1570.669      1020.687      0.78378      205.745      4.966701e-04       2.229725e-02       8.157141e-06      273.437      273.435
    1570.669      1020.687      0.78378      205.745      4.966701e-04       2.229725e-02       8.157141e-06      273.437      273.435
    1570.669      1020.687      0.78378      205.745      4.966701e-04       2.229725e-02       8.157141e-06      273.437      273.435
    1570.669      1020.687      0.78378      205.745      4.966701e-04       2.229725e-02       8.157758e-06      273.437      273.435
    1570.669      1020.687      0.78378      205.745      4.966701e-04       2.229725e-02       8.157141e-06      273.437      273.435
    1570.669      1020.687      0.78378      205.745      4.966701e-04       2.229725e-02       8.157141e-06      273.437      273.435
    1570.669      1020.687      0.78378      205.745      4.966701e-04       2.229725e-02       8.157141e-06      273.437      273.435
    1570.669      1020.687      0.78378      205.745      4.966701e-04       2.229725e-02       8.157758e-06      273.437      273.435
    1570.669      1020.687      0.78378      205.745      4.966701e-04       2.229725e-02       8.157758e-06      273.437      273.435
    1570.669      1020.687      0.78378      205.745      4.966701e-04       2.229725e-02       8.157758e-06      273.437      273.435
    1570.669      1020.687      0.78378      205.745      4.966701e-04       2.229725e-02       8.157758e-06      273.437      273.435
    1570.669      1020.687      0.78378      205.745      4.966701e-04       2.229725e-02       8.157758e-06      273.437      273.435
    1570.669      1020.687      0.78378      205.745      4.966701e-04       2.229725e-02       8.157758e-06      273.437      273.435
    1570.669      1020.687      0.78378      205.745      4.966701e-04       2.229725e-02       8.157758e-06      273.437      273.435
    1570.669      1020.687      0.78378      205.745      4.966701e-04       2.229725e-02       8.157758e-06      273.437      273.435
    1570.669      1020.687      0.78378      205.745      4.966701e-04       2.229725e-02       8.157758e-06      273.437      273.435
    1570.669      1020.687      0.78378      205.745      4.966701e-04       2.229725e-02       8.157758e-06      273.437      273.435
    1570.669      1020.687      0.78378      205.745      4.966701e-04       2.229725e-02       8.157758e-06      273.437      273.435
    1570.669      1020.687      0.78378      205.745      4.966701e-04       2.229725e-02       8.157758e-06      273.437      273.435
    1570.669      1020.687      0.78378      205.745      4.966701e-04       2.229725e-02       8.157758e-06      273.437      273.435
    1570.669      1020.687      0.78378      205.745      4.966701e-04       2.229725e-02       8.157758e-06      273.437      273.435
    1570.669      1020.687      0.78378      205.745      4.966701e-04       2.229725e-02       8.157758e-06      273.437      273.435
    1570.669      1020.687      0.78378      205.745      4.966701e-04       2.229725e-02       8.157758e-06      273.437      273.435
    1570.669      1020.687      0.78378      205.745      4.966701e-04       2.229725e-02       8.157758e-06      273.437      273.435
    1570.669      1020.687      0.78378      205.745      4.966701e-04       2.229725e-02       8.157758e-06      273.437      273.435
    1570.669      1020.687      0.78378      205.745      4.966701e-04       2.229725e-02       8.157758e-06      273.437      273.435
    1570.669      1020.687      0.78378      205.745      4.966701e-04       2.229725e-02       8.157758e-06      273.437      273.435
    1570.669      1020.687      0.78378      205.745      4.966701e-04       2.229725e-02       8.157758e-06      273.437      273.435
    1570.669      1020.687      0.78378      205.745      4.966701e-04       2.229725e-02       8.157758e-06      273.437      273.435
    1570.669      1020.687      0.78378      205.745      4.966701e-04       2.229725e-02       8.157758e-06      273.437      273.435
    1570.669      1020.687      0.78378      205.745      4.966701e-04       2.229725e-02       8.157758e-06      273.437      273.435
    1570.669      1020.687      0.78378      205.745      4.966701e-04       2.229725e-02       8.157758e-06      273.437      273.435
    1570.669      1020.687      0.78378      205.745      4.966701e-04       2.229725e-02       8.157758e-06      273.437      273.435
    1570.669      1020.687      0.78378      205.745      4.966701e-04       2.229725e-02       8.157758e-06      273.437      273.435
    1570.669      1020.687      0.78378      205.745      4.966701e-04       2.229725e-02       8.157758e-06      273.437      273.435
    1570.669      1020.687      0.78378      205.745      4.966701e-04       2.229725e-02       8.157758e-06      273.437      273.435
    1570.669      1020.687      0.78378      205.745      4.966701e-04       2.229725e-02       8.157758e-06      273.437      273.435
    1570.669      1020.687      0.78378      205.745      4.966701e-04       2.229725e-02       8.157758e-06      273.437      273.435
    1570.669      1020.687      0.78378      205.745      4.966701e-04       2.229725e-02       8.157758e-06      273.437      273.435
    1570.669      1020.687      0.78378      205.745      4.966701e-04       2.229725e-02       8.157758e-06      273.437      273.435
    1570.669      1020.687      0.78378      205.745      4.966701e-04       2.229725e-02       8.157758e-06      273.437      273.435
    1570.669      1020.687      0.78378      205.745      4.966701e-04       2.229725e-02       8.157758e-06      273.437      273.435
    1570.669      1020.687      0.78378      205.745      4.966701e-04       2.229725e-02       8.157758e-06      273.437      273.435
    1570.669      1020.687      0.78378      205.745      4.966701e-04       2.229725e-02       8.157758e-06      273.437      273.435
    1570.669      1020.687      0.78378      205.745      4.966701e-04       2.229725e-02       8.157758e-06      273.437      273.435
    1570.669      1020.687      0.78378      205.745      4.966701e-04       2.229725e-02       8.157758e-06      273.437      273.435
    1570.669      1020.687      0.78378      205.745      4.966701e-04       2.229725e-02       8.157758e-06      273.437      273.435
    1570.669      1020.687      0.78378      205.745      4.966701e-04       2.229725e-02       8.157758e-06      273.437      273.435
    1570.669      1020.687      0.78378      205.745      4.966701e-04       2.229725e-02       8.157758e-06      273.437      273.435
    1570.669      1020.687      0.78378      205.745      4.966701e-04       2.229725e-02       8.157758e-06      273.437      273.435
    1570.669      1020.687      0.78378      205.745      4.966701e-04       2.229725e-02       8.157758e-06      273.437      273.435
    1570.669      1020.687      0.78378      205.745      4.966701e-04       2.229725e-02       8.157758e-06      273.437      273.435
    1570.669      1020.687      0.78378      205.745      4.966701e-04       2.229725e-02       8.157758e-06      273.437      273.435
    1570.669      1020.687      0.78378      205.745      4.966701e-04       2.229725e-02       8.157758e-06      273.437      273.435
    1570.669      1020.687      0.78378      205.745      4.966701e-04       2.229725e-02       8.157758e-06      273.437      273.435
    1570.669      1020.687      0.78378      205.745      4.966701e-04       2.229725e-02       8.157758e-06      273.437      273.435
    1570.669      1020.687      0.78378      205.745      4.966701e-04       2.229725e-02       8.157758e-06      273.437      273.435
    1570.669      1020.687      0.78378      205.745      4.966701e-04       2.229725e-02       8.157758e-06      273.437      273.435
    1570.669      1020.687      0.78378      205.745      4.966701e-04       2.229725e-02       8.157758e-06      273.437      273.435
    1570.669      1020.687      0.78378      205.745      4.966701e-04       2.229725e-02       8.157758e-06      273.437      273.435
    1570.669      1020.687      0.78378      205.745      4.966701e-04       2.229725e-02       8.157758e-06      273.437      273.435
    1570.669      1020.687      0.78378      205.745      4.966701e-04       2.229725e-02       8.157758e-06      273.437      273.435
    1570.669      1020.687      0.78378      205.745      4.966701e-04       2.229725e-02       8.157758e-06      273.437      273.435
    1570.669      1020.687      0.78378      205.745      4.966701e-04       2.229725e-02       8.157758e-06      273.437      273.435
    1570.669      1020.687      0.78378      205.745      4.966701e-04       2.229725e-02       8.157758e-06      273.437      273.435
    1570.669      1020.687      0.78378      205.745      4.966701e-04       2.229725e-02       8.157758e-06      273.437      273.435
    1570.669      1020.687      0.78378      205.745      4.966701e-04       2.229725e-02       8.157758e-06      273.437      273.435
    1570.669      1020.687      0.78378      205.745      4.966701e-04       2.229725e-02       8.157758e-06      273.437      273.435
    1570.669      1020.687      0.78378      205.745      4.966701e-04       2.229725e-02       8.157758e-06      273.437      273.435
    1570.669      1020.687      0.78378      205.745      4.966701e-04       2.229725e-02       8.157758e-06      273.437      273.435
    1570.669      1020.687      0.78378      205.745      4.966701e-04       2.229725e-02       8.157758e-06      273.437      273.435
